data/ReDellaPietra/1/DemReDellaPietra_1.asc
ncols        55
nrows        26
xllcorner    1710577.231035974808
yllcorner    4862585.499997036532
cellsize     30.000000000000
NODATA_value  -9999
 -9999.0 -9999 -9999 -9999 -9999 -9999 -9999 -9999 -9999 -9999 -9999 -9999 -9999 -9999 -9999 1130 1130 1130 1130 1135.927978515625 1140 1140 1148.22705078125 -9999 -9999 -9999 -9999 -9999 -9999 -9999 -9999 -9999 -9999 -9999 -9999 -9999 -9999 -9999 -9999 -9999 -9999 -9999 -9999 -9999 -9999 -9999 -9999 -9999 -9999 -9999 -9999 -9999 -9999 -9999 -9999
 -9999 -9999 -9999 -9999 -9999 -9999 -9999 -9999 -9999 -9999 -9999 -9999 -9999 1126.1910400390625 1120.9229736328125 1116.3170166015625 1114.0269775390625 1114.9620361328125 1115.93505859375 1118.157958984375 1122.572998046875 1129.06103515625 1134.0660400390625 1140 1140 -9999 -9999 -9999 -9999 -9999 -9999 -9999 -9999 -9999 -9999 -9999 -9999 -9999 -9999 -9999 -9999 -9999 -9999 -9999 -9999 -9999 -9999 -9999 -9999 -9999 -9999 -9999 -9999 -9999 -9999
 -9999 -9999 -9999 -9999 -9999 -9999 -9999 -9999 -9999 -9999 -9999 -9999 1113.18701171875 1109.1629638671875 1105.0269775390625 1102.0699462890625 1098.7669677734375 1097.156005859375 1096.2259521484375 1096.3609619140625 1098.8389892578125 1103.5450439453125 1110.969970703125 1121.2039794921875 1130.0799560546875 1130.821044921875 1130 -9999 -9999 -9999 -9999 -9999 -9999 -9999 -9999 -9999 -9999 -9999 -9999 -9999 -9999 -9999 -9999 -9999 -9999 -9999 -9999 -9999 -9999 -9999 -9999 -9999 -9999 -9999 -9999
 -9999 -9999 -9999 -9999 -9999 -9999 -9999 -9999 -9999 -9999 -9999 1103.7349853515625 1096.987060546875 1092.5159912109375 1089.2080078125 1086.81298828125 1083.821044921875 1083.6309814453125 1082.802978515625 1082.2080078125 1083.0030517578125 1085.9859619140625 1092.1180419921875 1100.865966796875 1112.4759521484375 1120.886962890625 1122.093994140625 1121.218994140625 1122.18994140625 1131.072998046875 1138.8709716796875 1146.3719482421875 -9999 -9999 -9999 -9999 -9999 -9999 -9999 -9999 -9999 -9999 -9999 -9999 -9999 -9999 -9999 -9999 -9999 -9999 -9999 -9999 -9999 -9999 -9999
 -9999 -9999 -9999 -9999 -9999 -9999 -9999 -9999 -9999 1106.1689453125 1100.1810302734375 1091.405029296875 1083.739990234375 1075.6090087890625 1071.1590576171875 1069.5770263671875 1068.375 1070.1929931640625 1069.426025390625 1067.741943359375 1066.321044921875 1069.2039794921875 1076.26904296875 1085.885009765625 1095.6800537109375 1102.0849609375 1106.196044921875 1107.89794921875 1111.85400390625 1118.634033203125 1127.1590576171875 1135.5 1140 -9999 -9999 -9999 -9999 -9999 -9999 -9999 -9999 -9999 -9999 -9999 -9999 -9999 -9999 -9999 -9999 -9999 -9999 -9999 -9999 -9999 -9999
 -9999 -9999 -9999 -9999 -9999 -9999 -9999 -9999 1105.9189453125 1100.31396484375 1090.720947265625 1080.9549560546875 1071.81494140625 1059.2860107421875 1053.1009521484375 1052.0369873046875 1052.3060302734375 1056.52099609375 1056.113037109375 1052.5159912109375 1049.4599609375 1052.5880126953125 1060.5040283203125 1072.2779541015625 1083.5140380859375 1089.6209716796875 1094.970947265625 1098.1109619140625 1101.343017578125 1107.97705078125 1115.2569580078125 1123.2249755859375 1129.60302734375 1134.5670166015625 1139.06396484375 1142.155029296875 1150.072998046875 -9999 -9999 -9999 -9999 -9999 -9999 -9999 -9999 -9999 1236.675048828125 -9999 -9999 -9999 -9999 -9999 -9999 -9999 -9999
 -9999 -9999 -9999 -9999 -9999 -9999 -9999 1095.9840087890625 1093.8990478515625 1088.365966796875 1079.1080322265625 1067.802978515625 1060.7879638671875 1049.3740234375 1037.467041015625 1035.7650146484375 1036.7779541015625 1041.489990234375 1042.31005859375 1040.1600341796875 1040.3089599609375 1043.0009765625 1047.987060546875 1062.592041015625 1072.9639892578125 1077.9310302734375 1082.2979736328125 1085.759033203125 1089.68896484375 1094.72802734375 1099.7039794921875 1108.3260498046875 1116.345947265625 1122.738037109375 1129.3590087890625 1134.9730224609375 1142.60205078125 1148.083984375 1156.10205078125 1164.6429443359375 1173.7490234375 1182.97802734375 1192.675048828125 1202.321044921875 1211.4949951171875 1222.0799560546875 1230.18994140625 1240.93798828125 1244.02099609375 -9999 -9999 -9999 -9999 -9999 -9999
 -9999 -9999 -9999 -9999 -9999 1086.7359619140625 1081.0419921875 1077.2449951171875 1072.10400390625 1069.5050048828125 1067.6070556640625 1059.5760498046875 1050.6669921875 1036.2359619140625 1023.45001220703125 1019.58099365234375 1020.72802734375 1023.97900390625 1026.1939697265625 1025.115966796875 1027.406982421875 1032.491943359375 1041.488037109375 1055.0460205078125 1061.927978515625 1065.7669677734375 1069.7149658203125 1073.6429443359375 1078.573974609375 1083.93505859375 1088.9990234375 1093.990966796875 1098.4189453125 1104.7120361328125 1113.6090087890625 1123.3370361328125 1133.3470458984375 1141.8929443359375 1150.6820068359375 1160.238037109375 1169.875 1179.5770263671875 1189.5789794921875 1199.6689453125 1206.261962890625 1215.35302734375 1224.656982421875 1232.0469970703125 1236.8909912109375 1238.281005859375 1240 -9999 -9999 -9999 -9999
 -9999 -9999 -9999 1080.9620361328125 1070.0810546875 1063.0770263671875 1059.425048828125 1058.0860595703125 1055.9129638671875 1054.0830078125 1053.779052734375 1049.718994140625 1033.3580322265625 1017.89697265625 1002.9310302734375 1002.43701171875 1004.5570068359375 1006.3809814453125 1009.54901123046875 1010.93701171875 1015.13800048828125 1021.28997802734375 1033.3919677734375 1043.656005859375 1050.156982421875 1053.135986328125 1057.260009765625 1062.0040283203125 1067.81396484375 1073.2049560546875 1078.5369873046875 1083.5660400390625 1087.8709716796875 1092.4940185546875 1098.5169677734375 1109.635986328125 1122.114013671875 1132.0489501953125 1144.5260009765625 1155.7120361328125 1165.010009765625 1174.5389404296875 1183.97705078125 1193.0059814453125 1201.5369873046875 1207.738037109375 1217.3790283203125 1224.427001953125 1229.77001953125 1232.4730224609375 1238.2550048828125 -9999 -9999 -9999 -9999
 -9999 1102.7239990234375 1087.508056640625 1072.7010498046875 1057.0360107421875 1050.9139404296875 1046.741943359375 1039.9990234375 1035.9990234375 1033.39599609375 1033.135009765625 1031.29296875 1017.71002197265625 998.38720703125 992.3427734375 989.39691162109375 991.343505859375 993.073974609375 996.64630126953125 999.20001220703125 1003.30999755859375 1010.79901123046875 1019.676025390625 1027.2449951171875 1032.2760009765625 1036.6280517578125 1045.449951171875 1051.197021484375 1057.072021484375 1062.64404296875 1068.2330322265625 1073.1619873046875 1077.6910400390625 1084.071044921875 1091.7860107421875 1099.68603515625 1112.0030517578125 1121.7889404296875 1135.3260498046875 1149.72705078125 1158.9300537109375 1167.8270263671875 1176.73095703125 1185.699951171875 1193.990966796875 1201.4229736328125 1206.9859619140625 1211.8079833984375 1220.72705078125 1222.541015625 1228.0999755859375 1235.7139892578125 -9999 -9999 -9999
 -9999 1098.4029541015625 1087.8900146484375 1071.7669677734375 1054.280029296875 1040.5909423828125 1031.4639892578125 1020.68402099609375 1014.15802001953125 1010.5689697265625 1010.72698974609375 1016.00299072265625 1007.5479736328125 993.1759033203125 982.96209716796875 976.99822998046875 976.9622802734375 978.43658447265625 986.62542724609375 992.1220703125 994.47808837890625 998.26812744140625 1003.9000244140625 1010.42901611328125 1014.0419921875 1020.0670166015625 1031.8909912109375 1040.8089599609375 1046.1739501953125 1052.385009765625 1057.9990234375 1063.6090087890625 1070.3909912109375 1078.7509765625 1086.822998046875 1095.2080078125 1104.6939697265625 1115.387939453125 1126.06103515625 1140.9310302734375 1151.5880126953125 1160.35498046875 1169.178955078125 1177.5880126953125 1184.85400390625 1191.780029296875 1198.737060546875 1203.4339599609375 1208.0579833984375 1213.3199462890625 1218.4630126953125 1226.22998046875 1230 -9999 -9999
 1097.9840087890625 1096.2860107421875 1079.0360107421875 1061.1839599609375 1049.948974609375 1033.862060546875 1019.989990234375 1004.74298095703125 995.193115234375 992.6007080078125 992.072021484375 1000.47802734375 999.92431640625 984.31768798828125 972.16131591796875 963.9439697265625 962.0316162109375 962.40118408203125 973.7977294921875 979.6331787109375 986.07769775390625 991.885986328125 994.2598876953125 995.49072265625 998.59539794921875 1008.62200927734375 1018.04901123046875 1027.5970458984375 1034.114013671875 1040.64599609375 1048.9300537109375 1058.5479736328125 1067.4439697265625 1076.739013671875 1085.6209716796875 1094.0830078125 1103.4539794921875 1114.3819580078125 1124.8089599609375 1135.177978515625 1144.27099609375 1152.81005859375 1161.322021484375 1168.248046875 1175.22900390625 1182.4610595703125 1189.197021484375 1196.4150390625 1201.697998046875 1206.7509765625 1211.572021484375 1217.2060546875 1223.4949951171875 -9999 -9999
 -9999 1083.114013671875 1068.697998046875 1054.8699951171875 1041.0050048828125 1023.8070068359375 1009.13299560546875 994.79339599609375 981.95947265625 977.4752197265625 976.44207763671875 982.6217041015625 984.3779296875 973.96728515625 960.7755126953125 948.468505859375 948.2457275390625 950 961.27447509765625 968.4312744140625 977.00592041015625 979.2880859375 979.04248046875 988.79351806640625 1004.30401611328125 1016.81097412109375 1028.154052734375 1039.2640380859375 1049.989013671875 1054.4580078125 1057.762939453125 1065.6929931640625 1071.9439697265625 1080.968994140625 1087.7569580078125 1094.7869873046875 1103.98095703125 1116.053955078125 1128.0389404296875 1135.0150146484375 1140.02099609375 1147.883056640625 1152.5400390625 1160.758056640625 1168.5689697265625 1176.8079833984375 1184.448974609375 1191.073974609375 1196.7430419921875 1201.5970458984375 1206.4720458984375 1211.27197265625 1218.4610595703125 1225.4520263671875 -9999
 -9999 1071.4830322265625 1059.218017578125 1046.885009765625 1029.583984375 1012.0770263671875 994.29412841796875 979.81817626953125 965.3402099609375 959.69097900390625 958.774169921875 962.80902099609375 966.7103271484375 958.47369384765625 949.92132568359375 940.23541259765625 939.69110107421875 944.24847412109375 949.81610107421875 956.50921630859375 964.01593017578125 972.2249755859375 982.02667236328125 1002.2860107421875 1012.89202880859375 1024.7969970703125 1037.696044921875 1051.5810546875 1058.2230224609375 1064.094970703125 1069.7550048828125 1079.72705078125 1085.053955078125 1087.530029296875 1092.8389892578125 1098.9720458984375 1110.2869873046875 1122.2760009765625 1133.072998046875 1140.3699951171875 1144.68505859375 1147.35400390625 1154.9129638671875 1163.2469482421875 1170.02197265625 1176.4090576171875 1182.614990234375 1188.3570556640625 1194.0439453125 1198.6639404296875 1202.5570068359375 1207.708984375 1214.583984375 1224.762939453125 -9999
 -9999 -9999 1053.8819580078125 1041.208984375 1022.426025390625 1002.29998779296875 984.58489990234375 966.08050537109375 951.87371826171875 939.46282958984375 940.19842529296875 942.48028564453125 952.89910888671875 943.04449462890625 935.94488525390625 929.8538818359375 929.89447021484375 937.8323974609375 950 953.23297119140625 961.8798828125 972.20428466796875 987.84051513671875 1002.80999755859375 1010.97198486328125 1021.71697998046875 1035.3599853515625 1051.0899658203125 1060.8919677734375 1070.8050537109375 1080.2960205078125 1090.823974609375 1096.0460205078125 1096.68798828125 1100.345947265625 1108.761962890625 1119.0279541015625 1130.427978515625 1141.488037109375 1147.7950439453125 1151.7010498046875 1157.7459716796875 1164.906982421875 1172.3709716796875 1178.4320068359375 1181.949951171875 1186.6739501953125 1189.7989501953125 1194.77001953125 1198.282958984375 1202.1519775390625 1206.8179931640625 1212.39599609375 1224.6390380859375 1233.6090087890625
 -9999 -9999 -9999 1037.626953125 1020.7969970703125 1001.6240234375 980.7454833984375 957.5352783203125 943.597412109375 931.5177001953125 924.64501953125 924.3408203125 931.3712158203125 925.1693115234375 917.79510498046875 918.852294921875 925.39910888671875 937.09381103515625 947.19451904296875 951.8270263671875 956.86492919921875 965.98138427734375 977.80511474609375 986.5675048828125 995.409912109375 1008.9520263671875 1026.5989990234375 1045.3919677734375 1058.7149658203125 1071.925048828125 1086.968994140625 1101.2249755859375 1105.06298828125 1110 1114.0040283203125 1120.1490478515625 1127.958984375 1138.3790283203125 1150.14404296875 1157.9820556640625 1163.8050537109375 1169.218017578125 1175.748046875 1182.717041015625 1188.7969970703125 1194.3360595703125 1198.427001953125 1201.39697265625 1202.1829833984375 1204.06298828125 1204.376953125 1209.0849609375 1214.416015625 1224.635986328125 1235.2679443359375
 -9999 -9999 -9999 -9999 1024.2900390625 1006.8759765625 985.576171875 963.25811767578125 945.4730224609375 932.78778076171875 915.4130859375 908.51318359375 908.3511962890625 905.9058837890625 899.70111083984375 907.960205078125 918.54119873046875 928.146484375 936.55438232421875 942.14447021484375 948.20892333984375 951.6915283203125 964.74481201171875 976.909423828125 988.93817138671875 1000.677001953125 1020.66302490234375 1040.4990234375 1057.31396484375 1072.0419921875 1086.572998046875 1100.43798828125 -9999 -9999 -9999 -9999 1135.552978515625 1144.6400146484375 1153.7159423828125 1162.6419677734375 1171.7030029296875 1180.1090087890625 1186.7469482421875 1193.875 1199.2659912109375 1204.155029296875 1209.762939453125 1213.5579833984375 1214.93701171875 1216.467041015625 1217.866943359375 1218.97802734375 1222.0350341796875 1227.4659423828125 1236.9659423828125
 -9999 -9999 -9999 -9999 -9999 1010.73699951171875 995.97222900390625 974.79107666015625 957.0123291015625 938.77459716796875 916.93572998046875 897.0333251953125 895.52142333984375 892.89178466796875 897.27838134765625 906.99267578125 919.31842041015625 928.09332275390625 932.965576171875 938.0482177734375 943.78070068359375 948.99981689453125 961.25018310546875 975.8331298828125 987.9248046875 998.771484375 1018.32098388671875 1038.3690185546875 1055.08203125 1067.8389892578125 1080.0970458984375 -9999 -9999 -9999 -9999 -9999 -9999 -9999 -9999 -9999 1175.1500244140625 1185.0269775390625 1195.072998046875 1203.7120361328125 1210.1629638671875 1215.2969970703125 1220.592041015625 1225.2330322265625 1227.4560546875 1228.5040283203125 1231.31201171875 1232.2559814453125 1233.9940185546875 1237.26904296875 1244.1689453125
 -9999 -9999 -9999 -9999 -9999 -9999 994.771728515625 975.82080078125 957.80352783203125 936.66888427734375 914.48919677734375 897.3331298828125 885.80267333984375 886.22509765625 896.3353271484375 913.052001953125 924.32940673828125 933.94512939453125 940.13372802734375 946.722412109375 953.711669921875 959.15478515625 964.9793701171875 980.98272705078125 991.027099609375 1001.9990234375 1020.780029296875 1037.239013671875 1050.76904296875 1061.218017578125 -9999 -9999 -9999 -9999 -9999 -9999 -9999 -9999 -9999 -9999 -9999 -9999 -9999 1209.1500244140625 1218.4720458984375 1225.509033203125 1230.780029296875 1235.612060546875 1239.0980224609375 1240.677978515625 1242.572998046875 1243.5799560546875 1246.948974609375 1250.6180419921875 1253.76904296875
 -9999 -9999 -9999 -9999 -9999 -9999 -9999 964.9215087890625 949.04022216796875 926.62030029296875 902.5501708984375 888.8897705078125 874.95220947265625 885.21392822265625 895.9041748046875 910.84259033203125 928.277587890625 943.261474609375 954.1890869140625 964.4315185546875 972.208984375 980.0723876953125 982.43408203125 986.2041015625 994.26727294921875 1006.7919921875 1020.91802978515625 1033.2239990234375 1044.1910400390625 -9999 -9999 -9999 -9999 -9999 -9999 -9999 -9999 -9999 -9999 -9999 -9999 -9999 -9999 -9999 -9999 1231.376953125 1238.1820068359375 1244.218017578125 1250.237060546875 1252.241943359375 1256.1429443359375 1258.6429443359375 1259.6829833984375 1262.1190185546875 1265.5689697265625
 -9999 -9999 -9999 -9999 -9999 -9999 -9999 950.9312744140625 934.26971435546875 913.798583984375 893.38421630859375 880.64959716796875 874.11541748046875 885.16278076171875 895.653076171875 911.542724609375 929.91290283203125 948.48602294921875 963.30029296875 977.68572998046875 983.31549072265625 987.47198486328125 990.45330810546875 995.3499755859375 1000.8900146484375 1011.166015625 1020.7239990234375 -9999 -9999 -9999 -9999 -9999 -9999 -9999 -9999 -9999 -9999 -9999 -9999 -9999 -9999 -9999 -9999 -9999 -9999 -9999 -9999 -9999 1252.9639892578125 -9999 1263.291015625 1268.5799560546875 1271.77294921875 1276.2550048828125 -9999
 -9999 -9999 -9999 -9999 -9999 -9999 -9999 -9999 918.85528564453125 899.600830078125 884.69171142578125 872.1068115234375 869.96441650390625 883.36737060546875 895.57171630859375 911.8720703125 929.42230224609375 947.00982666015625 962.0369873046875 -9999 -9999 -9999 -9999 -9999 -9999 -9999 -9999 -9999 -9999 -9999 -9999 -9999 -9999 -9999 -9999 -9999 -9999 -9999 -9999 -9999 -9999 -9999 -9999 -9999 -9999 -9999 -9999 -9999 -9999 -9999 -9999 -9999 -9999 -9999 -9999
 -9999 -9999 -9999 -9999 -9999 -9999 -9999 -9999 -9999 890.044921875 875.82177734375 865.43988037109375 865.98199462890625 880.50909423828125 894.70318603515625 911.71258544921875 927.1666259765625 -9999 -9999 -9999 -9999 -9999 -9999 -9999 -9999 -9999 -9999 -9999 -9999 -9999 -9999 -9999 -9999 -9999 -9999 -9999 -9999 -9999 -9999 -9999 -9999 -9999 -9999 -9999 -9999 -9999 -9999 -9999 -9999 -9999 -9999 -9999 -9999 -9999 -9999
 -9999 -9999 -9999 -9999 -9999 -9999 -9999 -9999 -9999 -9999 867.84381103515625 859.20587158203125 859.75439453125 876.84661865234375 892.39837646484375 -9999 -9999 -9999 -9999 -9999 -9999 -9999 -9999 -9999 -9999 -9999 -9999 -9999 -9999 -9999 -9999 -9999 -9999 -9999 -9999 -9999 -9999 -9999 -9999 -9999 -9999 -9999 -9999 -9999 -9999 -9999 -9999 -9999 -9999 -9999 -9999 -9999 -9999 -9999 -9999
 -9999 -9999 -9999 -9999 -9999 -9999 -9999 -9999 -9999 -9999 -9999 848.89031982421875 856.51470947265625 872.0045166015625 -9999 -9999 -9999 -9999 -9999 -9999 -9999 -9999 -9999 -9999 -9999 -9999 -9999 -9999 -9999 -9999 -9999 -9999 -9999 -9999 -9999 -9999 -9999 -9999 -9999 -9999 -9999 -9999 -9999 -9999 -9999 -9999 -9999 -9999 -9999 -9999 -9999 -9999 -9999 -9999 -9999
 -9999 -9999 -9999 -9999 -9999 -9999 -9999 -9999 -9999 -9999 -9999 840.57391357421875 -9999 -9999 -9999 -9999 -9999 -9999 -9999 -9999 -9999 -9999 -9999 -9999 -9999 -9999 -9999 -9999 -9999 -9999 -9999 -9999 -9999 -9999 -9999 -9999 -9999 -9999 -9999 -9999 -9999 -9999 -9999 -9999 -9999 -9999 -9999 -9999 -9999 -9999 -9999 -9999 -9999 -9999 -9999
