data/ReDellaPietra/1/ReDellaPietra_skyview_1.asc
ncols        166
nrows        77
xllcorner    1710577.231035974808
yllcorner    4862595.499997036532
cellsize     10.000000000000
NODATA_value  -9999
[rows 18 to 35 of 77, columns 40 to 79 of 166]
0.83893787860870361328 0.86237847805023193359 0.86258274316787719727 0.87348282337188720703 0.87842363119125366211 0.8832537531852722168 0.88583141565322875977 0.88666766881942749023 0.87830114364624023438 0.88784682750701904297 0.88846892118453979492 0.88864398002624511719 0.89524662494659423828 0.9020569920539855957 0.89300704002380371094 0.89832365512847900391 0.89680993556976318359 0.89215892553329467773 0.88983619213104248047 0.88465988636016845703 0.88464379310607910156 0.88667315244674682617 0.88658964633941650391 0.88209754228591918945 0.87877607345581054688 0.8729763031005859375 0.86892139911651611328 0.85674935579299926758 0.85341817140579223633 0.85889714956283569336 0.87041902542114257812 0.88505542278289794922 0.90085893869400024414 0.91101908683776855469 0.91336005926132202148 0.91342866420745849609 0.91014039516448974609 0.91596049070358276367 0.91514831781387329102 0.91724383831024169922
0.85657972097396850586 0.84972661733627319336 0.85780441761016845703 0.86649221181869506836 0.87525427341461181641 0.87848609685897827148 0.88130098581314086914 0.88291162252426147461 0.87162613868713378906 0.88165748119354248047 0.88058513402938842773 0.88298994302749633789 0.88725137710571289062 0.89229607582092285156 0.88721734285354614258 0.89474380016326904297 0.89447540044784545898 0.89185518026351928711 0.88961523771286010742 0.88493335247039794922 0.88610064983367919922 0.88703674077987670898 0.88550007343292236328 0.88634979724884033203 0.88334685564041137695 0.87876009941101074219 0.87317478656768798828 0.86761319637298583984 0.84388554096221923828 0.85738426446914672852 0.87409108877182006836 0.88528627157211303711 0.90498518943786621094 0.91132760047912597656 0.91253989934921264648 0.91176605224609375 0.90730309486389160156 0.9144204258918762207 0.91472971439361572266 0.9144147038459777832
0.84413915872573852539 0.84580522775650024414 0.86683386564254760742 0.86807984113693237305 0.87620407342910766602 0.87949711084365844727 0.88248932361602783203 0.88446199893951416016 0.87743276357650756836 0.88608098030090332031 0.88439083099365234375 0.8817355036735534668 0.88602632284164428711 0.89042645692825317383 0.88632494211196899414 0.89525830745697021484 0.89293092489242553711 0.88977611064910888672 0.8883768916130065918 0.88108175992965698242 0.88741344213485717773 0.88850575685501098633 0.88722175359725952148 0.88657414913177490234 0.8850911259651184082 0.88221377134323120117 0.87877672910690307617 0.87516123056411743164 0.86209952831268310547 0.8630084991455078125 0.8798281550407409668 0.89263230562210083008 0.9109649658203125 0.91428834199905395508 0.91529566049575805664 0.91526776552200317383 0.90914499759674072266 0.91457259654998779297 0.91453951597213745117 0.91636717319488525391
0.83305746316909790039 0.84770405292510986328 0.85334163904190063477 0.86229920387268066406 0.86970859766006469727 0.87683284282684326172 0.88096410036087036133 0.88159286975860595703 0.87415009737014770508 0.8846047520637512207 0.88575303554534912109 0.8811371922492980957 0.88256967067718505859 0.88781887292861938477 0.88281542062759399414 0.89297342300415039062 0.89094388484954833984 0.88767927885055541992 0.88956695795059204102 0.87895524501800537109 0.888214111328125 0.88761818408966064453 0.8865616917610168457 0.88587206602096557617 0.88580954074859619141 0.88252699375152587891 0.88304942846298217773 0.88368719816207885742 0.87916100025177001953 0.87175416946411132812 0.88367569446563720703 0.90017855167388916016 0.91358977556228637695 0.91599023342132568359 0.91583764553070068359 0.9139296412467956543 0.90878069400787353516 0.91586041450500488281 0.91226655244827270508 0.91593062877655029297
0.83429729938507080078 0.84956145286560058594 0.84746289253234863281 0.86614549160003662109 0.86866044998168945312 0.87135201692581176758 0.87571090459823608398 0.87694954872131347656 0.87086242437362670898 0.87800586223602294922 0.87776190042495727539 0.87837463617324829102 0.87800109386444091797 0.88125771284103393555 0.87595880031585693359 0.88810515403747558594 0.88754069805145263672 0.88490068912506103516 0.88516342639923095703 0.87539148330688476562 0.88681060075759887695 0.88656574487686157227 0.88534253835678100586 0.88506340980529785156 0.88458371162414550781 0.87604737281799316406 0.88223063945770263672 0.87738150358200073242 0.87640154361724853516 0.88554722070693969727 0.89631682634353637695 0.89797598123550415039 0.91036045551300048828 0.91277259588241577148 0.91295701265335083008 0.90827196836471557617 0.90450978279113769531 0.9112822413444519043 0.90760761499404907227 0.91185438632965087891
0.82961618900299072266 0.83260041475296020508 0.83324563503265380859 0.85014528036117553711 0.84779244661331176758 0.86730706691741943359 0.87264192104339599609 0.87715774774551391602 0.87026971578598022461 0.87858593463897705078 0.87692201137542724609 0.87618678808212280273 0.88048917055130004883 0.882221221923828125 0.87971144914627075195 0.88972771167755126953 0.88920789957046508789 0.88826167583465576172 0.88489383459091186523 0.88018500804901123047 0.88636177778244018555 0.88637065887451171875 0.88559663295745849609 0.88469511270523071289 0.88361299037933349609 0.87378954887390136719 0.8775513768196105957 0.87330853939056396484 0.88247060775756835938 0.89557909965515136719 0.90260648727416992188 0.90503448247909545898 0.91131299734115600586 0.91417956352233886719 0.91462498903274536133 0.90994971990585327148 0.90644860267639160156 0.91352552175521850586 0.90983784198760986328 0.91314673423767089844
0.82774907350540161133 0.82949972152709960938 0.82256352901458740234 0.81130540370941162109 0.84516847133636474609 0.85631692409515380859 0.86983948945999145508 0.87548142671585083008 0.87213003635406494141 0.88007515668869018555 0.87981665134429931641 0.88075125217437744141 0.88103318214416503906 0.8830941319465637207 0.87937647104263305664 0.88926988840103149414 0.88936555385589599609 0.88897240161895751953 0.88715189695358276367 0.88366204500198364258 0.88745713233947753906 0.88837397098541259766 0.88733041286468505859 0.88637185096740722656 0.88352793455123901367 0.87654292583465576172 0.87668579816818237305 0.87483114004135131836 0.89036428928375244141 0.89333605766296386719 0.89632964134216308594 0.90801781415939331055 0.91201436519622802734 0.91606158018112182617 0.91636765003204345703 0.91216140985488891602 0.90798181295394897461 0.9141260981559753418 0.91090244054794311523 0.91414964199066162109
0.8221435546875 0.82709723711013793945 0.82019507884979248047 0.81104564666748046875 0.81115609407424926758 0.84027820825576782227 0.8642355799674987793 0.87237632274627685547 0.87019354104995727539 0.87776380777359008789 0.87998813390731811523 0.87947010993957519531 0.87582874298095703125 0.87768000364303588867 0.87539088726043701172 0.88773024082183837891 0.8866558074951171875 0.88692492246627807617 0.88704258203506469727 0.88464194536209106445 0.88754332065582275391 0.88734954595565795898 0.88625049591064453125 0.88610970973968505859 0.88214594125747680664 0.879741668701171875 0.87239104509353637695 0.87059390544891357422 0.88649004697799682617 0.88644105195999145508 0.88294994831085205078 0.8907553553581237793 0.90094482898712158203 0.90787816047668457031 0.9103386998176574707 0.90689247846603393555 0.90366458892822265625 0.91139179468154907227 0.90922963619232177734 0.9123045802116394043
0.81388896703720092773 0.82092404365539550781 0.82089215517044067383 0.82976365089416503906 0.84047460556030273438 0.85552370548248291016 0.86352169513702392578 0.87127673625946044922 0.86944288015365600586 0.87492066621780395508 0.87663686275482177734 0.87433695793151855469 0.86756438016891479492 0.87432301044464111328 0.87102627754211425781 0.88289874792098999023 0.88192504644393920898 0.88344430923461914062 0.88465070724487304688 0.88098943233489990234 0.88599467277526855469 0.88667905330657958984 0.88619071245193481445 0.88492757081985473633 0.8785883784294128418 0.87750959396362304688 0.87949866056442260742 0.87443488836288452148 0.88232183456420898438 0.87969577312469482422 0.87039512395858764648 0.87243753671646118164 0.87414509057998657227 0.88206094503402709961 0.88475561141967773438 0.88496893644332885742 0.88711631298065185547 0.9010950922966003418 0.90299314260482788086 0.90753120183944702148
0.80352169275283813477 0.81946295499801635742 0.84151130914688110352 0.8479773402214050293 0.85221189260482788086 0.86127007007598876953 0.87093168497085571289 0.8745257258415222168 0.87515127658843994141 0.8812777400016784668 0.88122552633285522461 0.8811524510383605957 0.88161355257034301758 0.88313764333724975586 0.87922632694244384766 0.885589599609375 0.88588917255401611328 0.88618165254592895508 0.88505446910858154297 0.88279610872268676758 0.88775151968002319336 0.88457775115966796875 0.88808810710906982422 0.88421809673309326172 0.88149356842041015625 0.88172161579132080078 0.88619208335876464844 0.87997978925704956055 0.88436436653137207031 0.88435405492782592773 0.87676131725311279297 0.87572783231735229492 0.87673485279083251953 0.88366228342056274414 0.87916582822799682617 0.87082237005233764648 0.86949044466018676758 0.885349273681640625 0.8918202519416809082 0.90918999910354614258
0.80991595983505249023 0.84132647514343261719 0.84842288494110107422 0.85455363988876342773 0.85497546195983886719 0.86351829767227172852 0.87029385566711425781 0.8737036585807800293 0.87498676776885986328 0.88026523590087890625 0.88211703300476074219 0.88350051641464233398 0.88334453105926513672 0.88361275196075439453 0.88334524631500244141 0.88727402687072753906 0.88835382461547851562 0.88871425390243530273 0.88878905773162841797 0.88173413276672363281 0.88630139827728271484 0.8840968012809753418 0.88589870929718017578 0.87041163444519042969 0.86782693862915039062 0.8722870945930480957 0.87735313177108764648 0.87274396419525146484 0.8784694671630859375 0.87734425067901611328 0.87282359600067138672 0.87207090854644775391 0.87442278861999511719 0.8807194828987121582 0.87658762931823730469 0.86714571714401245117 0.86206275224685668945 0.87663221359252929688 0.89416682720184326172 0.90941667556762695312
0.83796763420104980469 0.84356361627578735352 0.85466974973678588867 0.85980552434921264648 0.86130350828170776367 0.86551213264465332031 0.86963129043579101562 0.87510383129119873047 0.8733265995979309082 0.88075631856918334961 0.88210189342498779297 0.88319891691207885742 0.88449388742446899414 0.88558971881866455078 0.88513606786727905273 0.88916325569152832031 0.89096844196319580078 0.89190423488616943359 0.89163762331008911133 0.89041346311569213867 0.88930398225784301758 0.88696461915969848633 0.88814526796340942383 0.88087403774261474609 0.87750351428985595703 0.8768246769905090332 0.88162952661514282227 0.87689059972763061523 0.88251912593841552734 0.88084191083908081055 0.87599068880081176758 0.87317699193954467773 0.8766117095947265625 0.8816344141960144043 0.87752127647399902344 0.86897188425064086914 0.86293959617614746094 0.86324089765548706055 0.88948422670364379883 0.90825402736663818359
0.84896045923233032227 0.85193073749542236328 0.85664767026901245117 0.86158919334411621094 0.86470299959182739258 0.86793625354766845703 0.86943048238754272461 0.87250906229019165039 0.86786240339279174805 0.87647408246994018555 0.87849575281143188477 0.87796133756637573242 0.87086910009384155273 0.87335985898971557617 0.88311815261840820312 0.89053428173065185547 0.89305144548416137695 0.89392107725143432617 0.89346688985824584961 0.89030236005783081055 0.89087712764739990234 0.88999211788177490234 0.88990324735641479492 0.88158053159713745117 0.8702227473258972168 0.87216395139694213867 0.87870937585830688477 0.87044185400009155273 0.87832242250442504883 0.87657725811004638672 0.87175059318542480469 0.86471414566040039062 0.86939108371734619141 0.87145036458969116211 0.86838227510452270508 0.85973387956619262695 0.85011279582977294922 0.85508847236633300781 0.86495119333267211914 0.88828897476196289062
0.85738092660903930664 0.85968852043151855469 0.85797542333602905273 0.86247086524963378906 0.8661505579948425293 0.86811631917953491211 0.86902612447738647461 0.87234550714492797852 0.86959534883499145508 0.87747281789779663086 0.87560755014419555664 0.87693536281585693359 0.86171376705169677734 0.85589069128036499023 0.8669421076774597168 0.87880522012710571289 0.87857836484909057617 0.89210724830627441406 0.89253628253936767578 0.88924431800842285156 0.89164429903030395508 0.89210689067840576172 0.89236921072006225586 0.88959026336669921875 0.88411080837249755859 0.87501943111419677734 0.8771794438362121582 0.87195962667465209961 0.88049173355102539062 0.87816286087036132812 0.87387108802795410156 0.86725443601608276367 0.87259519100189208984 0.87087768316268920898 0.86680960655212402344 0.85786068439483642578 0.8429839015007019043 0.85254323482513427734 0.8522510528564453125 0.87277531623840332031
0.85873204469680786133 0.86331760883331298828 0.86389154195785522461 0.86270594596862792969 0.86648148298263549805 0.86899417638778686523 0.86922425031661987305 0.87168931961059570312 0.86827272176742553711 0.87630999088287353516 0.87517464160919189453 0.87597572803497314453 0.86434882879257202148 0.83811956644058227539 0.85897183418273925781 0.88138598203659057617 0.88469696044921875 0.89247506856918334961 0.89283132553100585938 0.8923047184944152832 0.89475703239440917969 0.89404851198196411133 0.89340347051620483398 0.89310687780380249023 0.89245742559432983398 0.89044576883316040039 0.89120632410049438477 0.88157171010971069336 0.87862700223922729492 0.87900578975677490234 0.87182253599166870117 0.86699098348617553711 0.86689043045043945312 0.86631095409393310547 0.85433346033096313477 0.84974372386932373047 0.84908252954483032227 0.86914539337158203125 0.87006473541259765625 0.87447977066040039062
0.8607686161994934082 0.86268526315689086914 0.86235707998275756836 0.86075383424758911133 0.86542272567749023438 0.86674982309341430664 0.868801116943359375 0.87066942453384399414 0.86532986164093017578 0.8747412562370300293 0.87336683273315429688 0.87298846244812011719 0.86109042167663574219 0.83972138166427612305 0.84638398885726928711 0.88022607564926147461 0.88378834724426269531 0.89081656932830810547 0.89172631502151489258 0.88688266277313232422 0.89363646507263183594 0.89390951395034790039 0.89526462554931640625 0.89452880620956420898 0.89554917812347412109 0.89358562231063842773 0.89344966411590576172 0.89096891880035400391 0.88869738578796386719 0.88341802358627319336 0.87376666069030761719 0.86657828092575073242 0.86023885011672973633 0.85302537679672241211 0.83520537614822387695 0.82302898168563842773 0.8349698185920715332 0.86033385992050170898 0.87070989608764648438 0.85905164480209350586
0.85520648956298828125 0.85949105024337768555 0.85526281595230102539 0.85719567537307739258 0.85278022289276123047 0.84853327274322509766 0.8647225499153137207 0.86845052242279052734 0.86084455251693725586 0.87041163444519042969 0.86926686763763427734 0.86577123403549194336 0.8523006439208984375 0.83095127344131469727 0.85803949832916259766 0.87725341320037841797 0.8776620030403137207 0.88526749610900878906 0.88513588905334472656 0.87777829170227050781 0.88652789592742919922 0.89105659723281860352 0.89689350128173828125 0.89704012870788574219 0.89725399017333984375 0.89608621597290039062 0.89414548873901367188 0.89304405450820922852 0.88931447267532348633 0.88217473030090332031 0.87607789039611816406 0.8721497654914855957 0.86378842592239379883 0.85419863462448120117 0.83366358280181884766 0.84566086530685424805 0.83561420440673828125 0.83830797672271728516 0.84464246034622192383 0.84726101160049438477
0.85755991935729980469 0.85655307769775390625 0.85247367620468139648 0.85473686456680297852 0.8522580265998840332 0.84889483451843261719 0.85883057117462158203 0.85658311843872070312 0.8621285557746887207 0.87080097198486328125 0.86838394403457641602 0.86325889825820922852 0.83377021551132202148 0.82649046182632446289 0.85601878166198730469 0.88280969858169555664 0.88236379623413085938 0.88969588279724121094 0.88827943801879882812 0.88505852222442626953 0.89307433366775512695 0.89299631118774414062 0.89712923765182495117 0.89755523204803466797 0.89671206474304199219 0.89613115787506103516 0.89600032567977905273 0.89410614967346191406 0.88289266824722290039 0.87600386142730712891 0.86622387170791625977 0.85880035161972045898 0.8495877385139465332 0.85482919216156005859 0.85142534971237182617 0.85644692182540893555 0.85134929418563842773 0.87268137931823730469 0.86026746034622192383 0.84764373302459716797
