data/ReDellaPietra/1/ReDellaPietra_skyview_1.asc
ncols        166
nrows        77
xllcorner    1710577.231035974808
yllcorner    4862595.499997036532
cellsize     10.000000000000
NODATA_value  -9999
[rows 36 to 53 of 77, columns 80 to 119 of 166]
0.83427208662033081055 0.82401907444000244141 0.83014446496963500977 0.82740861177444458008 0.81906092166900634766 0.82237672805786132812 0.84457832574844360352 0.86642426252365112305 0.88323664665222167969 0.88309371471405029297 0.87370467185974121094 0.87245976924896240234 0.86806809902191162109 0.86291146278381347656 0.87870192527770996094 0.88034003973007202148 0.88259494304656982422 0.8747132420539855957 0.8613325953483581543 0.86932343244552612305 0.89336949586868286133 0.90442323684692382812 0.90504723787307739258 0.90546536445617675781 0.90554320812225341797 0.90514767169952392578 0.90710043907165527344 0.90525168180465698242 0.90195626020431518555 0.90470165014266967773 0.90853005647659301758 0.90729850530624389648 0.89967834949493408203 0.90976011753082275391 0.91589325666427612305 0.91938310861587524414 0.91977572441101074219 0.92026019096374511719 0.92130321264266967773 0.92225110530853271484
0.8335208892822265625 0.8192316889762878418 0.81773716211318969727 0.83353751897811889648 0.84979301691055297852 0.87388187646865844727 0.88979136943817138672 0.89908277988433837891 0.89559918642044067383 0.88995569944381713867 0.88145393133163452148 0.87759411334991455078 0.87396854162216186523 0.86532133817672729492 0.87942713499069213867 0.87608522176742553711 0.87115043401718139648 0.87268817424774169922 0.87427610158920288086 0.87962955236434936523 0.90205913782119750977 0.90631914138793945312 0.90598124265670776367 0.90609145164489746094 0.90515351295471191406 0.90319645404815673828 0.90367025136947631836 0.90195858478546142578 0.90026521682739257812 0.89672708511352539062 0.89953386783599853516 0.89925813674926757812 0.90045565366744995117 0.90684354305267333984 0.91452234983444213867 0.92283594608306884766 0.92195582389831542969 0.92209929227828979492 0.9226958155632019043 0.92552435398101806641
0.8521868586540222168 0.8444309234619140625 0.85629838705062866211 0.88378316164016723633 0.90238559246063232422 0.90791797637939453125 0.90461552143096923828 0.90264791250228881836 0.89571112394332885742 0.89005488157272338867 0.88639205694198608398 0.88128560781478881836 0.87026631832122802734 0.85397005081176757812 0.85095572471618652344 0.85020303726196289062 0.87362766265869140625 0.88238084316253662109 0.8930187225341796875 0.90331292152404785156 0.90480631589889526367 0.90616309642791748047 0.90459430217742919922 0.90497076511383056641 0.90378677845001220703 0.89969938993453979492 0.89844918251037597656 0.89196008443832397461 0.88734138011932373047 0.87412637472152709961 0.89352774620056152344 0.89255177974700927734 0.89838439226150512695 0.89762151241302490234 0.90344601869583129883 0.92048066854476928711 0.92020475864410400391 0.92349457740783691406 0.92310935258865356445 0.92479401826858520508
0.88110184669494628906 0.89187031984329223633 0.90981531143188476562 0.91755151748657226562 0.91837042570114135742 0.91336846351623535156 0.90897834300994873047 0.90631705522537231445 0.89939165115356445312 0.89881241321563720703 0.8931528925895690918 0.88654726743698120117 0.87465548515319824219 0.85781091451644897461 0.86717516183853149414 0.88195395469665527344 0.897884368896484375 0.90419018268585205078 0.90222340822219848633 0.90207260847091674805 0.90546840429306030273 0.90599077939987182617 0.90511202812194824219 0.90150910615921020508 0.89980036020278930664 0.88789385557174682617 0.89613378047943115234 0.88980442285537719727 0.88887369632720947266 0.88179796934127807617 0.89915627241134643555 0.89983659982681274414 0.89935773611068725586 0.90165603160858154297 0.91305059194564819336 0.92277312278747558594 0.92202174663543701172 0.92557686567306518555 0.92523980140686035156 0.92474162578582763672
0.89025247097015380859 0.9097493290901184082 0.92841935157775878906 0.92875367403030395508 0.92701917886734008789 0.92100733518600463867 0.91109704971313476562 0.9091091156005859375 0.90262061357498168945 0.90148591995239257812 0.89449578523635864258 0.88696873188018798828 0.8789145350456237793 0.87753707170486450195 0.88876503705978393555 0.90262818336486816406 0.91082406044006347656 0.90997081995010375977 0.90236437320709228516 0.90080660581588745117 0.90358054637908935547 0.90380215644836425781 0.90370011329650878906 0.9040177464485168457 0.90029573440551757812 0.88535273075103759766 0.89134740829467773438 0.88702082633972167969 0.88814890384674072266 0.88631910085678100586 0.89126121997833251953 0.89342254400253295898 0.89400315284729003906 0.89585363864898681641 0.9066893458366394043 0.91316199302673339844 0.91403818130493164062 0.92487055063247680664 0.92510724067687988281 0.92332124710083007812
0.90307700634002685547 0.9146206974983215332 0.92706531286239624023 0.92576277256011962891 0.92499864101409912109 0.92428147792816162109 0.92092728614807128906 0.91853666305541992188 0.90884518623352050781 0.90458989143371582031 0.89980798959732055664 0.89760154485702514648 0.88832271099090576172 0.87739300727844238281 0.89142411947250366211 0.90946137905120849609 0.91246169805526733398 0.91224461793899536133 0.90339642763137817383 0.90007257461547851562 0.90411603450775146484 0.90086942911148071289 0.90220606327056884766 0.90133523941040039062 0.89914727210998535156 0.8833929896354675293 0.89588433504104614258 0.89229238033294677734 0.89366686344146728516 0.89241594076156616211 0.89622670412063598633 0.89778280258178710938 0.9008769989013671875 0.90467429161071777344 0.90860563516616821289 0.91754001379013061523 0.91241031885147094727 0.92664831876754760742 0.92486739158630371094 0.92519706487655639648
0.88883733749389648438 0.90376234054565429688 0.92485481500625610352 0.9304205775260925293 0.93067038059234619141 0.92872136831283569336 0.92617261409759521484 0.92347103357315063477 0.91681385040283203125 0.91470032930374145508 0.90980255603790283203 0.90238088369369506836 0.89312273263931274414 0.87997978925704956055 0.88628047704696655273 0.908542633056640625 0.91253322362899780273 0.91316628456115722656 0.90327364206314086914 0.89676880836486816406 0.89990395307540893555 0.89695227146148681641 0.89850145578384399414 0.89685457944869995117 0.892963409423828125 0.88349872827529907227 0.89838075637817382812 0.89921021461486816406 0.89744788408279418945 0.89652103185653686523 0.89972060918807983398 0.90218222141265869141 0.90443289279937744141 0.90630686283111572266 0.90619313716888427734 0.9158909916877746582 0.91401678323745727539 0.9270496368408203125 0.92139142751693725586 0.9220002293586730957
0.88454830646514892578 0.89541465044021606445 0.91901344060897827148 0.92647898197174072266 0.92791998386383056641 0.92794585227966308594 0.92834240198135375977 0.92814147472381591797 0.92170470952987670898 0.92115098237991333008 0.91461938619613647461 0.90093499422073364258 0.89645820856094360352 0.87960427999496459961 0.88340657949447631836 0.90473449230194091797 0.91019260883331298828 0.9129199981689453125 0.90426015853881835938 0.89529198408126831055 0.89367711544036865234 0.88416212797164916992 0.88893264532089233398 0.88310164213180541992 0.88462263345718383789 0.88132470846176147461 0.89710813760757446289 0.89882224798202514648 0.89966446161270141602 0.898410797119140625 0.9003340601921081543 0.90302371978759765625 0.90260905027389526367 0.90226042270660400391 0.90482550859451293945 0.91329610347747802734 0.91468143463134765625 0.92802143096923828125 0.92200487852096557617 0.91053491830825805664
0.8684838414192199707 0.87655204534530639648 0.90925413370132446289 0.92363649606704711914 0.92346543073654174805 0.92035633325576782227 0.91803652048110961914 0.91839277744293212891 0.91630768775939941406 0.91377693414688110352 0.90923011302947998047 0.90407228469848632812 0.88810354471206665039 0.86926317214965820312 0.89660942554473876953 0.91797935962677001953 0.92333161830902099609 0.91349852085113525391 0.89980405569076538086 0.88262313604354858398 0.86561805009841918945 0.84865880012512207031 0.86502933502197265625 0.88410425186157226562 0.88914012908935546875 0.88391202688217163086 0.90012145042419433594 0.90117561817169189453 0.90120524168014526367 0.90063935518264770508 0.90005946159362792969 0.90165758132934570312 0.90268653631210327148 0.90072751045227050781 0.90191364288330078125 0.90570461750030517578 0.9078127741813659668 0.92547917366027832031 0.91985100507736206055 0.904582977294921875
0.85176807641983032227 0.8520914912223815918 0.88736021518707275391 0.90790855884552001953 0.91082763671875 0.91204667091369628906 0.91076987981796264648 0.91342818737030029297 0.90941613912582397461 0.90500229597091674805 0.89746695756912231445 0.89130854606628417969 0.87961953878402709961 0.88035231828689575195 0.92137247323989868164 0.93804258108139038086 0.93804216384887695312 0.93059194087982177734 0.92352592945098876953 0.91123569011688232422 0.90149557590484619141 0.8956229090690612793 0.89390963315963745117 0.89066654443740844727 0.89290034770965576172 0.88180279731750488281 0.89919048547744750977 0.90438508987426757812 0.90363276004791259766 0.90272539854049682617 0.90408271551132202148 0.9068202972412109375 0.90639090538024902344 0.90283340215682983398 0.90655982494354248047 0.91906219720840454102 0.92375749349594116211 0.92953145503997802734 0.92338484525680541992 0.90544039011001586914
0.85466885566711425781 0.85505712032318115234 0.87039124965667724609 0.90265828371047973633 0.90681308507919311523 0.90375500917434692383 0.89904046058654785156 0.90130096673965454102 0.90042936801910400391 0.88709318637847900391 0.87904918193817138672 0.88324123620986938477 0.88165998458862304688 0.92108440399169921875 0.94684898853302001953 0.94606035947799682617 0.94392877817153930664 0.94041234254837036133 0.93356966972351074219 0.941623687744140625 0.93025922775268554688 0.92388701438903808594 0.91808211803436279297 0.90266072750091552734 0.9090092778205871582 0.90491664409637451172 0.91147649288177490234 0.90486824512481689453 0.90650922060012817383 0.90773445367813110352 0.90700399875640869141 0.91039174795150756836 0.90628206729888916016 0.9048703312873840332 0.91287666559219360352 0.92817723751068115234 0.93135720491409301758 0.93406003713607788086 0.93191474676132202148 0.92052674293518066406
0.85535061359405517578 0.85357999801635742188 0.86262995004653930664 0.89667570590972900391 0.91022902727127075195 0.91023731231689453125 0.90908867120742797852 0.90789550542831420898 0.90148007869720458984 0.90018856525421142578 0.89817178249359130859 0.90518945455551147461 0.90228265523910522461 0.93020397424697875977 0.94942295551300048828 0.95003783702850341797 0.94975322484970092773 0.94860970973968505859 0.94725286960601806641 0.94620662927627563477 0.94545483589172363281 0.94218248128890991211 0.93968623876571655273 0.93671572208404541016 0.9372698664665222168 0.92716372013092041016 0.9259669184684753418 0.91313946247100830078 0.91404455900192260742 0.91668993234634399414 0.91523158550262451172 0.91799378395080566406 0.91977268457412719727 0.92008012533187866211 0.93017017841339111328 0.93874764442443847656 0.93832510709762573242 0.93839186429977416992 0.93504762649536132812 0.93428397178649902344
0.85980510711669921875 0.86218941211700439453 0.86535662412643432617 0.89071786403656005859 0.90889328718185424805 0.91079366207122802734 0.90979880094528198242 0.90827912092208862305 0.90686148405075073242 0.9087969660758972168 0.90796017646789550781 0.90916073322296142578 0.90764653682708740234 0.92460811138153076172 0.94571125507354736328 0.94957232475280761719 0.94947391748428344727 0.94913852214813232422 -9999 -9999 0.94817894697189331055 0.9482237696647644043 0.94725251197814941406 0.94694691896438598633 0.93928301334381103516 0.94006043672561645508 0.94014835357666015625 0.93592625856399536133 0.93174821138381958008 0.92855560779571533203 0.92416960000991821289 0.92468810081481933594 0.92597270011901855469 0.92515838146209716797 0.93701291084289550781 0.9401639103889465332 0.93891596794128417969 0.9404227137565612793 0.93949037790298461914 0.93907147645950317383
0.85442000627517700195 0.85179579257965087891 0.85667175054550170898 0.87729555368423461914 0.89905184507369995117 0.90209269523620605469 0.90417867898941040039 0.90143048763275146484 0.90096449851989746094 0.90429258346557617188 0.90606397390365600586 0.90795511007308959961 0.90046018362045288086 0.91659110784530639648 0.93745452165603637695 0.94623768329620361328 0.94491785764694213867 -9999 -9999 -9999 -9999 -9999 -9999 -9999 -9999 0.94607812166213989258 -9999 -9999 0.94435775279998779297 0.94253498315811157227 0.93591439723968505859 0.93369823694229125977 0.93208551406860351562 0.93101960420608520508 0.93794113397598266602 0.93850320577621459961 0.93726187944412231445 0.93814051151275634766 0.93791252374649047852 0.93758261203765869141
0.855724334716796875 0.85373586416244506836 0.86255669593811035156 0.87802034616470336914 0.89946353435516357422 0.90520524978637695312 0.9050261378288269043 0.90173554420471191406 0.9006137847900390625 0.90386426448822021484 0.90376579761505126953 0.90111207962036132812 0.89246308803558349609 0.90084052085876464844 0.92100709676742553711 0.9354864954948425293 -9999 -9999 -9999 -9999 -9999 -9999 -9999 -9999 -9999 -9999 -9999 -9999 -9999 -9999 -9999 -9999 0.93457078933715820312 0.9373086094856262207 0.93916940689086914062 0.93993651866912841797 0.93720316886901855469 0.93841981887817382812 0.93876421451568603516 0.93912017345428466797
0.85512340068817138672 0.85457998514175415039 0.86009466648101806641 0.87403571605682373047 0.89988029003143310547 0.90669620037078857422 0.90541040897369384766 0.90334087610244750977 0.9019291996955871582 0.90411394834518432617 0.90346723794937133789 0.9042263031005859375 0.89913547039031982422 0.89200705289840698242 0.90074712038040161133 -9999 -9999 -9999 -9999 -9999 -9999 -9999 -9999 -9999 -9999 -9999 -9999 -9999 -9999 -9999 -9999 -9999 -9999 -9999 0.94554740190505981445 0.94422399997711181641 0.94139999151229858398 0.94085454940795898438 0.93977415561676025391 0.93875259160995483398
0.85075092315673828125 0.8539078831672668457 0.86039501428604125977 0.87342435121536254883 0.90369343757629394531 0.91114521026611328125 0.9107806086540222168 0.90881013870239257812 0.90341114997863769531 0.90422511100769042969 0.90728157758712768555 0.90172547101974487305 0.90244311094284057617 0.90086251497268676758 -9999 -9999 -9999 -9999 -9999 -9999 -9999 -9999 -9999 -9999 -9999 -9999 -9999 -9999 -9999 -9999 -9999 -9999 -9999 -9999 -9999 -9999 -9999 -9999 -9999 0.93684190511703491211
0.86266243457794189453 0.87289369106292724609 0.87482601404190063477 0.88413256406784057617 0.90515196323394775391 0.91173326969146728516 0.90832698345184326172 0.90586674213409423828 0.90505832433700561523 0.90350985527038574219 0.90508913993835449219 0.90158140659332275391 0.89959305524826049805 -9999 -9999 -9999 -9999 -9999 -9999 -9999 -9999 -9999 -9999 -9999 -9999 -9999 -9999 -9999 -9999 -9999 -9999 -9999 -9999 -9999 -9999 -9999 -9999 -9999 -9999 -9999
