data/ReDellaPietra/1/ReDellaPietra_skyview_1.asc
ncols        166
nrows        77
xllcorner    1710577.231035974808
yllcorner    4862595.499997036532
cellsize     10.000000000000
NODATA_value  -9999
[rows 18 to 35 of 77, columns 80 to 119 of 166]
0.91846424341201782227 0.91672301292419433594 0.91088771820068359375 0.91646581888198852539 0.91486817598342895508 0.91275441646575927734 0.90822142362594604492 0.90467858314514160156 0.89249563217163085938 0.88398724794387817383 0.88779115676879882812 0.88402962684631347656 0.87728834152221679688 0.87777423858642578125 0.88393151760101318359 0.89238584041595458984 0.90384542942047119141 0.90758466720581054688 0.91232961416244506836 0.90937656164169311523 0.91552752256393432617 0.92256915569305419922 0.92696589231491088867 0.93170249462127685547 0.93469232320785522461 0.93438112735748291016 0.93718290328979492188 0.93130165338516235352 0.93189054727554321289 0.93405663967132568359 0.93506944179534912109 0.92882180213928222656 0.92234635353088378906 0.91992980241775512695 0.91908884048461914062 0.92483353614807128906 0.92353284358978271484 0.93181771039962768555 0.9327487945556640625 0.93362689018249511719
0.91441905498504638672 0.91402715444564819336 0.9080651402473449707 0.91185933351516723633 0.9137509465217590332 0.91222745180130004883 0.90895855426788330078 0.90983003377914428711 0.90274095535278320312 0.90091413259506225586 0.89531916379928588867 0.88135850429534912109 0.8688290715217590332 0.86641305685043334961 0.86792331933975219727 0.86711096763610839844 0.87090170383453369141 0.87265986204147338867 0.88859087228775024414 0.89186704158782958984 0.89822655916213989258 0.90551680326461791992 0.91202747821807861328 0.91799557209014892578 0.92830270528793334961 0.93294823169708251953 0.93226701021194458008 0.93274503946304321289 0.93251115083694458008 0.9372005462646484375 0.936283111572265625 0.9323489069938659668 0.92729949951171875 0.9220428466796875 0.92254292964935302734 0.92530214786529541016 0.92473959922790527344 0.93088728189468383789 0.93203455209732055664 0.93479317426681518555
0.91528743505477905273 0.91188198328018188477 0.90923303365707397461 0.91206604242324829102 0.91545987129211425781 0.91501706838607788086 0.91164660453796386719 0.91209650039672851562 0.90594637393951416016 0.90692430734634399414 0.90641564130783081055 0.90118640661239624023 0.88760811090469360352 0.86999243497848510742 0.86947101354598999023 0.87431371212005615234 0.8627713322639465332 0.84705948829650878906 0.86804598569869995117 0.86610484123229980469 0.87921726703643798828 0.89332807064056396484 0.89520639181137084961 0.88444405794143676758 0.90263348817825317383 0.91486394405364990234 0.92609918117523193359 0.92329764366149902344 0.9198589324951171875 0.93229478597640991211 0.93506091833114624023 0.93495678901672363281 0.93272173404693603516 0.92951172590255737305 0.92416483163833618164 0.92365097999572753906 0.92320877313613891602 0.93151813745498657227 0.93238931894302368164 0.93197780847549438477
0.91558897495269775391 0.91222858428955078125 0.90924394130706787109 0.91306632757186889648 0.91613942384719848633 0.91499829292297363281 0.91325598955154418945 0.91404867172241210938 0.90713065862655639648 0.9099369049072265625 0.90966963768005371094 0.90670996904373168945 0.90161842107772827148 0.89560651779174804688 0.89170885086059570312 0.88818162679672241211 0.88285708427429199219 0.8657525181770324707 0.87219387292861938477 0.85537415742874145508 0.86057984828948974609 0.87499439716339111328 0.88342946767807006836 0.87492948770523071289 0.87504357099533081055 0.87139207124710083008 0.90085160732269287109 0.9126942753791809082 0.91057181358337402344 0.91805815696716308594 0.93117958307266235352 0.93497925996780395508 0.93461376428604125977 0.93309825658798217773 0.92772996425628662109 0.92958629131317138672 0.92922234535217285156 0.93283075094223022461 0.93317818641662597656 0.93262851238250732422
0.91212671995162963867 0.90807396173477172852 0.90486621856689453125 0.9102535247802734375 0.91060620546340942383 0.91205477714538574219 0.90978109836578369141 0.91063934564590454102 0.90514391660690307617 0.90777635574340820312 0.90790086984634399414 0.90753382444381713867 0.90377914905548095703 0.90080016851425170898 0.89958167076110839844 0.89773464202880859375 0.88787055015563964844 0.87356257438659667969 0.86283552646636962891 0.84464347362518310547 0.85243701934814453125 0.8583495020866394043 0.86507874727249145508 0.86166101694107055664 0.85720300674438476562 0.83808511495590209961 0.86802071332931518555 0.88173878192901611328 0.89554172754287719727 0.89557462930679321289 0.90611505508422851562 0.92284429073333740234 0.92662250995635986328 0.91980272531509399414 0.92488634586334228516 0.92729973793029785156 0.92737537622451782227 0.93073368072509765625 0.93095135688781738281 0.93091970682144165039
0.9131520390510559082 0.90818870067596435547 0.90628570318222045898 0.91026163101196289062 0.91291034221649169922 0.91358941793441772461 0.91026633977890014648 0.91237097978591918945 0.90819889307022094727 0.90967279672622680664 0.91150271892547607422 0.90900731086730957031 0.90689057111740112305 0.90317046642303466797 0.90473002195358276367 0.90399980545043945312 0.89856791496276855469 0.89345455169677734375 0.88885629177093505859 0.87229645252227783203 0.86434382200241088867 0.85233020782470703125 0.85903757810592651367 0.86203324794769287109 0.87584578990936279297 0.85885816812515258789 0.86844652891159057617 0.87958633899688720703 0.8901856541633605957 0.89261686801910400391 0.89209449291229248047 0.90568244457244873047 0.91816848516464233398 0.91943556070327758789 0.91313165426254272461 0.91958343982696533203 0.92510819435119628906 0.92969679832458496094 0.92891156673431396484 0.92887312173843383789
0.91343230009078979492 0.90987002849578857422 0.90907168388366699219 0.91165316104888916016 0.91490763425827026367 0.91466224193572998047 0.91177803277969360352 0.9138088226318359375 0.90902572870254516602 0.91021555662155151367 0.91199272871017456055 0.9116242527961730957 0.90909171104431152344 0.90641981363296508789 0.90773940086364746094 0.90771830081939697266 0.9036166071891784668 0.89958107471466064453 0.89615857601165771484 0.88936328887939453125 0.88716453313827514648 0.88077008724212646484 0.87382054328918457031 0.86395752429962158203 0.87264704704284667969 0.86929494142532348633 0.87799221277236938477 0.88199895620346069336 0.88507962226867675781 0.8965670466423034668 0.89489132165908813477 0.89800721406936645508 0.90470516681671142578 0.91156226396560668945 0.9056618809700012207 0.91173821687698364258 0.92567431926727294922 0.93266165256500244141 0.93205267190933227539 0.93139123916625976562
0.91202706098556518555 0.90898102521896362305 0.90726572275161743164 0.90959173440933227539 0.91370278596878051758 0.91390246152877807617 0.9112396240234375 0.91279363632202148438 0.90922832489013671875 0.90974450111389160156 0.91211664676666259766 0.91158109903335571289 0.90899389982223510742 0.90610712766647338867 0.90825754404067993164 0.90827327966690063477 0.90470880270004272461 0.90137434005737304688 0.89916253089904785156 0.89475524425506591797 0.89285397529602050781 0.88936126232147216797 0.88664019107818603516 0.87805688381195068359 0.87095457315444946289 0.86875748634338378906 0.87919348478317260742 0.87971538305282592773 0.883586883544921875 0.8991063237190246582 0.89608794450759887695 0.89607572555541992188 0.89693439006805419922 0.89969599246978759766 0.8966439366340637207 0.89831554889678955078 0.91490441560745239258 0.92827081680297851562 0.93027108907699584961 0.928829193115234375
0.90764975547790527344 0.905986785888671875 0.90471643209457397461 0.90797936916351318359 0.91161668300628662109 0.91260671615600585938 0.90940529108047485352 0.91144764423370361328 0.90686422586441040039 0.90868604183197021484 0.91005736589431762695 0.90978550910949707031 0.9079297184944152832 0.9059517979621887207 0.90579688549041748047 0.90626639127731323242 0.90443408489227294922 0.90202009677886962891 0.89898025989532470703 0.89564251899719238281 0.89552330970764160156 0.89446347951889038086 0.89312630891799926758 0.88949686288833618164 0.88419252634048461914 0.86820173263549804688 0.87904053926467895508 0.88325512409210205078 0.88784849643707275391 0.89690285921096801758 0.89423096179962158203 0.89330679178237915039 0.89388024806976318359 0.89311444759368896484 0.89098638296127319336 0.88924032449722290039 0.89823013544082641602 0.92148381471633911133 0.92848855257034301758 0.92797201871871948242
0.91199409961700439453 0.90791916847229003906 0.90875619649887084961 0.91080677509307861328 0.91376483440399169922 0.91325461864471435547 0.90991842746734619141 0.91229450702667236328 0.90784549713134765625 0.90925300121307373047 0.91136050224304199219 0.91139012575149536133 0.90898442268371582031 0.9066079258918762207 0.90550208091735839844 0.90656524896621704102 0.90627360343933105469 0.90160602331161499023 0.90190005302429199219 0.89834117889404296875 0.89891332387924194336 0.89766770601272583008 0.89633959531784057617 0.8961353302001953125 0.89451289176940917969 0.88440644741058349609 0.8844839930534362793 0.88527506589889526367 0.89527100324630737305 0.89649057388305664062 0.8974679112434387207 0.89331507682800292969 0.89059579372406005859 0.89060944318771362305 0.8926455378532409668 0.88734471797943115234 0.88675463199615478516 0.90761226415634155273 0.92438268661499023438 0.92753171920776367188
0.90764516592025756836 0.90424704551696777344 0.90293270349502563477 0.90564453601837158203 0.91002154350280761719 0.90959626436233520508 0.90621596574783325195 0.90899699926376342773 0.9050547480583190918 0.90615159273147583008 0.90863823890686035156 0.90864604711532592773 0.90634351968765258789 0.90434694290161132812 0.90568327903747558594 0.90614867210388183594 0.90414911508560180664 0.9021504521369934082 0.90177714824676513672 0.89876091480255126953 0.89935261011123657227 0.89908385276794433594 0.89898371696472167969 0.89771890640258789062 0.89635479450225830078 0.89262437820434570312 0.87834441661834716797 0.88123720884323120117 0.88881272077560424805 0.89329260587692260742 0.89210903644561767578 0.88218152523040771484 0.87813967466354370117 0.87364280223846435547 0.87584489583969116211 0.87173521518707275391 0.86765748262405395508 0.88465023040771484375 0.90970790386199951172 0.91897511482238769531
0.91152495145797729492 0.90834379196166992188 0.90770810842514038086 0.90935879945755004883 0.91190505027770996094 0.91162896156311035156 0.90723252296447753906 0.91008090972900390625 0.90633028745651245117 0.90694695711135864258 0.90969640016555786133 0.90936112403869628906 0.90585881471633911133 0.90296638011932373047 0.90486305952072143555 0.9048722386360168457 0.90266430377960205078 0.90160375833511352539 0.90293830633163452148 0.9014142155647277832 0.90168142318725585938 0.90236550569534301758 0.90147137641906738281 0.90130406618118286133 0.90053462982177734375 0.89996981620788574219 0.89993798732757568359 0.8916638493537902832 0.89354872703552246094 0.90105748176574707031 0.90062636137008666992 0.90139627456665039062 0.89009499549865722656 0.8784745335578918457 0.87934416532516479492 0.87951868772506713867 0.87700963020324707031 0.88466703891754150391 0.89484131336212158203 0.91835838556289672852
0.90243446826934814453 0.90420997142791748047 0.90432846546173095703 0.90592145919799804688 0.90810656547546386719 0.90721368789672851562 0.90365886688232421875 0.90582609176635742188 0.90390455722808837891 0.90455454587936401367 0.90728449821472167969 0.90573352575302124023 0.903194427490234375 0.90071386098861694336 0.90349817276000976562 0.90146505832672119141 0.90310239791870117188 0.9023075103759765625 0.90209746360778808594 0.90164893865585327148 0.90181940793991088867 0.90288543701171875 0.90243875980377197266 0.90372955799102783203 0.90228211879730224609 0.90260684490203857422 0.90102988481521606445 0.89607465267181396484 0.89567142724990844727 0.90037035942077636719 0.90241163969039916992 0.90115910768508911133 0.89893615245819091797 0.88199990987777709961 0.87849318981170654297 0.87844902276992797852 0.87810313701629638672 0.88323211669921875 0.89288300275802612305 0.91133248805999755859
0.88354164361953735352 0.89117026329040527344 0.89899021387100219727 0.90322637557983398438 0.90518915653228759766 0.90357244014739990234 0.8955605626106262207 0.90304577350616455078 0.9012343287467956543 0.90210509300231933594 0.90392291545867919922 0.90244787931442260742 0.90078270435333251953 0.89875745773315429688 0.90019869804382324219 0.90006411075592041016 0.90115648508071899414 0.90090757608413696289 0.90159970521926879883 0.90265756845474243164 0.90259653329849243164 0.90358769893646240234 0.90294784307479858398 0.90376555919647216797 0.90423363447189331055 0.90290099382400512695 0.90288716554641723633 0.89897823333740234375 0.8933798670768737793 0.89484256505966186523 0.902095794677734375 0.9027417302131652832 0.90048998594284057617 0.88897955417633056641 0.86767297983169555664 0.87278199195861816406 0.87844294309616088867 0.88483381271362304688 0.89479464292526245117 0.90505158901214599609
0.86991572380065917969 0.87105679512023925781 0.87809091806411743164 0.89195048809051513672 0.8956711888313293457 0.88766938447952270508 0.87878805398941040039 0.87928825616836547852 0.872928619384765625 0.88940513134002685547 0.90025728940963745117 0.89901548624038696289 0.89541649818420410156 0.8954785466194152832 0.89598578214645385742 0.89873474836349487305 0.90022689104080200195 0.90163499116897583008 0.90251559019088745117 0.90275233983993530273 0.90268945693969726562 0.90356677770614624023 0.90388929843902587891 0.90326064825057983398 0.90403360128402709961 0.90454512834548950195 0.90451765060424804688 0.90258580446243286133 0.89980351924896240234 0.8989613652229309082 0.90281587839126586914 0.90576893091201782227 0.90218001604080200195 0.89913654327392578125 0.89103466272354125977 0.89079910516738891602 0.89994925260543823242 0.90690261125564575195 0.91173857450485229492 0.90910112857818603516
0.86481320858001708984 0.87134879827499389648 0.87199449539184570312 0.87977087497711181641 0.87772321701049804688 0.87390184402465820312 0.86744028329849243164 0.85192251205444335938 0.82837313413619995117 0.86195915937423706055 0.89408755302429199219 0.89289861917495727539 0.88836151361465454102 0.88489854335784912109 0.89519083499908447266 0.89749908447265625 0.89797818660736083984 0.89989989995956420898 0.90040457248687744141 0.9025942683219909668 0.90384399890899658203 0.90462291240692138672 0.90586286783218383789 0.90603327751159667969 0.90534520149230957031 0.90562254190444946289 0.90603029727935791016 0.9049924015998840332 0.90349310636520385742 0.90303307771682739258 0.90526062250137329102 0.90825486183166503906 0.90902525186538696289 0.90776121616363525391 0.90288060903549194336 0.90703016519546508789 0.90763181447982788086 0.91298538446426391602 0.91775262355804443359 0.91256219148635864258
0.83489876985549926758 0.85285496711730957031 0.84896439313888549805 0.83952671289443969727 0.83295094966888427734 0.8592421412467956543 0.85462188720703125 0.85019898414611816406 0.84616619348526000977 0.81892198324203491211 0.88431632518768310547 0.88238275051116943359 0.86725723743438720703 0.8423054814338684082 0.89024269580841064453 0.89263111352920532227 0.89548528194427490234 0.89780187606811523438 0.8995494842529296875 0.90087676048278808594 0.90204787254333496094 0.90540742874145507812 0.90534043312072753906 0.90578645467758178711 0.90690648555755615234 0.90667676925659179688 0.90653008222579956055 0.90499144792556762695 0.90423285961151123047 0.90521770715713500977 0.90746533870697021484 0.91024506092071533203 0.91140180826187133789 0.91182380914688110352 0.90695583820343017578 0.90909725427627563477 0.90508216619491577148 0.91133600473403930664 0.91286581754684448242 0.91004341840744018555
0.85896861553192138672 0.85484427213668823242 0.84593719244003295898 0.8472385406494140625 0.84797692298889160156 0.84725463390350341797 0.81121486425399780273 0.83117908239364624023 0.85604178905487060547 0.87353903055191040039 0.86098450422286987305 0.86793267726898193359 0.86488091945648193359 0.85717594623565673828 0.87731409072875976562 0.87956380844116210938 0.8871619105339050293 0.88898247480392456055 0.89409053325653076172 0.88999009132385253906 0.89596974849700927734 0.9053821563720703125 0.905231475830078125 0.90607410669326782227 0.90639001131057739258 0.90586936473846435547 0.90761482715606689453 0.9047692418098449707 0.90173053741455078125 0.90388339757919311523 0.90713220834732055664 0.90965169668197631836 0.90085262060165405273 0.89522218704223632812 0.90521448850631713867 0.91203898191452026367 0.91160756349563598633 0.91941350698471069336 0.91900229454040527344 0.914295196533203125
