data/ReDellaPietra/1/ReDellaPietra_skyview_1.asc
ncols        166
nrows        77
xllcorner    1710577.231035974808
yllcorner    4862595.499997036532
cellsize     10.000000000000
NODATA_value  -9999
[rows 0 to 17 of 77, columns 40 to 79 of 166]
-9999 -9999 -9999 -9999 -9999 -9999 -9999 0.97002190351486206055 0.96996277570724487305 0.96983730792999267578 0.9695269465446472168 -9999 -9999 -9999 -9999 -9999 0.94341540336608886719 0.90960496664047241211 0.94085699319839477539 0.96353906393051147461 0.96884864568710327148 0.96923154592514038086 0.96793609857559204102 0.96630579233169555664 0.95629000663757324219 0.92535459995269775391 0.95279079675674438477 -9999 -9999 -9999 -9999 -9999 -9999 -9999 -9999 -9999 -9999 -9999 -9999 -9999
-9999 -9999 -9999 -9999 0.97017347812652587891 0.9699452519416809082 0.96863657236099243164 0.96626359224319458008 0.96418678760528564453 0.96407866477966308594 0.96416264772415161133 0.96588671207427978516 0.96752697229385375977 0.9676335453987121582 0.96650618314743041992 0.96312379837036132812 0.95509755611419677734 0.93770259618759155273 0.93787354230880737305 0.93903350830078125 0.94734704494476318359 0.95775961875915527344 0.96395593881607055664 0.96542090177536010742 0.95942211151123046875 0.93692553043365478516 0.94716244935989379883 0.96315073966979980469 -9999 -9999 -9999 -9999 -9999 -9999 -9999 -9999 -9999 -9999 -9999 -9999
-9999 -9999 -9999 0.96843427419662475586 0.96176749467849731445 0.9515889286994934082 0.93918842077255249023 0.92876023054122924805 0.91976028680801391602 0.91498684883117675781 0.91304183006286621094 0.91544824838638305664 0.92120033502578735352 0.92746549844741821289 0.93124985694885253906 0.93245095014572143555 0.93304944038391113281 0.9213542938232421875 0.91098731756210327148 0.90709841251373291016 0.90914630889892578125 0.91703087091445922852 0.9300060272216796875 0.94274932146072387695 0.94885528087615966797 0.94284045696258544922 0.9324169158935546875 0.9376360774040222168 0.95399373769760131836 -9999 -9999 -9999 -9999 -9999 -9999 -9999 -9999 -9999 -9999 -9999
-9999 0.95544928312301635742 0.94479101896286010742 0.92584013938903808594 0.89863598346710205078 0.89571005105972290039 0.89110976457595825195 0.8873780369758605957 0.87906396389007568359 0.87641072273254394531 0.86514067649841308594 0.86143052577972412109 0.86301583051681518555 0.87227243185043334961 0.873126983642578125 0.87547713518142700195 0.87663894891738891602 0.88278591632843017578 0.8855107426643371582 0.88749986886978149414 0.88756018877029418945 0.8894742131233215332 0.88799583911895751953 0.89337050914764404297 0.90315413475036621094 0.90914285182952880859 0.91143250465393066406 0.91445970535278320312 0.94273895025253295898 0.95209205150604248047 0.96270507574081420898 0.96573394536972045898 0.96749293804168701172 0.96851813793182373047 -9999 -9999 -9999 -9999 -9999 -9999
0.91058754920959472656 0.89361691474914550781 0.86821150779724121094 0.85127085447311401367 0.85711646080017089844 0.86760962009429931641 0.8712749481201171875 0.87881267070770263672 0.8840357661247253418 0.88934046030044555664 0.88524377346038818359 0.88816809654235839844 0.88928526639938354492 0.88817250728607177734 0.88538074493408203125 0.88389694690704345703 0.879009246826171875 0.87735217809677124023 0.87324476242065429688 0.8686663508415222168 0.86371326446533203125 0.85705912113189697266 0.85662990808486938477 0.85466021299362182617 0.86821520328521728516 0.87706363201141357422 0.87786000967025756836 0.87218534946441650391 0.89786469936370849609 0.93719834089279174805 0.95625215768814086914 0.96293061971664428711 0.96494072675704956055 0.96525973081588745117 0.96372783184051513672 -9999 -9999 -9999 -9999 -9999
0.88806313276290893555 0.87819552421569824219 0.87220054864883422852 0.88283807039260864258 0.87901461124420166016 0.86237031221389770508 0.87357652187347412109 0.88550478219985961914 0.88409644365310668945 0.89529287815093994141 0.89174425601959228516 0.88993501663208007812 0.89293950796127319336 0.88802659511566162109 0.88289606571197509766 0.8780612945556640625 0.87494713068008422852 0.86930996179580688477 0.86362695693969726562 0.86196398735046386719 0.86047911643981933594 0.85388541221618652344 0.85399597883224487305 0.8388913273811340332 0.83744359016418457031 0.83480972051620483398 0.8480402827262878418 0.8477827906608581543 0.85951697826385498047 0.88289719820022583008 0.90529841184616088867 0.92989480495452880859 0.94131910800933837891 0.94681191444396972656 0.94360584020614624023 -9999 -9999 -9999 -9999 -9999
0.90212172269821166992 0.90017843246459960938 0.88907080888748168945 0.89567351341247558594 0.89733111858367919922 0.89597135782241821289 0.8951708674430847168 0.9034525752067565918 0.89474326372146606445 0.90186262130737304688 0.89356327056884765625 0.88615179061889648438 0.87248980998992919922 0.8670126795768737793 0.84176999330520629883 0.84246146678924560547 0.83997011184692382812 0.831390380859375 0.83278626203536987305 0.82943058013916015625 0.8536675572395324707 0.84581071138381958008 0.85213047266006469727 0.85139346122741699219 0.84037309885025024414 0.81947690248489379883 0.82608407735824584961 0.83094131946563720703 0.84010481834411621094 0.84250825643539428711 0.86707156896591186523 0.88658708333969116211 0.91054356098175048828 0.93413025140762329102 0.93667870759963989258 0.95467352867126464844 -9999 -9999 -9999 -9999
0.89925426244735717773 0.8989512324333190918 0.89266729354858398438 0.90117561817169189453 0.90748345851898193359 0.90695852041244506836 0.90392678976058959961 0.90415018796920776367 0.89425373077392578125 0.89606547355651855469 0.89201247692108154297 0.89054727554321289062 0.88560330867767333984 0.88201773166656494141 0.86869585514068603516 0.87471401691436767578 0.87187403440475463867 0.86551660299301147461 0.85963791608810424805 0.83577799797058105469 0.848140716552734375 0.83850878477096557617 0.82877063751220703125 0.83340573310852050781 0.82668095827102661133 0.8243624567985534668 0.83288758993148803711 0.82580715417861938477 0.81973403692245483398 0.80698180198669433594 0.82708811759948730469 0.84890967607498168945 0.88292801380157470703 0.91558015346527099609 0.93672287464141845703 0.95328813791275024414 0.95438987016677856445 0.95841431617736816406 0.96386134624481201172 0.96547394990921020508
0.90313017368316650391 0.90491902828216552734 0.90111088752746582031 0.90886276960372924805 0.91365647315979003906 0.91321140527725219727 0.90459716320037841797 0.90227854251861572266 0.88987571001052856445 0.89973354339599609375 0.89896196126937866211 0.89756530523300170898 0.89719659090042114258 0.89496362209320068359 0.88531029224395751953 0.88870638608932495117 0.88535505533218383789 0.88251292705535888672 0.87701785564422607422 0.86604076623916625977 0.87212342023849487305 0.86787265539169311523 0.86537784337997436523 0.86210107803344726562 0.85475623607635498047 0.83950710296630859375 0.8495299220085144043 0.84699559211730957031 0.84814816713333129883 0.84744411706924438477 0.83221572637557983398 0.84061348438262939453 0.86979490518569946289 0.88655143976211547852 0.91387766599655151367 0.93560862541198730469 0.95264554023742675781 0.95920670032501220703 0.96071076393127441406 0.95580327510833740234
0.90011590719223022461 0.89877527952194213867 0.88431388139724731445 0.89712810516357421875 0.8983294367790222168 0.89663279056549072266 0.8912754058837890625 0.89413380622863769531 0.88662129640579223633 0.89868885278701782227 0.89865243434906005859 0.89916074275970458984 0.89888471364974975586 0.89628404378890991211 0.88910436630249023438 0.8910630345344543457 0.88822948932647705078 0.88604593276977539062 0.88176703453063964844 0.87288248538970947266 0.87751293182373046875 0.87574917078018188477 0.87185996770858764648 0.86676162481307983398 0.86445844173431396484 0.85347217321395874023 0.85845625400543212891 0.85533058643341064453 0.85249668359756469727 0.85394835472106933594 0.85209947824478149414 0.84589922428131103516 0.86744731664657592773 0.87683081626892089844 0.89363992214202880859 0.90983676910400390625 0.91968053579330444336 0.93267136812210083008 0.93707805871963500977 0.93441259860992431641
0.89484751224517822266 0.89343541860580444336 0.87996077537536621094 0.89144599437713623047 0.89402306079864501953 0.89435410499572753906 0.89316880702972412109 0.89557188749313354492 0.88782536983489990234 0.89913272857666015625 0.90138661861419677734 0.90040808916091918945 0.89948087930679321289 0.89877349138259887695 0.89122891426086425781 0.89406937360763549805 0.89110040664672851562 0.88824284076690673828 0.88582092523574829102 0.87563240528106689453 0.88089525699615478516 0.87707096338272094727 0.87354570627212524414 0.87161451578140258789 0.86824691295623779297 0.85951018333435058594 0.86659014225006103516 0.86688947677612304688 0.86316460371017456055 0.86533409357070922852 0.86123651266098022461 0.85272747278213500977 0.86741733551025390625 0.86404967308044433594 0.87959283590316772461 0.89406847953796386719 0.89644032716751098633 0.91095119714736938477 0.9140841364860534668 0.9177074432373046875
0.88636159896850585938 0.88303339481353759766 0.87142747640609741211 0.88215136528015136719 0.88572406768798828125 0.89113420248031616211 0.89146363735198974609 0.88976281881332397461 0.88146775960922241211 0.89271628856658935547 0.89591836929321289062 0.89825540781021118164 0.898746490478515625 0.89976805448532104492 0.88981401920318603516 0.89215290546417236328 0.89044398069381713867 0.88700640201568603516 0.88439977169036865234 0.87450939416885375977 0.87705260515213012695 0.87325870990753173828 0.87196463346481323242 0.86726927757263183594 0.86581057310104370117 0.85713952779769897461 0.86494225263595581055 0.86537700891494750977 0.86271470785140991211 0.86294734477996826172 0.85598105192184448242 0.85370248556137084961 0.86306399106979370117 0.85107505321502685547 0.86561679840087890625 0.87329369783401489258 0.8647893071174621582 0.8875026702880859375 0.88583928346633911133 0.88664233684539794922
0.88775044679641723633 0.88769763708114624023 0.8750661015510559082 0.8868777155876159668 0.88905179500579833984 0.89298111200332641602 0.89436709880828857422 0.89107966423034667969 0.88188958168029785156 0.89318364858627319336 0.89896780252456665039 0.89949977397918701172 0.89995336532592773438 0.89961075782775878906 0.89368087053298950195 0.89623868465423583984 0.89252793788909912109 0.89055037498474121094 0.88710045814514160156 0.87709015607833862305 0.87966769933700561523 0.87674528360366821289 0.87404519319534301758 0.87337404489517211914 0.87005966901779174805 0.86144852638244628906 0.869647979736328125 0.86860740184783935547 0.8685480952262878418 0.86613750457763671875 0.86480617523193359375 0.86447227001190185547 0.87161588668823242188 0.86430972814559936523 0.87112522125244140625 0.87991100549697875977 0.86524301767349243164 0.89042967557907104492 0.88823467493057250977 0.88983941078186035156
0.87474101781845092773 0.87876760959625244141 0.87246370315551757812 0.88393515348434448242 0.88771075010299682617 0.88938254117965698242 0.89004224538803100586 0.89355367422103881836 0.88425695896148681641 0.89492928981781005859 0.89822936058044433594 0.90103900432586669922 0.90273898839950561523 0.90024733543395996094 0.89430332183837890625 0.89759457111358642578 0.89470654726028442383 0.89108747243881225586 0.88938105106353759766 0.8752472996711730957 0.87782609462738037109 0.87656378746032714844 0.87463068962097167969 0.8743381500244140625 0.8717301487922668457 0.86354553699493408203 0.87165158987045288086 0.87096476554870605469 0.86961340904235839844 0.87380743026733398438 0.87208914756774902344 0.87157082557678222656 0.88369047641754150391 0.88828307390213012695 0.88716548681259155273 0.87610357999801635742 0.87935888767242431641 0.9003963470458984375 0.90527737140655517578 0.91172862052917480469
0.87079262733459472656 0.88011074066162109375 0.87486231327056884766 0.88555139303207397461 0.88798767328262329102 0.89016371965408325195 0.89262378215789794922 0.89332795143127441406 0.88449758291244506836 0.89678150415420532227 0.89783155918121337891 0.90078592300415039062 0.90190166234970092773 0.90198659896850585938 0.89470905065536499023 0.89740699529647827148 0.89621531963348388672 0.89248454570770263672 0.88643968105316162109 0.86984467506408691406 0.87606608867645263672 0.87714725732803344727 0.87709587812423706055 0.87506777048110961914 0.87185025215148925781 0.86541128158569335938 0.87147128582000732422 0.87198364734649658203 0.86946010589599609375 0.87488323450088500977 0.87240350246429443359 0.87449300289154052734 0.88883829116821289062 0.89464873075485229492 0.90234422683715820312 0.90444576740264892578 0.89721769094467163086 0.90791404247283935547 0.91042369604110717773 0.92209655046463012695
0.85438245534896850586 0.87818968296051025391 0.86568742990493774414 0.87736618518829345703 0.87663918733596801758 0.88053363561630249023 0.88350385427474975586 0.88399153947830200195 0.87467771768569946289 0.88881313800811767578 0.8926518559455871582 0.89737671613693237305 0.90024352073669433594 0.89980542659759521484 0.89283639192581176758 0.8959891200065612793 0.89290779829025268555 0.88861924409866333008 0.87956643104553222656 0.85696351528167724609 0.86223143339157104492 0.86561977863311767578 0.86591064929962158203 0.86589968204498291016 0.86845099925994873047 0.86088508367538452148 0.8685061335563659668 0.86879700422286987305 0.8640053868293762207 0.86949247121810913086 0.8684412837028503418 0.8753439784049987793 0.89029997587203979492 0.89558315277099609375 0.90328383445739746094 0.90596127510070800781 0.90299427509307861328 0.91189813613891601562 0.90954005718231201172 0.92099624872207641602
0.85323894023895263672 0.87664914131164550781 0.87021940946578979492 0.87348508834838867188 0.8793061375617980957 0.88338625431060791016 0.8854745030403137207 0.88719838857650756836 0.87785410881042480469 0.88782358169555664062 0.89363241195678710938 0.89824461936950683594 0.90073698759078979492 0.90149188041687011719 0.89534664154052734375 0.89846283197402954102 0.89646279811859130859 0.88981455564498901367 0.88122498989105224609 0.86335647106170654297 0.87017279863357543945 0.87375569343566894531 0.87316924333572387695 0.87011796236038208008 0.8684635162353515625 0.86240303516387939453 0.86954897642135620117 0.86497795581817626953 0.8655865788459777832 0.86752247810363769531 0.86800080537796020508 0.87626278400421142578 0.89574003219604492188 0.90190160274505615234 0.91023606061935424805 0.91166388988494873047 0.90733432769775390625 0.913814544677734375 0.91273832321166992188 0.91817343235015869141
0.84967303276062011719 0.8668944239616394043 0.8695151209831237793 0.87478458881378173828 0.87889599800109863281 0.88376945257186889648 0.8865267634391784668 0.88823103904724121094 0.87954908609390258789 0.88674277067184448242 0.88976359367370605469 0.89255541563034057617 0.90093910694122314453 0.90217262506484985352 0.8934662938117980957 0.89926713705062866211 0.89509534835815429688 0.88995319604873657227 0.88442969322204589844 0.87952303886413574219 0.87875485420227050781 0.884124755859375 0.88107252120971679688 0.8772767186164855957 0.87504225969314575195 0.8601563572883605957 0.86192333698272705078 0.85625892877578735352 0.85819655656814575195 0.85819143056869506836 0.86538708209991455078 0.87896823883056640625 0.89630812406539916992 0.90551388263702392578 0.91141545772552490234 0.91246867179870605469 0.90789008140563964844 0.91348862648010253906 0.91381615400314331055 0.9142538905143737793
