data/ReDellaPietra/2/ReDellaPietra_skyview_2.asc
ncols        120
nrows        149
xllcorner    1710297.231035964563
yllcorner    4861535.499997077510
cellsize     10.000000000000
NODATA_value  -9999
[rows 84 to 104 of 149, columns 46 to 91 of 120]
0.74326968193054199219 0.73331981897354125977 0.72457534074783325195 0.73111498355865478516 0.75874537229537963867 0.76815146207809448242 0.77875095605850219727 0.79322046041488647461 0.79922109842300415039 0.80285292863845825195 0.80232930183410644531 0.79266756772994995117 0.80174499750137329102 0.80020773410797119141 0.80509865283966064453 0.80619537830352783203 0.80306595563888549805 0.79485940933227539062 0.76754307746887207031 0.76989817619323730469 0.77486366033554077148 0.77544689178466796875 0.79167604446411132812 0.83517843484878540039 0.83584505319595336914 0.83357566595077514648 0.82820373773574829102 0.82495766878128051758 0.82204592227935791016 0.8103587031364440918 0.81206119060516357422 0.82202494144439697266 0.82828593254089355469 0.8459021449089050293 0.88058990240097045898 0.89328455924987792969 0.92653816938400268555 0.93769514560699462891 0.93778592348098754883 0.93560773134231567383 0.93167060613632202148 0.93172979354858398438 -9999 -9999 -9999 -9999
0.750034332275390625 0.74107247591018676758 0.72840344905853271484 0.72793507575988769531 0.75036716461181640625 0.76664078235626220703 0.78033518791198730469 0.792446136474609375 0.79861849546432495117 0.80411231517791748047 0.79957598447799682617 0.78264415264129638672 0.78877800703048706055 0.79075664281845092773 0.79356390237808227539 0.7935402989387512207 0.79031598567962646484 0.78362870216369628906 0.75557762384414672852 0.74822777509689331055 0.75159972906112670898 0.75310051441192626953 0.77085596323013305664 0.83632034063339233398 0.84814637899398803711 0.8466631770133972168 0.83952099084854125977 0.83399093151092529297 0.82267743349075317383 0.81864684820175170898 0.84282761812210083008 0.85712546110153198242 0.86472600698471069336 0.87265223264694213867 0.88272780179977416992 0.88507312536239624023 0.92193043231964111328 0.93901419639587402344 0.94042426347732543945 0.93861508369445800781 0.93956696987152099609 -9999 -9999 -9999 -9999 -9999
0.7540149688720703125 0.74247241020202636719 0.72448724508285522461 0.71877664327621459961 0.73618084192276000977 0.76221948862075805664 0.76102346181869506836 0.79195749759674072266 0.80014342069625854492 0.8048419952392578125 0.80481076240539550781 0.79624831676483154297 0.78221237659454345703 0.78378027677536010742 0.78609699010848999023 0.78352636098861694336 0.78114867210388183594 0.77705675363540649414 0.74406790733337402344 0.73035550117492675781 0.73563516139984130859 0.73908495903015136719 0.75984519720077514648 0.82472795248031616211 0.84139478206634521484 0.83724570274353027344 0.83185201883316040039 0.82699376344680786133 0.82415550947189331055 0.82432132959365844727 0.84830451011657714844 0.86334663629531860352 0.87191927433013916016 0.87935435771942138672 0.88305103778839111328 0.88886570930480957031 0.91171336174011230469 0.93625777959823608398 0.94365656375885009766 0.94311571121215820312 -9999 -9999 -9999 -9999 -9999 -9999
0.79024505615234375 0.77980047464370727539 0.76722699403762817383 0.76092904806137084961 0.76045858860015869141 0.77423006296157836914 0.77818971872329711914 0.78867864608764648438 0.80022674798965454102 0.80667740106582641602 0.80684834718704223633 0.80092138051986694336 0.79255670309066772461 0.79494690895080566406 0.79966133832931518555 0.80140435695648193359 0.79971575736999511719 0.79492586851119995117 0.78510481119155883789 0.77003639936447143555 0.77066302299499511719 0.77334809303283691406 0.7852547764778137207 0.83260804414749145508 0.85862016677856445312 0.85757523775100708008 0.855785369873046875 0.85312896966934204102 0.84800493717193603516 0.85218536853790283203 0.87239110469818115234 0.88646912574768066406 0.88885366916656494141 0.89455991983413696289 0.89691329002380371094 0.89762848615646362305 0.90879178047180175781 0.93578153848648071289 0.94477212429046630859 -9999 -9999 -9999 -9999 -9999 -9999 -9999
0.80489999055862426758 0.78704744577407836914 0.77505099773406982422 0.7596041560173034668 0.74873983860015869141 0.77700293064117431641 0.77868592739105224609 0.77395558357238769531 0.78413277864456176758 0.80282872915267944336 0.80606818199157714844 0.80224859714508056641 0.79009997844696044922 0.78666722774505615234 0.79162037372589111328 0.79235464334487915039 0.79276067018508911133 0.78684473037719726562 0.77334040403366088867 0.75758540630340576172 0.76056462526321411133 0.76561552286148071289 0.7706133723258972168 0.81859302520751953125 0.84590053558349609375 0.84476059675216674805 0.84346657991409301758 0.84224462509155273438 0.84332257509231567383 0.85160166025161743164 0.87492418289184570312 0.88630014657974243164 0.88974225521087646484 0.89350050687789916992 0.89497137069702148438 0.89513599872589111328 0.89934694766998291016 0.92714905738830566406 0.94447284936904907227 -9999 -9999 -9999 -9999 -9999 -9999 -9999
0.81407022476196289062 0.8034152984619140625 0.79419749975204467773 0.77388095855712890625 0.75213831663131713867 0.76032429933547973633 0.77292591333389282227 0.77720606327056884766 0.7743682861328125 0.79739290475845336914 0.80658280849456787109 0.80617547035217285156 0.79327487945556640625 0.78797543048858642578 0.78995168209075927734 0.79153859615325927734 0.7915732264518737793 0.79036861658096313477 0.77950066328048706055 0.76552450656890869141 0.76532214879989624023 0.76685619354248046875 0.76852214336395263672 0.81008827686309814453 0.84014564752578735352 0.84406083822250366211 0.84388953447341918945 0.8441054224967956543 0.84019255638122558594 0.84741461277008056641 0.87591177225112915039 0.89107781648635864258 0.89327198266983032227 0.89884817600250244141 0.89739012718200683594 0.89833939075469970703 0.90016579627990722656 0.9194342494010925293 0.9424718022346496582 -9999 -9999 -9999 -9999 -9999 -9999 -9999
0.82156866788864135742 0.81068807840347290039 0.80175226926803588867 0.78908026218414306641 0.77306139469146728516 0.76872885227203369141 0.76450580358505249023 0.75911766290664672852 0.77465075254440307617 0.77941817045211791992 0.79761636257171630859 0.8011849522590637207 0.78919380903244018555 0.77511632442474365234 0.77755874395370483398 0.78073424100875854492 0.77844572067260742188 0.77642965316772460938 0.77011203765869140625 0.75521844625473022461 0.75609934329986572266 0.75781738758087158203 0.75996404886245727539 0.79115313291549682617 0.82343047857284545898 0.83019900321960449219 0.82990157604217529297 0.82918024063110351562 0.83096551895141601562 0.83404636383056640625 0.86762517690658569336 0.88644921779632568359 0.89022833108901977539 0.89332288503646850586 0.89195591211318969727 0.8914356231689453125 0.8936150670051574707 0.9054768681526184082 -9999 -9999 -9999 -9999 -9999 -9999 -9999 -9999
0.82817083597183227539 0.81408149003982543945 0.80046278238296508789 0.79382824897766113281 0.77837365865707397461 0.76058751344680786133 0.74202316999435424805 0.76425671577453613281 0.75970935821533203125 0.77398890256881713867 0.78942430019378662109 0.80633252859115600586 0.79741996526718139648 0.78188800811767578125 0.786376953125 0.78847372531890869141 0.79163092374801635742 0.78983706235885620117 0.78349053859710693359 0.76729536056518554688 0.76747727394104003906 0.76926589012145996094 0.77092611789703369141 0.79410135746002197266 0.82744771242141723633 0.83690500259399414062 0.83981496095657348633 0.83878970146179199219 0.83960962295532226562 0.8409633636474609375 0.86845517158508300781 0.89377814531326293945 0.89651709794998168945 0.89773070812225341797 0.89788103103637695312 0.89850622415542602539 0.90096521377563476562 0.91518676280975341797 -9999 -9999 -9999 -9999 -9999 -9999 -9999 -9999
0.83627265691757202148 0.82421916723251342773 0.80468678474426269531 0.78781580924987792969 0.77493155002593994141 0.75859743356704711914 0.74982815980911254883 0.77433198690414428711 0.77259409427642822266 0.77242320775985717773 0.7815176844596862793 0.80489492416381835938 0.79782056808471679688 0.78963035345077514648 0.79452401399612426758 0.79658484458923339844 0.79696375131607055664 0.79777950048446655273 0.79142415523529052734 0.77899771928787231445 0.77407366037368774414 0.7767848968505859375 0.77982276678085327148 0.79085397720336914062 0.82720571756362915039 0.84069597721099853516 0.84168279170989990234 0.84185135364532470703 0.84181582927703857422 0.846523284912109375 0.85878539085388183594 0.89122730493545532227 0.89981520175933837891 0.90102881193161010742 0.90265488624572753906 0.90229856967926025391 0.90981209278106689453 -9999 -9999 -9999 -9999 -9999 -9999 -9999 -9999 -9999
0.82060843706130981445 0.81952720880508422852 0.80591428279876708984 0.78798234462738037109 0.76670759916305541992 0.76126307249069213867 0.77051532268524169922 0.77670764923095703125 0.77297788858413696289 0.75137883424758911133 0.7672360539436340332 0.79692387580871582031 0.80078309774398803711 0.7858073115348815918 0.78749829530715942383 0.79014581441879272461 0.79225176572799682617 0.79284179210662841797 0.78995472192764282227 0.77927422523498535156 0.77305972576141357422 0.77405947446823120117 0.77711242437362670898 0.78196990489959716797 0.81594896316528320312 0.83301216363906860352 0.83708482980728149414 0.8373546600341796875 0.83793735504150390625 0.83909761905670166016 0.84689062833786010742 0.88194233179092407227 0.89411377906799316406 0.89709687232971191406 0.89863985776901245117 0.90092200040817260742 0.91878926753997802734 -9999 -9999 -9999 -9999 -9999 -9999 -9999 -9999 -9999
0.81730562448501586914 0.81173157691955566406 0.79989469051361083984 0.79048168659210205078 0.76462817192077636719 0.76920914649963378906 0.76526218652725219727 0.75035238265991210938 0.78009516000747680664 0.77194958925247192383 0.78310102224349975586 0.80039936304092407227 0.80431312322616577148 0.79886126518249511719 0.80109483003616333008 0.80336105823516845703 0.80445647239685058594 0.80492585897445678711 0.80043846368789672852 0.78918766975402832031 0.78988766670227050781 0.78745615482330322266 0.79467844963073730469 0.79466855525970458984 0.81732398271560668945 0.83941817283630371094 0.84451276063919067383 0.84572273492813110352 0.84796482324600219727 0.84872215986251831055 0.84733569622039794922 0.87745767831802368164 0.89851790666580200195 0.90408992767333984375 0.90563178062438964844 0.91224396228790283203 -9999 -9999 -9999 -9999 -9999 -9999 -9999 -9999 -9999 -9999
0.80969649553298950195 0.80221742391586303711 0.79595518112182617188 0.78247350454330444336 0.7795378565788269043 0.77016860246658325195 0.75656920671463012695 0.76966726779937744141 0.77926176786422729492 0.77815490961074829102 0.77539277076721191406 0.78876054286956787109 0.80095249414443969727 0.79625916481018066406 0.7980753779411315918 0.79994755983352661133 0.80009239912033081055 0.80179816484451293945 0.79945325851440429688 0.78873330354690551758 0.78162306547164916992 0.7857602238655090332 0.79164201021194458008 0.79087185859680175781 0.80678308010101318359 0.83170622587203979492 0.8432623744010925293 0.84056782722473144531 0.84693551063537597656 0.84876555204391479492 0.85043382644653320312 0.86922055482864379883 0.89501672983169555664 0.90613412857055664062 0.91616243124008178711 -9999 -9999 -9999 -9999 -9999 -9999 -9999 -9999 -9999 -9999 -9999
0.81383121013641357422 0.80682128667831420898 0.80095362663269042969 0.7908045649528503418 0.783283233642578125 0.7649860382080078125 0.76276564598083496094 0.76030409336090087891 0.77233910560607910156 0.77265775203704833984 0.76145595312118530273 0.76478368043899536133 0.79184055328369140625 0.78778636455535888672 0.79005819559097290039 0.79289299249649047852 0.79285740852355957031 0.79281055927276611328 0.79199129343032836914 0.78224515914916992188 0.76769345998764038086 0.77558296918869018555 0.7771015167236328125 0.77488398551940917969 0.78471016883850097656 0.8156273961067199707 0.82951349020004272461 0.83327317237854003906 0.84096056222915649414 0.84258973598480224609 0.84224945306777954102 0.8554388880729675293 0.88031405210494995117 0.90024793148040771484 0.91841471195220947266 -9999 -9999 -9999 -9999 -9999 -9999 -9999 -9999 -9999 -9999 -9999
0.80995333194732666016 0.79951184988021850586 0.79627013206481933594 0.79025644063949584961 0.77978563308715820312 0.77590239048004150391 0.76856559514999389648 0.77046823501586914062 0.77530997991561889648 0.77369350194931030273 0.76846796274185180664 0.76400899887084960938 0.78917455673217773438 0.79375338554382324219 0.794193267822265625 0.79521071910858154297 0.79630321264266967773 0.79653984308242797852 0.79232817888259887695 0.78214156627655029297 0.77075254917144775391 0.77640795707702636719 0.78010892868041992188 0.77976107597351074219 0.78786742687225341797 0.81879413127899169922 0.83777153491973876953 0.84113633632659912109 0.84786701202392578125 0.85528141260147094727 0.85676628351211547852 0.86808276176452636719 0.8824405670166015625 0.91507852077484130859 -9999 -9999 -9999 -9999 -9999 -9999 -9999 -9999 -9999 -9999 -9999 -9999
0.80832749605178833008 0.79804772138595581055 0.79442816972732543945 0.78827571868896484375 0.77364003658294677734 0.75954830646514892578 0.75151526927947998047 0.77499932050704956055 0.78181558847427368164 0.78494757413864135742 0.78664070367813110352 0.78688597679138183594 0.79884475469589233398 0.80192035436630249023 0.80362164974212646484 0.80561941862106323242 0.80600363016128540039 0.80740469694137573242 0.80432879924774169922 0.79903274774551391602 0.78813654184341430664 0.79058533906936645508 0.79292708635330200195 0.79270064830780029297 0.79582327604293823242 0.82549679279327392578 0.84689342975616455078 0.85322737693786621094 0.85938507318496704102 0.86592578887939453125 0.86863386631011962891 0.87440502643585205078 0.86631625890731811523 -9999 -9999 -9999 -9999 -9999 -9999 -9999 -9999 -9999 -9999 -9999 -9999 -9999
0.80312287807464599609 0.79114770889282226562 0.78492975234985351562 0.77752912044525146484 0.77601200342178344727 0.76082366704940795898 0.77385175228118896484 0.78504621982574462891 0.7933871150016784668 0.7975978851318359375 0.80311769247055053711 0.8083756566047668457 0.81260943412780761719 0.81715083122253417969 0.81889885663986206055 0.81977665424346923828 0.8204390406608581543 0.81827294826507568359 0.81555795669555664062 0.81352001428604125977 0.80459916591644287109 0.80902057886123657227 0.81103080511093139648 0.8128516077995300293 0.81479376554489135742 0.84245181083679199219 0.86908143758773803711 0.86999869346618652344 0.87812155485153198242 0.88158929347991943359 0.88122659921646118164 0.88512897491455078125 -9999 -9999 -9999 -9999 -9999 -9999 -9999 -9999 -9999 -9999 -9999 -9999 -9999 -9999
0.80046981573104858398 0.78989225625991821289 0.78114092350006103516 0.77604687213897705078 0.77367269992828369141 0.77566689252853393555 0.78060114383697509766 0.76921993494033813477 0.78167772293090820312 0.78972667455673217773 0.79360532760620117188 0.79836362600326538086 0.80255889892578125 0.80705934762954711914 0.80857008695602416992 0.81076478958129882812 0.80915528535842895508 0.80960881710052490234 0.80768644809722900391 0.80389356613159179688 0.79029852151870727539 0.79481923580169677734 0.79491579532623291016 0.79831928014755249023 0.79928880929946899414 0.8318087458610534668 0.86494147777557373047 0.87125378847122192383 0.87787777185440063477 0.88016861677169799805 0.88351911306381225586 -9999 -9999 -9999 -9999 -9999 -9999 -9999 -9999 -9999 -9999 -9999 -9999 -9999 -9999 -9999
0.79234212636947631836 0.77953630685806274414 0.77268671989440917969 0.7785218358039855957 0.78058946132659912109 0.78329879045486450195 0.78713881969451904297 0.77420890331268310547 0.78702390193939208984 0.79387611150741577148 0.80028873682022094727 0.80502796173095703125 0.80843675136566162109 0.81284731626510620117 0.81579512357711791992 0.81442105770111083984 0.81266289949417114258 0.81370413303375244141 0.81272119283676147461 0.80702441930770874023 0.7947203516960144043 0.80220711231231689453 0.80536687374114990234 0.80570745468139648438 0.80593383312225341797 0.83827406167984008789 0.87099951505661010742 0.88119262456893920898 0.88705962896347045898 0.89029455184936523438 0.89332562685012817383 -9999 -9999 -9999 -9999 -9999 -9999 -9999 -9999 -9999 -9999 -9999 -9999 -9999 -9999 -9999
0.7852770686149597168 0.77550518512725830078 0.78239458799362182617 0.78548979759216308594 0.78232353925704956055 0.79412657022476196289 0.78989702463150024414 0.78088718652725219727 0.78773462772369384766 0.79284048080444335938 0.79814738035202026367 0.80077588558197021484 0.80380862951278686523 0.8045971989631652832 0.80934530496597290039 0.8100439906120300293 0.81112873554229736328 0.8103325963020324707 0.81062018871307373047 0.80600780248641967773 0.79393529891967773438 0.79852348566055297852 0.80119192600250244141 0.80104899406433105469 0.80314707756042480469 0.83160287141799926758 0.87105119228363037109 0.88398247957229614258 0.89477682113647460938 0.89897811412811279297 -9999 -9999 -9999 -9999 -9999 -9999 -9999 -9999 -9999 -9999 -9999 -9999 -9999 -9999 -9999 -9999
0.78550016880035400391 0.78493016958236694336 0.78286951780319213867 0.78535425662994384766 0.79110896587371826172 0.79831027984619140625 0.78537350893020629883 0.78144830465316772461 0.78871381282806396484 0.79321825504302978516 0.79526424407958984375 0.79903304576873779297 0.79992544651031494141 0.8008467555046081543 0.80683028697967529297 0.80821639299392700195 0.80678981542587280273 0.80885118246078491211 0.80747950077056884766 0.7984943389892578125 0.79154062271118164062 0.80194306373596191406 0.80371385812759399414 0.80329656600952148438 0.80398690700531005859 0.83023625612258911133 0.87463361024856567383 0.8921120762825012207 0.90890675783157348633 -9999 -9999 -9999 -9999 -9999 -9999 -9999 -9999 -9999 -9999 -9999 -9999 -9999 -9999 -9999 -9999 -9999
0.78935468196868896484 0.78895473480224609375 0.78979218006134033203 0.79107558727264404297 0.80055391788482666016 0.80295908451080322266 0.79460912942886352539 0.7982375025749206543 0.80521702766418457031 0.80734395980834960938 0.81025105714797973633 0.81356954574584960938 0.81460279226303100586 0.81286472082138061523 0.81774157285690307617 0.82037448883056640625 0.81821238994598388672 0.82051014900207519531 0.82297939062118530273 0.81775236129760742188 0.81963950395584106445 0.82330727577209472656 0.82484531402587890625 0.82773542404174804688 0.82891619205474853516 0.84477508068084716797 0.88187986612319946289 0.90585458278656005859 -9999 -9999 -9999 -9999 -9999 -9999 -9999 -9999 -9999 -9999 -9999 -9999 -9999 -9999 -9999 -9999 -9999 -9999
