data/ReDellaPietra/2/ReDellaPietra_skyview_2.asc
ncols        120
nrows        149
xllcorner    1710297.231035964563
yllcorner    4861535.499997077510
cellsize     10.000000000000
NODATA_value  -9999
[rows 63 to 83 of 149, columns 0 to 45 of 120]
-9999 -9999 -9999 -9999 -9999 -9999 -9999 -9999 -9999 -9999 -9999 -9999 -9999 -9999 0.89452052116394042969 0.91446882486343383789 0.91458940505981445312 0.92167609930038452148 0.92396849393844604492 0.92707175016403198242 0.9290345311164855957 0.92996138334274291992 0.93004912137985229492 0.92726361751556396484 0.91848862171173095703 0.89959418773651123047 0.85921305418014526367 0.83475637435913085938 0.82476848363876342773 0.83063977956771850586 0.8307883143424987793 0.82539391517639160156 0.82544118165969848633 0.82090109586715698242 0.81703418493270874023 0.82160520553588867188 0.80743390321731567383 0.8299503326416015625 0.83500748872756958008 0.81140673160552978516 0.76128673553466796875 0.78675192594528198242 0.78200876712799072266 0.78225189447402954102 0.79255211353302001953 0.79276621341705322266
-9999 -9999 -9999 -9999 -9999 -9999 -9999 -9999 -9999 -9999 -9999 -9999 -9999 0.89713519811630249023 0.88941019773483276367 0.91217714548110961914 0.91623151302337646484 0.92054116725921630859 0.92309111356735229492 0.92506694793701171875 0.92881029844284057617 0.92947691679000854492 0.93089818954467773438 0.93260991573333740234 0.93022686243057250977 0.91960674524307250977 0.88195794820785522461 0.83848136663436889648 0.80173009634017944336 0.83327269554138183594 0.83358329534530639648 0.82684051990509033203 0.83005732297897338867 0.82427620887756347656 0.8210461735725402832 0.82433241605758666992 0.81663787364959716797 0.82484680414199829102 0.83854657411575317383 0.81550449132919311523 0.78476947546005249023 0.79535108804702758789 0.79520690441131591797 0.78756469488143920898 0.79642111063003540039 0.80053550004959106445
-9999 -9999 -9999 -9999 -9999 -9999 -9999 -9999 -9999 -9999 -9999 -9999 -9999 0.89429181814193725586 0.89109623432159423828 0.90167200565338134766 0.91034811735153198242 0.92039281129837036133 0.92410761117935180664 0.92472124099731445312 0.92858707904815673828 0.93126547336578369141 0.93255621194839477539 0.93499201536178588867 0.93476706743240356445 0.93084371089935302734 0.91698569059371948242 0.88098102807998657227 0.82015264034271240234 0.82344275712966918945 0.83821731805801391602 0.83429580926895141602 0.82960426807403564453 0.82863646745681762695 0.82875651121139526367 0.83167362213134765625 0.82280308008193969727 0.83030986785888671875 0.84110939502716064453 0.81290584802627563477 0.80853784084320068359 0.80979001522064208984 0.80517792701721191406 0.80373090505599975586 0.79467976093292236328 0.79664075374603271484
-9999 -9999 -9999 -9999 -9999 -9999 -9999 -9999 -9999 -9999 -9999 -9999 0.88674640655517578125 0.88685142993927001953 0.8794848322868347168 0.88742846250534057617 0.8830108642578125 0.91419202089309692383 0.92032974958419799805 0.92232656478881835938 0.92710012197494506836 0.92892318964004516602 0.92897999286651611328 0.93069314956665039062 0.93527144193649291992 0.93298316001892089844 0.92948478460311889648 0.91611886024475097656 0.87499707937240600586 0.83035778999328613281 0.834163665771484375 0.83199024200439453125 0.83282250165939331055 0.83220148086547851562 0.83568608760833740234 0.83993989229202270508 0.83983218669891357422 0.83635622262954711914 0.82953417301177978516 0.81421297788619995117 0.81522607803344726562 0.81632000207901000977 0.81262832880020141602 0.81916522979736328125 0.82147908210754394531 0.82544529438018798828
-9999 -9999 -9999 -9999 -9999 -9999 -9999 -9999 -9999 0.90418565273284912109 0.89934724569320678711 0.89370924234390258789 0.89690411090850830078 0.89235872030258178711 0.87936758995056152344 0.88106375932693481445 0.89098763465881347656 0.90673196315765380859 0.91359430551528930664 0.90554898977279663086 0.92603504657745361328 0.92826306819915771484 0.92712986469268798828 0.92873674631118774414 0.93083977699279785156 0.93451046943664550781 0.93220412731170654297 0.93220317363739013672 0.90933954715728759766 0.8734824061393737793 0.84892201423645019531 0.83198237419128417969 0.83108538389205932617 0.83747452497482299805 0.83798021078109741211 0.84129405021667480469 0.84079653024673461914 0.83709287643432617188 0.83103805780410766602 0.82296150922775268555 0.82566505670547485352 0.82977044582366943359 0.83265793323516845703 0.83094680309295654297 0.82357680797576904297 0.82283890247344970703
-9999 -9999 -9999 -9999 -9999 -9999 -9999 -9999 -9999 0.90975469350814819336 0.90112388134002685547 0.89556032419204711914 0.90036195516586303711 0.8943983912467956543 0.88372015953063964844 0.88919484615325927734 0.88133955001831054688 0.89263308048248291016 0.89527207612991333008 0.89678668975830078125 0.920742034912109375 0.92563623189926147461 0.92607319355010986328 0.92830330133438110352 0.9259516596794128418 0.93112027645111083984 0.93697082996368408203 0.93539315462112426758 0.93242233991622924805 0.91614383459091186523 0.89559340476989746094 0.86119514703750610352 0.84967321157455444336 0.85443395376205444336 0.85741251707077026367 0.85498756170272827148 0.85664159059524536133 0.85668087005615234375 0.8470503687858581543 0.82887446880340576172 0.82714366912841796875 0.829265594482421875 0.82680326700210571289 0.82023483514785766602 0.81823670864105224609 0.81677597761154174805
-9999 -9999 -9999 -9999 -9999 -9999 -9999 -9999 -9999 0.90303802490234375 0.89859086275100708008 0.8935763239860534668 0.89921921491622924805 0.89160960912704467773 0.8810335993766784668 0.88507360219955444336 0.88006424903869628906 0.8737303614616394043 0.86825454235076904297 0.86995077133178710938 0.91047686338424682617 0.91493242979049682617 0.92180144786834716797 0.92463004589080810547 0.92149001359939575195 0.92222130298614501953 0.93206971883773803711 0.9271551966667175293 0.93746900558471679688 0.92668795585632324219 0.91921329498291015625 0.88395559787750244141 0.843280792236328125 0.84726887941360473633 0.85032260417938232422 0.84353929758071899414 0.84654837846755981445 0.84155648946762084961 0.83566462993621826172 0.81775134801864624023 0.81743347644805908203 0.81944513320922851562 0.81362760066986083984 0.8101806640625 0.80235540866851806641 0.80704611539840698242
-9999 -9999 -9999 -9999 -9999 -9999 -9999 -9999 -9999 -9999 0.89880985021591186523 0.89568114280700683594 0.90038031339645385742 0.89759749174118041992 0.88429176807403564453 0.88978779315948486328 0.88157027959823608398 0.86402362585067749023 0.80998921394348144531 0.85397350788116455078 0.89726716279983520508 0.9054533839225769043 0.91769999265670776367 0.92200791835784912109 0.91896736621856689453 0.916828155517578125 0.9274565577507019043 0.93017297983169555664 0.93829333782196044922 0.93223792314529418945 0.93210291862487792969 0.89590245485305786133 0.84525763988494873047 0.84951823949813842773 0.84839534759521484375 0.8453083038330078125 0.84737855195999145508 0.84230560064315795898 0.82918256521224975586 0.81097167730331420898 0.79911828041076660156 0.79833239316940307617 0.79678368568420410156 0.79263001680374145508 0.78939455747604370117 0.80590647459030151367
-9999 -9999 -9999 -9999 -9999 -9999 -9999 -9999 -9999 -9999 0.89522260427474975586 0.89359402656555175781 0.8986949920654296875 0.89830458164215087891 0.88329428434371948242 0.88902044296264648438 0.87991869449615478516 0.87304478883743286133 0.84570157527923583984 0.84740048646926879883 0.87574678659439086914 0.88376474380493164062 0.89416772127151489258 0.90034031867980957031 0.8990567326545715332 0.89696943759918212891 0.90899753570556640625 0.91765135526657104492 0.93018710613250732422 0.93865686655044555664 0.93616342544555664062 0.90251529216766357422 0.84654134511947631836 0.84996491670608520508 0.84496790170669555664 0.84411436319351196289 0.83662766218185424805 0.83249807357788085938 0.81994783878326416016 0.80223709344863891602 0.79601728916168212891 0.7927487492561340332 0.78673422336578369141 0.78133654594421386719 0.78319561481475830078 0.79674601554870605469
-9999 -9999 -9999 -9999 -9999 -9999 -9999 -9999 -9999 -9999 -9999 0.89483660459518432617 0.90167033672332763672 0.9037119746208190918 0.88991934061050415039 0.89209198951721191406 0.87359786033630371094 0.86540651321411132812 0.85388898849487304688 0.84087312221527099609 0.85754811763763427734 0.85634970664978027344 0.86443907022476196289 0.87279337644577026367 0.86785101890563964844 0.86857444047927856445 0.88129961490631103516 0.89361554384231567383 0.904491424560546875 0.9235820770263671875 0.916961669921875 0.90504688024520874023 0.86873805522918701172 0.85708647966384887695 0.84767735004425048828 0.84521496295928955078 0.83180564641952514648 0.82450413703918457031 0.81429541110992431641 0.80486816167831420898 0.79692888259887695312 0.79492980241775512695 0.7831859588623046875 0.76987230777740478516 0.78845059871673583984 0.79974931478500366211
-9999 -9999 -9999 -9999 -9999 -9999 -9999 -9999 -9999 -9999 -9999 0.88862687349319458008 0.90018594264984130859 0.90042835474014282227 0.88056045770645141602 0.88238888978958129883 0.86434090137481689453 0.86023652553558349609 0.85349839925765991211 0.83711183071136474609 0.86047703027725219727 0.85260850191116333008 0.86342233419418334961 0.8698546290397644043 0.86619418859481811523 0.86673402786254882812 0.88035970926284790039 0.88923233747482299805 0.88854968547821044922 0.90497153997421264648 0.92393362522125244141 0.91781377792358398438 0.90481954813003540039 0.86875140666961669922 0.85368859767913818359 0.84897756576538085938 0.83959358930587768555 0.82988631725311279297 0.81684476137161254883 0.80068325996398925781 0.79982829093933105469 0.79293513298034667969 0.78594183921813964844 0.78274482488632202148 0.78874111175537109375 0.79479622840881347656
-9999 -9999 -9999 -9999 -9999 -9999 -9999 -9999 -9999 -9999 -9999 0.89387291669845581055 0.90806126594543457031 0.90899050235748291016 0.88582086563110351562 0.88415318727493286133 0.86367762088775634766 0.85383445024490356445 0.85152184963226318359 0.82878011465072631836 0.85783851146697998047 0.85274815559387207031 0.86429083347320556641 0.87221509218215942383 0.86721187829971313477 0.86915701627731323242 0.88109046220779418945 0.89032447338104248047 0.89025592803955078125 0.8937752842903137207 0.91733497381210327148 0.91732120513916015625 0.91844129562377929688 0.89472419023513793945 0.85894578695297241211 0.84566974639892578125 0.82909923791885375977 0.81822633743286132812 0.79928469657897949219 0.7822367548942565918 0.77825939655303955078 0.77707642316818237305 0.76296269893646240234 0.75859683752059936523 0.77705860137939453125 0.78979051113128662109
-9999 -9999 -9999 -9999 -9999 -9999 -9999 -9999 -9999 -9999 -9999 -9999 0.91306823492050170898 0.91093033552169799805 0.8940143585205078125 0.8832404017448425293 0.8712558746337890625 0.85711103677749633789 0.84660029411315917969 0.84419423341751098633 0.84561294317245483398 0.8458995819091796875 0.86038851737976074219 0.86814743280410766602 0.86484420299530029297 0.86952531337738037109 0.88003450632095336914 0.89139097929000854492 0.88950723409652709961 0.89127516746520996094 0.91596311330795288086 0.91986733675003051758 0.92297786474227905273 0.91731822490692138672 0.88795834779739379883 0.86796158552169799805 0.85051017999649047852 0.83484119176864624023 0.81125879287719726562 0.79327523708343505859 0.79086184501647949219 0.78910577297210693359 0.78117203712463378906 0.78067344427108764648 0.78637683391571044922 0.79897665977478027344
-9999 -9999 -9999 -9999 -9999 -9999 -9999 -9999 -9999 -9999 -9999 -9999 0.91474282741546630859 0.90899801254272460938 0.89767587184906005859 0.88353973627090454102 0.87010991573333740234 0.85518091917037963867 0.84317135810852050781 0.83276480436325073242 0.83994936943054199219 0.84130084514617919922 0.85972827672958374023 0.86419439315795898438 0.86738580465316772461 0.8705081939697265625 0.87852144241333007812 0.88973164558410644531 0.89018088579177856445 0.8900279998779296875 0.90838950872421264648 0.92719769477844238281 0.9380931854248046875 0.92518734931945800781 0.90073668956756591797 0.88557136058807373047 0.86818015575408935547 0.85515481233596801758 0.82684123516082763672 0.79989731311798095703 0.79713261127471923828 0.79759085178375244141 0.79038983583450317383 0.78918892145156860352 0.79645454883575439453 0.80076491832733154297
-9999 -9999 -9999 -9999 -9999 -9999 -9999 -9999 -9999 -9999 -9999 -9999 -9999 0.91242516040802001953 0.89898532629013061523 0.88157224655151367188 0.86584138870239257812 0.85142815113067626953 0.82934027910232543945 0.78231883049011230469 0.80149894952774047852 0.83070546388626098633 0.85306096076965332031 0.86257827281951904297 0.86340671777725219727 0.86876821517944335938 0.87482041120529174805 0.88432151079177856445 0.88404345512390136719 0.88482654094696044922 0.89605742692947387695 0.90592330694198608398 0.92807060480117797852 0.93112540245056152344 0.91565793752670288086 0.89506185054779052734 0.87426853179931640625 0.86946594715118408203 0.83747953176498413086 0.80333435535430908203 0.79361385107040405273 0.79517626762390136719 0.78788995742797851562 0.78071683645248413086 0.79456293582916259766 0.79961699247360229492
-9999 -9999 -9999 -9999 -9999 -9999 -9999 -9999 -9999 -9999 -9999 -9999 -9999 0.91373878717422485352 0.90267902612686157227 0.89823931455612182617 0.87912881374359130859 0.84938001632690429688 0.8330186009407043457 0.79770195484161376953 0.84205675125122070312 0.84223437309265136719 0.84925860166549682617 0.86408483982086181641 0.86662745475769042969 0.87270009517669677734 0.87760275602340698242 0.88805204629898071289 0.88548940420150756836 0.88439047336578369141 0.8932952880859375 0.89690393209457397461 0.91649550199508666992 0.93298494815826416016 0.9225559234619140625 0.91293585300445556641 0.88763964176177978516 0.87592172622680664062 0.84631127119064331055 0.80486100912094116211 0.79526954889297485352 0.79424864053726196289 0.78874117136001586914 0.78409874439239501953 0.7923844456672668457 0.79296660423278808594
-9999 -9999 -9999 -9999 -9999 -9999 -9999 -9999 -9999 -9999 -9999 -9999 -9999 -9999 0.90564024448394775391 0.89841812849044799805 0.87930154800415039062 0.84553354978561401367 0.82945728302001953125 0.83119094371795654297 0.85699254274368286133 0.86026871204376220703 0.86963373422622680664 0.87205046415328979492 0.86325871944427490234 0.86899894475936889648 0.87124866247177124023 0.88171339035034179688 0.88097524642944335938 0.88017195463180541992 0.88521134853363037109 0.88678348064422607422 0.90481114387512207031 0.92702531814575195312 0.9275684356689453125 0.92036902904510498047 0.89491319656372070312 0.88270497322082519531 0.85458362102508544922 0.80607265233993530273 0.79578828811645507812 0.79434925317764282227 0.79123854637145996094 0.78409016132354736328 0.78367966413497924805 0.78750252723693847656
-9999 -9999 -9999 -9999 -9999 -9999 -9999 -9999 -9999 -9999 -9999 -9999 -9999 -9999 0.90800380706787109375 0.90143668651580810547 0.88599729537963867188 0.85558378696441650391 0.83383721113204956055 0.8556957244873046875 0.86338144540786743164 0.86478859186172485352 0.87664520740509033203 0.87904202938079833984 0.8811352849006652832 0.88352596759796142578 0.88061511516571044922 0.88818973302841186523 0.88655209541320800781 0.88247048854827880859 0.88811314105987548828 0.88785713911056518555 0.89991605281829833984 0.92035132646560668945 0.93639028072357177734 0.9278786778450012207 0.91190636157989501953 0.89555644989013671875 0.85964608192443847656 0.81645005941390991211 0.80975210666656494141 0.80821627378463745117 0.8052730560302734375 0.79727476835250854492 0.78004819154739379883 0.78261470794677734375
-9999 -9999 -9999 -9999 -9999 -9999 -9999 -9999 -9999 -9999 -9999 -9999 -9999 -9999 -9999 0.9095522761344909668 0.89199900627136230469 0.87039619684219360352 0.84822410345077514648 0.86619269847869873047 0.87287473678588867188 0.86950850486755371094 0.87886905670166015625 0.8848857879638671875 0.88709175586700439453 0.88859486579895019531 0.88956654071807861328 0.89410489797592163086 0.88770437240600585938 0.87940019369125366211 0.88632768392562866211 0.88397657871246337891 0.89534747600555419922 0.91169840097427368164 0.92580413818359375 0.93568766117095947266 0.91735112667083740234 0.90682178735733032227 0.86421144008636474609 0.81716114282608032227 0.81216889619827270508 0.80806165933609008789 0.80953001976013183594 0.80057036876678466797 0.7820981144905090332 0.76053398847579956055
-9999 -9999 -9999 -9999 -9999 -9999 -9999 -9999 -9999 -9999 -9999 -9999 -9999 -9999 -9999 0.9125118255615234375 0.89163124561309814453 0.87607574462890625 0.87450128793716430664 0.87730050086975097656 0.87624621391296386719 0.87317126989364624023 0.88180863857269287109 0.8859202265739440918 0.88912808895111083984 0.88998723030090332031 0.89263528585433959961 0.89810717105865478516 0.88797599077224731445 0.87205582857131958008 0.87919408082962036133 0.87568956613540649414 0.8858489990234375 0.90595418214797973633 0.91449064016342163086 0.93266022205352783203 0.9177106022834777832 0.90759551525115966797 0.86288106441497802734 0.81726837158203125 0.82299602031707763672 0.82071894407272338867 0.81810098886489868164 0.81560605764389038086 0.79782521724700927734 0.76676785945892333984
-9999 -9999 -9999 -9999 -9999 -9999 -9999 -9999 -9999 -9999 -9999 -9999 -9999 -9999 -9999 0.91640448570251464844 0.90620237588882446289 0.89219760894775390625 0.88889157772064208984 0.88255482912063598633 0.87836450338363647461 0.87499958276748657227 0.88433116674423217773 0.88895213603973388672 0.89137780666351318359 0.89139568805694580078 0.89389640092849731445 0.89795476198196411133 0.88935804367065429688 0.8667227625846862793 0.87133896350860595703 0.86209928989410400391 0.87845575809478759766 0.89740806818008422852 0.91228139400482177734 0.92805230617523193359 0.93070006370544433594 0.90362000465393066406 0.85118257999420166016 0.83724993467330932617 0.82903558015823364258 0.83535867929458618164 0.83190631866455078125 0.82450413703918457031 0.7970116734504699707 0.76614117622375488281
