data/ReDellaPietra/2/ReDellaPietra_skyview_2.asc
ncols        120
nrows        149
xllcorner    1710297.231035964563
yllcorner    4861535.499997077510
cellsize     10.000000000000
NODATA_value  -9999
[rows 42 to 62 of 149, columns 46 to 91 of 120]
0.83905303478240966797 0.83022272586822509766 0.84484922885894775391 0.85176891088485717773 0.85015976428985595703 0.8507645726203918457 0.8596712946891784668 0.85496318340301513672 0.86106544733047485352 0.83507138490676879883 0.83742570877075195312 0.84298348426818847656 0.83936876058578491211 0.84984022378921508789 0.85254681110382080078 -9999 -9999 -9999 -9999 -9999 -9999 -9999 -9999 -9999 -9999 -9999 -9999 -9999 -9999 -9999 -9999 -9999 -9999 -9999 -9999 -9999 -9999 -9999 -9999 -9999 -9999 -9999 -9999 -9999 -9999 -9999
0.83129972219467163086 0.82455855607986450195 0.8409417271614074707 0.84599524736404418945 0.852214813232421875 0.85597074031829833984 0.86259800195693969727 0.86097466945648193359 0.8576743006706237793 0.85056793689727783203 0.85437816381454467773 0.85002142190933227539 0.85389149188995361328 0.85536074638366699219 0.85689252614974975586 -9999 -9999 -9999 -9999 -9999 -9999 -9999 -9999 -9999 -9999 -9999 -9999 -9999 -9999 -9999 -9999 -9999 -9999 -9999 -9999 -9999 -9999 -9999 -9999 -9999 -9999 -9999 -9999 -9999 -9999 -9999
0.82131487131118774414 0.81432920694351196289 0.82324737310409545898 0.84536540508270263672 0.85488468408584594727 0.86030900478363037109 0.86313360929489135742 0.86400955915451049805 0.86104369163513183594 0.85785752534866333008 0.86059689521789550781 0.85729861259460449219 0.85867583751678466797 0.85810017585754394531 0.85986405611038208008 0.85340136289596557617 -9999 -9999 -9999 -9999 -9999 -9999 -9999 -9999 -9999 -9999 -9999 -9999 -9999 -9999 -9999 -9999 -9999 -9999 -9999 -9999 -9999 -9999 -9999 -9999 -9999 -9999 -9999 -9999 -9999 -9999
0.82834213972091674805 0.81997442245483398438 0.81686240434646606445 0.84546625614166259766 0.85422104597091674805 0.86023801565170288086 0.86458122730255126953 0.86563515663146972656 0.85641580820083618164 0.85463786125183105469 0.85800033807754516602 0.85928261280059814453 0.86094707250595092773 0.86155343055725097656 0.86211568117141723633 0.848728179931640625 0.77855312824249267578 0.83056533336639404297 -9999 -9999 -9999 -9999 -9999 -9999 -9999 -9999 -9999 -9999 -9999 -9999 -9999 -9999 -9999 -9999 -9999 -9999 -9999 -9999 -9999 -9999 -9999 -9999 -9999 -9999 -9999 -9999
0.83004075288772583008 0.81699073314666748047 0.80110228061676025391 0.84331232309341430664 0.85639768838882446289 0.86169260740280151367 0.86616778373718261719 0.86767339706420898438 0.86149138212203979492 0.8419806361198425293 0.85084128379821777344 0.857357025146484375 0.85737359523773193359 0.86094015836715698242 0.85795342922210693359 0.82510107755661010742 0.79453140497207641602 0.84021538496017456055 0.86404299736022949219 0.86600005626678466797 0.86679744720458984375 -9999 -9999 -9999 -9999 -9999 -9999 -9999 -9999 -9999 -9999 -9999 -9999 -9999 -9999 -9999 -9999 -9999 -9999 -9999 -9999 -9999 -9999 -9999 -9999 -9999
0.8471851348876953125 0.83309149742126464844 0.83387315273284912109 0.84692895412445068359 0.85663866996765136719 0.86258786916732788086 0.86621713638305664062 0.8676732182502746582 0.86681956052780151367 0.8548609614372253418 0.84429335594177246094 0.85759520530700683594 0.85389649868011474609 0.85732114315032958984 0.85348075628280639648 0.8318004608154296875 0.82877659797668457031 0.85811966657638549805 0.87319189310073852539 0.87636792659759521484 0.87518507242202758789 0.87420701980590820312 0.87709808349609375 -9999 -9999 -9999 -9999 -9999 -9999 -9999 -9999 -9999 -9999 -9999 -9999 -9999 -9999 -9999 -9999 -9999 -9999 -9999 -9999 -9999 -9999 -9999
0.85936468839645385742 0.83756327629089355469 0.83748447895050048828 0.85500633716583251953 0.85541379451751708984 0.86204183101654052734 0.86559897661209106445 0.86663788557052612305 0.86683177947998046875 0.80879515409469604492 0.85230171680450439453 0.85875421762466430664 0.85646641254425048828 0.8549683690071105957 0.84745699167251586914 0.81354743242263793945 0.83074986934661865234 0.86235773563385009766 0.87107127904891967773 0.87052172422409057617 0.87361377477645874023 0.87445187568664550781 0.87563329935073852539 0.87661445140838623047 0.87749940156936645508 -9999 -9999 -9999 -9999 -9999 -9999 -9999 -9999 -9999 -9999 -9999 -9999 -9999 -9999 -9999 -9999 -9999 -9999 -9999 -9999 -9999
0.86645478010177612305 0.85113513469696044922 0.85440224409103393555 0.86254155635833740234 0.86346209049224853516 0.86532360315322875977 0.86557465791702270508 0.86392331123352050781 0.86430114507675170898 0.82996213436126708984 0.85751259326934814453 0.85944819450378417969 0.85736751556396484375 0.8525218963623046875 0.8503081202507019043 0.8287404179573059082 0.83257186412811279297 0.86063724756240844727 0.87061715126037597656 0.8732993006706237793 0.87446779012680053711 0.87560987472534179688 0.87851721048355102539 0.87619781494140625 0.8790957331657409668 0.87568289041519165039 0.8783747553825378418 0.89106297492980957031 -9999 -9999 -9999 -9999 -9999 -9999 -9999 -9999 -9999 -9999 -9999 -9999 -9999 -9999 -9999 -9999 -9999 -9999
0.87349134683609008789 0.86514317989349365234 0.86289906501770019531 0.86353772878646850586 0.86432355642318725586 0.86671614646911621094 0.86524182558059692383 0.86450558900833129883 0.86347067356109619141 0.85294455289840698242 0.85736525058746337891 0.85688507556915283203 0.85479778051376342773 0.84868603944778442383 0.8512528538703918457 0.83570146560668945312 0.84160953760147094727 0.86371952295303344727 0.86988222599029541016 0.87065756320953369141 0.87320500612258911133 0.87380164861679077148 0.87188309431076049805 0.87375485897064208984 0.86881232261657714844 0.87154942750930786133 0.88834893703460693359 0.90035003423690795898 0.9021155238151550293 -9999 -9999 -9999 -9999 -9999 -9999 -9999 -9999 -9999 -9999 0.89776933193206787109 0.89045256376266479492 0.88960850238800048828 0.89264273643493652344 0.89409887790679931641 0.89474731683731079102 0.8962230682373046875
0.87487924098968505859 0.87464976310729980469 0.87035232782363891602 0.86737704277038574219 0.86738413572311401367 0.86849236488342285156 0.86710476875305175781 0.86579853296279907227 0.86523014307022094727 0.86136412620544433594 0.84693115949630737305 0.85483187437057495117 0.84490126371383666992 0.83294022083282470703 0.84038233757019042969 0.83666437864303588867 0.84378272294998168945 0.85419905185699462891 0.85690981149673461914 0.85782986879348754883 0.86155271530151367188 0.86016678810119628906 0.86107373237609863281 0.86361235380172729492 0.86347186565399169922 0.86658883094787597656 0.89391756057739257812 0.90245270729064941406 0.90281623601913452148 0.90079301595687866211 0.90251553058624267578 0.90227836370468139648 0.90161138772964477539 0.90132504701614379883 0.90093934535980224609 0.89950889348983764648 0.89780515432357788086 0.89581072330474853516 0.89400959014892578125 0.88553881645202636719 0.87576603889465332031 0.87390738725662231445 0.87840282917022705078 0.8804861903190612793 0.88242119550704956055 0.88306635618209838867
0.86872845888137817383 0.87582391500473022461 0.87309342622756958008 0.86240082979202270508 0.868114471435546875 0.86889058351516723633 0.86742073297500610352 0.86358779668807983398 0.86463826894760131836 0.85886484384536743164 0.84983521699905395508 0.85252076387405395508 0.82921081781387329102 0.83048248291015625 0.8399448394775390625 0.84516066312789916992 0.84741824865341186523 0.85468816757202148438 0.84975957870483398438 0.85015279054641723633 0.85513645410537719727 0.85818642377853393555 0.85920917987823486328 0.85850232839584350586 0.8568363189697265625 0.85836732387542724609 0.88395094871520996094 0.89891982078552246094 0.90101927518844604492 0.90085691213607788086 0.90001070499420166016 0.89974570274353027344 0.90014606714248657227 0.90051740407943725586 0.89884829521179199219 0.89858061075210571289 0.89657092094421386719 0.89464735984802246094 0.89207023382186889648 0.88748198747634887695 0.87355583906173706055 0.87330019474029541016 0.87713503837585449219 0.87778013944625854492 0.87882572412490844727 0.88127130270004272461
0.85700929164886474609 0.85323452949523925781 0.83990299701690673828 0.85129565000534057617 0.87104094028472900391 0.8694375157356262207 0.86843472719192504883 0.85974806547164916992 0.84897768497467041016 0.83669000864028930664 0.8522751927375793457 0.85059952735900878906 0.84165686368942260742 0.82540780305862426758 0.84033823013305664062 0.84766203165054321289 0.85201686620712280273 0.85780894756317138672 0.85022664070129394531 0.85221582651138305664 0.85555970668792724609 0.85661017894744873047 0.85765409469604492188 0.85996663570404052734 0.85954797267913818359 0.86459088325500488281 0.88181668519973754883 0.89759743213653564453 0.90066409111022949219 0.89908480644226074219 0.89765620231628417969 0.89948481321334838867 0.89918112754821777344 0.89828133583068847656 0.89589858055114746094 0.89726871252059936523 0.8945776820182800293 0.89379400014877319336 0.89317119121551513672 0.89080679416656494141 0.87775558233261108398 0.87651693820953369141 0.87979817390441894531 0.88011133670806884766 0.88132357597351074219 0.88239049911499023438
0.86013758182525634766 0.85781347751617431641 0.84908413887023925781 0.8472054600715637207 0.85450595617294311523 0.84367519617080688477 0.81163436174392700195 0.82307374477386474609 0.84541928768157958984 0.85211336612701416016 0.85237413644790649414 0.85073018074035644531 0.84966313838958740234 0.83420950174331665039 0.84429687261581420898 0.85824686288833618164 0.86131012439727783203 0.86430764198303222656 0.86155438423156738281 0.86032950878143310547 0.86397826671600341797 0.86529296636581420898 0.86589223146438598633 0.86673152446746826172 0.86440813541412353516 0.86421608924865722656 0.87314265966415405273 0.88576459884643554688 0.89373296499252319336 0.89463722705841064453 0.8916670680046081543 0.89543986320495605469 0.89327359199523925781 0.8965892791748046875 0.89606314897537231445 0.8972644805908203125 0.89785307645797729492 0.89700579643249511719 0.89494061470031738281 0.89344257116317749023 0.89111661911010742188 0.89074170589447021484 0.89160418510437011719 0.89301770925521850586 0.89415508508682250977 0.89459097385406494141
0.85834598541259765625 0.85706728696823120117 0.85155326128005981445 0.84651976823806762695 0.82345521450042724609 0.80183184146881103516 0.79318499565124511719 0.8101704716682434082 0.84359270334243774414 0.85195422172546386719 0.85121583938598632812 0.84999138116836547852 0.84953224658966064453 0.81067526340484619141 0.83137845993041992188 0.84959483146667480469 0.85175299644470214844 0.85956585407257080078 0.85133087635040283203 0.84477436542510986328 0.84813088178634643555 0.85099518299102783203 0.85463047027587890625 0.8531201481819152832 0.85471290349960327148 0.85835361480712890625 0.85708689689636230469 0.86540877819061279297 0.87859678268432617188 0.88159120082855224609 0.87994772195816040039 0.88502424955368041992 0.88183587789535522461 0.88639271259307861328 0.88483333587646484375 0.88657408952713012695 0.88700842857360839844 0.88547205924987792969 0.88616293668746948242 0.88810533285140991211 0.87874740362167358398 0.87782979011535644531 0.87938219308853149414 0.87868702411651611328 0.88033950328826904297 0.88022398948669433594
0.8531093597412109375 0.85554999113082885742 0.85493707656860351562 0.85241776704788208008 0.84968847036361694336 0.8310858607292175293 0.81309008598327636719 0.81783443689346313477 0.84871894121170043945 0.85270494222640991211 0.85148525238037109375 0.84913331270217895508 0.84532266855239868164 0.82623010873794555664 0.84120345115661621094 0.84709048271179199219 0.84843689203262329102 0.85051465034484863281 0.84738153219223022461 0.83963334560394287109 0.84271270036697387695 0.84620988368988037109 0.84991729259490966797 0.85061812400817871094 0.85157579183578491211 0.85638606548309326172 0.85810953378677368164 0.85699409246444702148 0.87052828073501586914 0.87495249509811401367 0.87127137184143066406 0.878620147705078125 0.8722769618034362793 0.87984144687652587891 0.87993395328521728516 0.88072556257247924805 0.88314116001129150391 0.88148790597915649414 0.88164544105529785156 0.8808193206787109375 0.87453317642211914062 0.87037986516952514648 0.87266296148300170898 0.87366604804992675781 0.87373614311218261719 0.87483501434326171875
0.85241919755935668945 0.85398006439208984375 0.85410970449447631836 0.85168486833572387695 0.85353517532348632812 0.82861733436584472656 0.81594270467758178711 0.71822351217269897461 0.83875215053558349609 0.85166722536087036133 0.85128605365753173828 0.84960132837295532227 0.84933513402938842773 0.84172743558883666992 0.84698575735092163086 0.84892004728317260742 0.85042130947113037109 0.8525874018669128418 0.8497855067253112793 0.84758800268173217773 0.84944748878479003906 0.85121828317642211914 0.85127431154251098633 0.85269659757614135742 0.85230362415313720703 0.85695999860763549805 0.86040091514587402344 0.85743069648742675781 0.86547094583511352539 0.86957645416259765625 0.86612701416015625 0.87354665994644165039 0.86982929706573486328 0.87377411127090454102 0.8743190765380859375 0.87235683202743530273 0.87571573257446289062 0.87329471111297607422 0.87647306919097900391 0.87670314311981201172 0.87201213836669921875 0.86642241477966308594 0.87156879901885986328 0.87258017063140869141 0.87379401922225952148 0.87431550025939941406
0.84861314296722412109 0.85225087404251098633 0.85270899534225463867 0.85329508781433105469 0.85423958301544189453 0.84208160638809204102 0.82769513130187988281 0.81886631250381469727 0.83308118581771850586 0.84503674507141113281 0.84863930940628051758 0.84843057394027709961 0.84690576791763305664 0.84403860569000244141 0.85171961784362792969 0.85429722070693969727 0.85422682762145996094 0.85758823156356811523 0.85731536149978637695 0.85394465923309326172 0.85495954751968383789 0.85402947664260864258 0.85694050788879394531 0.85624015331268310547 0.85506469011306762695 0.86076307296752929688 0.86197555065155029297 0.85860657691955566406 0.86289209127426147461 0.8641764521598815918 0.85595786571502685547 0.86444032192230224609 0.86519056558609008789 0.86776185035705566406 0.86806517839431762695 0.86639791727066040039 0.87178981304168701172 0.87359213829040527344 0.87757331132888793945 0.87734186649322509766 0.87537550926208496094 0.87246334552764892578 0.87541401386260986328 0.87686574459075927734 0.87777543067932128906 0.87941020727157592773
0.84588795900344848633 0.84832352399826049805 0.84720414876937866211 0.84896546602249145508 0.85241973400115966797 0.84828400611877441406 0.82938176393508911133 0.82724010944366455078 0.82852691411972045898 0.83736449480056762695 0.84227144718170166016 0.84173089265823364258 0.8398997187614440918 0.84303933382034301758 0.85271584987640380859 0.85523563623428344727 0.85647428035736083984 0.85860425233840942383 0.85875296592712402344 0.8554928898811340332 0.85351777076721191406 0.85367715358734130859 0.85649955272674560547 0.85136026144027709961 0.84177577495574951172 0.85014903545379638672 0.85618311166763305664 0.85326814651489257812 0.86625528335571289062 0.87088811397552490234 0.86955279111862182617 0.83203011751174926758 0.84430778026580810547 0.86330932378768920898 0.87546825408935546875 0.87546229362487792969 0.87954753637313842773 0.87973183393478393555 0.8829975128173828125 0.88082432746887207031 0.87781983613967895508 0.87461769580841064453 0.87501913309097290039 0.87522661685943603516 0.87510621547698974609 0.87699782848358154297
0.83909076452255249023 0.84550374746322631836 0.84344714879989624023 0.84664642810821533203 0.84692090749740600586 0.84758597612380981445 0.8371779322624206543 0.83076846599578857422 0.83668094873428344727 0.83240592479705810547 0.839702606201171875 0.83721441030502319336 0.8397757411003112793 0.84090834856033325195 0.84659540653228759766 0.84868079423904418945 0.85012805461883544922 0.85158133506774902344 0.85189187526702880859 0.84862685203552246094 0.84571182727813720703 0.85018020868301391602 0.85705792903900146484 0.85385262966156005859 0.85831475257873535156 0.86759138107299804688 0.86018812656402587891 0.85273385047912597656 0.85553741455078125 0.86301797628402709961 0.83516067266464233398 0.84808558225631713867 0.86503124237060546875 0.87799191474914550781 0.88329941034317016602 0.88571524620056152344 0.88774228096008300781 0.88490796089172363281 0.88347142934799194336 0.87948000431060791016 0.87343019247055053711 0.85123908519744873047 0.85084486007690429688 0.85563737154006958008 0.85642975568771362305 0.86080747842788696289
0.83237946033477783203 0.83955591917037963867 0.83937370777130126953 0.84231537580490112305 0.84409749507904052734 0.84476834535598754883 0.84082931280136108398 0.83100223541259765625 0.83026689291000366211 0.82222926616668701172 0.83500617742538452148 0.83779883384704589844 0.8404973149299621582 0.84020787477493286133 0.84748262166976928711 0.84960335493087768555 0.84732544422149658203 0.85200542211532592773 0.85002338886260986328 0.8466739654541015625 0.83456820249557495117 0.82665652036666870117 0.84737062454223632812 0.85379272699356079102 0.85570341348648071289 0.85906821489334106445 0.86096334457397460938 0.84255951642990112305 0.85739701986312866211 0.86690580844879150391 0.85509908199310302734 0.87161499261856079102 0.88069832324981689453 0.88563370704650878906 0.88601952791213989258 0.88116949796676635742 0.8846060633659362793 0.88229775428771972656 0.87921053171157836914 0.87510854005813598633 0.86920368671417236328 0.85694867372512817383 0.84996151924133300781 0.85669028759002685547 0.86047017574310302734 0.8628508448600769043
0.82289719581604003906 0.83223813772201538086 0.83459180593490600586 0.83570361137390136719 0.83799099922180175781 0.83851951360702514648 0.83540225028991699219 0.82682806253433227539 0.82858753204345703125 0.81574457883834838867 0.82108914852142333984 0.82314211130142211914 0.82465457916259765625 0.82949507236480712891 0.83905351161956787109 0.84067511558532714844 0.84037536382675170898 0.84401613473892211914 0.84112840890884399414 0.84316575527191162109 0.8281809687614440918 0.81030291318893432617 0.82126635313034057617 0.82890558242797851562 0.83986896276473999023 0.84167641401290893555 0.8385474085807800293 0.85308206081390380859 0.8761126399040222168 0.88100391626358032227 0.88386577367782592773 0.88628125190734863281 0.88621664047241210938 0.8864199519157409668 0.88426047563552856445 0.88217240571975708008 0.87820643186569213867 0.87510257959365844727 0.87098217010498046875 0.8629239201545715332 0.85621595382690429688 0.8443705439567565918 0.83437407016754150391 0.84830099344253540039 0.85419893264770507812 0.85669016838073730469
