data/ReDellaPietra/2/ReDellaPietra_skyview_2.asc
ncols        120
nrows        149
xllcorner    1710297.231035964563
yllcorner    4861535.499997077510
cellsize     10.000000000000
NODATA_value  -9999
[rows 42 to 62 of 149, columns 0 to 45 of 120]
-9999 -9999 -9999 -9999 0.9123846888542175293 0.90367889404296875 0.88828623294830322266 0.88718688488006591797 0.88546109199523925781 0.893383026123046875 0.89049732685089111328 0.89360189437866210938 0.90311217308044433594 0.90624403953552246094 0.90618598461151123047 0.88857692480087280273 0.86313551664352416992 0.81093943119049072266 0.79480034112930297852 0.8077983856201171875 0.81450581550598144531 0.81663620471954345703 0.81067377328872680664 0.81012696027755737305 0.80192035436630249023 0.79162108898162841797 0.8116944432258605957 0.81563246250152587891 0.82374715805053710938 0.8224188685417175293 0.82757723331451416016 0.82631599903106689453 0.82915925979614257812 0.82638257741928100586 0.82798343896865844727 0.82589435577392578125 0.81527411937713623047 0.8388411402702331543 0.84701573848724365234 0.86535477638244628906 0.87107610702514648438 0.86675870418548583984 0.85389977693557739258 0.83915352821350097656 0.84802466630935668945 0.84381181001663208008
-9999 -9999 -9999 -9999 0.91589033603668212891 0.90531289577484130859 0.89792025089263916016 0.89213955402374267578 0.88478696346282958984 0.89612036943435668945 0.89684951305389404297 0.89803385734558105469 0.90269196033477783203 0.90358066558837890625 0.90422672033309936523 0.90507984161376953125 0.87843042612075805664 0.82688105106353759766 0.81839483976364135742 0.81262546777725219727 0.82241362333297729492 0.81707787513732910156 0.81982243061065673828 0.81670844554901123047 0.81000870466232299805 0.79595792293548583984 0.80986231565475463867 0.81287008523941040039 0.82142341136932373047 0.82447320222854614258 0.8244495391845703125 0.82431125640869140625 0.82892876863479614258 0.82699996232986450195 0.82954996824264526367 0.82342839241027832031 0.80963081121444702148 0.83120101690292358398 0.84810137748718261719 0.86544269323348999023 0.87760245800018310547 0.88010191917419433594 0.85838705301284790039 0.84223157167434692383 0.84321302175521850586 0.84448665380477905273
-9999 -9999 -9999 -9999 0.92006880044937133789 0.90817618370056152344 0.89782392978668212891 0.88838481903076171875 0.8775202631950378418 0.89269632101058959961 0.89133316278457641602 0.88903433084487915039 0.90055346488952636719 0.90129339694976806641 0.90706193447113037109 0.91060602664947509766 0.88814872503280639648 0.83495855331420898438 0.82200723886489868164 0.80952864885330200195 0.82136869430541992188 0.8139947056770324707 0.81477105617523193359 0.81494843959808349609 0.8029028773307800293 0.80387037992477416992 0.81195646524429321289 0.81493836641311645508 0.81688910722732543945 0.81552261114120483398 0.81929785013198852539 0.82197010517120361328 0.82426351308822631836 0.81667095422744750977 0.81909948587417602539 0.81036198139190673828 0.80125105381011962891 0.81714844703674316406 0.83542966842651367188 0.84545665979385375977 0.86736387014389038086 0.87854146957397460938 0.84713822603225708008 0.83044266700744628906 0.83132123947143554688 0.83230119943618774414
-9999 -9999 -9999 -9999 -9999 0.91022270917892456055 0.90785932540893554688 0.89415591955184936523 0.88318610191345214844 0.88711160421371459961 0.88354688882827758789 0.88709914684295654297 0.89859753847122192383 0.90266031026840209961 0.90685272216796875 0.91120696067810058594 0.89269596338272094727 0.86012864112854003906 0.82618755102157592773 0.82421147823333740234 0.82501351833343505859 0.81259697675704956055 0.8104222416877746582 0.81015473604202270508 0.8060347437858581543 0.80051195621490478516 0.81342345476150512695 0.81024491786956787109 0.81724309921264648438 0.81650966405868530273 0.81658476591110229492 0.82147061824798583984 0.82883143424987792969 0.82056766748428344727 0.81119120121002197266 0.80403727293014526367 0.80069655179977416992 0.81793862581253051758 0.83056223392486572266 0.83904230594635009766 0.84200274944305419922 0.85369592905044555664 0.84324687719345092773 0.85592722892761230469 0.8413683772087097168 0.8380362391471862793
-9999 -9999 -9999 -9999 -9999 0.91791945695877075195 0.91216194629669189453 0.89342772960662841797 0.87816804647445678711 0.88030827045440673828 0.88175141811370849609 0.88588249683380126953 0.89754480123519897461 0.89877909421920776367 0.90253633260726928711 0.91203600168228149414 0.89371371269226074219 0.86749345064163208008 0.82988011837005615234 0.82848668098449707031 0.81895732879638671875 0.81033617258071899414 0.80912154912948608398 0.79942971467971801758 0.7935441136360168457 0.78532719612121582031 0.79630142450332641602 0.80416262149810791016 0.8082777857780456543 0.80925607681274414062 0.8054370880126953125 0.81628519296646118164 0.82518976926803588867 0.80906683206558227539 0.80574476718902587891 0.8090655207633972168 0.80395144224166870117 0.81315743923187255859 0.82323503494262695312 0.82968485355377197266 0.82980322837829589844 0.84444099664688110352 0.85515451431274414062 0.86271870136260986328 0.84698832035064697266 0.84352874755859375
-9999 -9999 -9999 -9999 -9999 -9999 0.91937875747680664062 0.90541189908981323242 0.88799035549163818359 0.88625347614288330078 0.88743799924850463867 0.89590418338775634766 0.90037101507186889648 0.89494550228118896484 0.89374768733978271484 0.90434950590133666992 0.88358652591705322266 0.85279649496078491211 0.84835809469223022461 0.84252339601516723633 0.84068596363067626953 0.8295752406120300293 0.82393759489059448242 0.80804663896560668945 0.79380041360855102539 0.79360866546630859375 0.79863464832305908203 0.80202049016952514648 0.79929882287979125977 0.80269223451614379883 0.80339360237121582031 0.79689007997512817383 0.80270904302597045898 0.79888999462127685547 0.80806529521942138672 0.80902719497680664062 0.79869210720062255859 0.80985432863235473633 0.81681764125823974609 0.82933527231216430664 0.82502543926239013672 0.84496331214904785156 0.84371107816696166992 0.85953700542449951172 0.86648827791213989258 0.86279600858688354492
-9999 -9999 -9999 -9999 -9999 -9999 0.92502713203430175781 0.91454768180847167969 0.89641028642654418945 0.88836574554443359375 0.8887411952018737793 0.89175087213516235352 0.89064997434616088867 0.87957113981246948242 0.88120353221893310547 0.89066427946090698242 0.88622796535491943359 0.86857396364212036133 0.8571414947509765625 0.84140700101852416992 0.85026520490646362305 0.831756591796875 0.81837534904479980469 0.79147350788116455078 0.77836531400680541992 0.77170646190643310547 0.78282493352890014648 0.77654743194580078125 0.77246904373168945312 0.77575564384460449219 0.78293389081954956055 0.77835679054260253906 0.77400600910186767578 0.78173714876174926758 0.79191297292709350586 0.7921123504638671875 0.78365099430084228516 0.80322593450546264648 0.81053513288497924805 0.82143390178680419922 0.81821030378341674805 0.83462852239608764648 0.84125590324401855469 0.86170172691345214844 0.8689931035041809082 0.86882531642913818359
-9999 -9999 -9999 -9999 -9999 -9999 -9999 0.91753494739532470703 0.89650976657867431641 0.88530129194259643555 0.88088876008987426758 0.88022017478942871094 0.88912534713745117188 0.88328838348388671875 0.88612693548202514648 0.90072637796401977539 0.90522325038909912109 0.88567364215850830078 0.86161172389984130859 0.85226678848266601562 0.85280489921569824219 0.84230744838714599609 0.82313239574432373047 0.7854182124137878418 0.77671051025390625 0.7696488499641418457 0.77263337373733520508 0.76563698053359985352 0.77635234594345092773 0.76061034202575683594 0.78273713588714599609 0.77452498674392700195 0.76317584514617919922 0.77469843626022338867 0.78331792354583740234 0.78494530916213989258 0.77571761608123779297 0.79647397994995117188 0.80322605371475219727 0.81474578380584716797 0.81406366825103759766 0.83058285713195800781 0.83530926704406738281 0.85316359996795654297 0.86824798583984375 0.87135487794876098633
-9999 -9999 -9999 -9999 -9999 -9999 -9999 0.92074310779571533203 0.89710122346878051758 0.88672560453414916992 0.87557125091552734375 0.87760692834854125977 0.89125216007232666016 0.88116979598999023438 0.88202524185180664062 0.89415067434310913086 0.90174525976181030273 0.8981990814208984375 0.87137418985366821289 0.85843956470489501953 0.85838645696640014648 0.84418910741806030273 0.82695603370666503906 0.79356497526168823242 0.78350031375885009766 0.77047610282897949219 0.76848763227462768555 0.76715642213821411133 0.78225815296173095703 0.78375083208084106445 0.78179776668548583984 0.768413543701171875 0.75043737888336181641 0.76538836956024169922 0.77628844976425170898 0.77147144079208374023 0.77372467517852783203 0.78205603361129760742 0.79529148340225219727 0.80785465240478515625 0.8050931096076965332 0.82342302799224853516 0.82291501760482788086 0.83922547101974487305 0.85554867982864379883 0.87414574623107910156
-9999 -9999 -9999 -9999 -9999 -9999 -9999 -9999 0.89637583494186401367 0.89572322368621826172 0.8870480656623840332 0.87496381998062133789 0.88619750738143920898 0.88476330041885375977 0.88477855920791625977 0.89454883337020874023 0.9008007049560546875 0.89997965097427368164 0.89361947774887084961 0.86301052570343017578 0.86071658134460449219 0.84783267974853515625 0.82036280632019042969 0.79276525974273681641 0.77633249759674072266 0.75895941257476806641 0.75231039524078369141 0.76376122236251831055 0.78145933151245117188 0.77714693546295166016 0.77822959423065185547 0.73599153757095336914 0.73780310153961181641 0.75110286474227905273 0.76182758808135986328 0.76355975866317749023 0.75787729024887084961 0.77486842870712280273 0.78823858499526977539 0.80143374204635620117 0.79948174953460693359 0.81951379776000976562 0.80939191579818725586 0.83108276128768920898 0.8513126373291015625 0.86880248785018920898
-9999 -9999 -9999 -9999 -9999 -9999 -9999 -9999 -9999 0.8973433375358581543 0.88567447662353515625 0.88046246767044067383 0.87432181835174560547 0.88219243288040161133 0.88634979724884033203 0.88733917474746704102 0.89499557018280029297 0.89989000558853149414 0.89293920993804931641 0.86841046810150146484 0.86195206642150878906 0.84502565860748291016 0.8165753483772277832 0.79589259624481201172 0.78290551900863647461 0.75778353214263916016 0.74344050884246826172 0.75572532415390014648 0.7677580714225769043 0.76291251182556152344 0.76230370998382568359 0.75379508733749389648 0.64043158292770385742 0.74392300844192504883 0.76874214410781860352 0.77991831302642822266 0.78815364837646484375 0.79248452186584472656 0.80264490842819213867 0.80779939889907836914 0.80757194757461547852 0.82045817375183105469 0.8186022639274597168 0.8321349024772644043 0.8475640416145324707 0.85807913541793823242
-9999 -9999 -9999 -9999 -9999 -9999 -9999 -9999 -9999 -9999 0.89227384328842163086 0.88892114162445068359 0.88506424427032470703 0.88206636905670166016 0.88374531269073486328 0.88562101125717163086 0.89390152692794799805 0.90696072578430175781 0.90133905410766601562 0.89276653528213500977 0.87770181894302368164 0.84658932685852050781 0.8295866847038269043 0.81767457723617553711 0.79761588573455810547 0.78011494874954223633 0.76542866230010986328 0.76178914308547973633 0.76445627212524414062 0.76102805137634277344 0.75330567359924316406 0.73206788301467895508 0.72140306234359741211 0.75672757625579833984 0.77257502079010009766 0.78467100858688354492 0.79533332586288452148 0.80115640163421630859 0.80581444501876831055 0.81262290477752685547 0.81487524509429931641 0.82855224609375 0.82811975479125976562 0.83573687076568603516 0.84312218427658081055 0.85312896966934204102
-9999 -9999 -9999 -9999 -9999 -9999 -9999 -9999 -9999 -9999 -9999 0.89072710275650024414 0.88536834716796875 0.88478410243988037109 0.88232034444808959961 0.89117670059204101562 0.896396636962890625 0.90523546934127807617 0.91281908750534057617 0.90023267269134521484 0.88822329044342041016 0.8571713566780090332 0.84373915195465087891 0.83534997701644897461 0.82075971364974975586 0.80494356155395507812 0.78926563262939453125 0.78684788942337036133 0.78108918666839599609 0.77326351404190063477 0.76994162797927856445 0.75275427103042602539 0.72816705703735351562 0.76076477766036987305 0.76837599277496337891 0.78534871339797973633 0.79533708095550537109 0.80373132228851318359 0.80944198369979858398 0.81439036130905151367 0.81493145227432250977 0.8274300694465637207 0.82797169685363769531 0.8353118896484375 0.84361946582794189453 0.85113072395324707031
-9999 -9999 -9999 -9999 -9999 -9999 -9999 -9999 -9999 -9999 -9999 -9999 -9999 0.88666731119155883789 0.88879972696304321289 0.89762032032012939453 0.90127229690551757812 0.90886592864990234375 0.91758561134338378906 0.91205227375030517578 0.8964894413948059082 0.85988062620162963867 0.85493516921997070312 0.84094029664993286133 0.82410353422164916992 0.80790239572525024414 0.78973358869552612305 0.7891203761100769043 0.78245586156845092773 0.77660638093948364258 0.76628232002258300781 0.75381386280059814453 0.74581819772720336914 0.74489980936050415039 0.75922232866287231445 0.77575933933258056641 0.79397606849670410156 0.80331206321716308594 0.80977219343185424805 0.81291753053665161133 0.81801217794418334961 0.82329005002975463867 0.82659143209457397461 0.83299785852432250977 0.83800292015075683594 0.84652101993560791016
-9999 -9999 -9999 -9999 -9999 -9999 -9999 -9999 -9999 -9999 -9999 -9999 -9999 -9999 0.89960253238677978516 0.9054470062255859375 0.9086729884147644043 0.91058397293090820312 0.92067700624465942383 0.91730910539627075195 0.90023279190063476562 0.88060522079467773438 0.86454904079437255859 0.85355842113494873047 0.83743053674697875977 0.82007211446762084961 0.80579656362533569336 0.79945695400238037109 0.79246127605438232422 0.78251969814300537109 0.77972817420959472656 0.76824086904525756836 0.76371014118194580078 0.75651973485946655273 0.76545453071594238281 0.77997928857803344727 0.76985508203506469727 0.79831731319427490234 0.80702966451644897461 0.81235772371292114258 0.81855845451354980469 0.82480311393737792969 0.8255131840705871582 0.83033502101898193359 0.8346621394157409668 0.84352713823318481445
-9999 -9999 -9999 -9999 -9999 -9999 -9999 -9999 -9999 -9999 -9999 -9999 -9999 -9999 0.8982334136962890625 0.90858066082000732422 0.91548418998718261719 0.91751325130462646484 0.92355448007583618164 0.92206335067749023438 0.90827250480651855469 0.8954308629035949707 0.88141489028930664062 0.85708081722259521484 0.84472459554672241211 0.8300482630729675293 0.80996382236480712891 0.80520749092102050781 0.80481803417205810547 0.79806578159332275391 0.79181647300720214844 0.7857258915901184082 0.78052908182144165039 0.77712094783782958984 0.77612984180450439453 0.78748869895935058594 0.78145539760589599609 0.78379416465759277344 0.79768425226211547852 0.81350904703140258789 0.81718099117279052734 0.82381469011306762695 0.82817119359970092773 0.83717989921569824219 0.83821374177932739258 0.84484314918518066406
-9999 -9999 -9999 -9999 -9999 -9999 -9999 -9999 -9999 -9999 -9999 -9999 -9999 -9999 -9999 0.91166883707046508789 0.91801869869232177734 0.91994959115982055664 0.92315793037414550781 0.92139893770217895508 0.91924571990966796875 0.90474593639373779297 0.8923861384391784668 0.87815821170806884766 0.86399781703948974609 0.84908109903335571289 0.83987969160079956055 0.83139771223068237305 0.82690858840942382812 0.82121145725250244141 0.81792378425598144531 0.81382453441619873047 0.81099641323089599609 0.80880457162857055664 0.80770033597946166992 0.81412541866302490234 0.81154453754425048828 0.81115859746932983398 0.80224204063415527344 0.81193834543228149414 0.81863361597061157227 0.82383626699447631836 0.83070671558380126953 0.83622115850448608398 0.83965474367141723633 0.84386295080184936523
-9999 -9999 -9999 -9999 -9999 -9999 -9999 -9999 -9999 -9999 -9999 -9999 -9999 -9999 -9999 0.91552495956420898438 0.91580164432525634766 0.92141747474670410156 0.92174559831619262695 0.92147195339202880859 0.92688763141632080078 0.91922676563262939453 0.90100818872451782227 0.87951588630676269531 0.86683386564254760742 0.84671568870544433594 0.834625244140625 0.82884371280670166016 0.82888543605804443359 0.82446092367172241211 0.82252007722854614258 0.8188450932502746582 0.81692194938659667969 0.81553667783737182617 0.81297641992568969727 0.81331598758697509766 0.81138658523559570312 0.80923241376876831055 0.79992014169692993164 0.79653471708297729492 0.80468475818634033203 0.8218771815299987793 0.82409048080444335938 0.83012044429779052734 0.83470231294631958008 0.83855706453323364258
-9999 -9999 -9999 -9999 -9999 -9999 -9999 -9999 -9999 -9999 -9999 -9999 -9999 -9999 -9999 0.92046815156936645508 0.92127400636672973633 0.92213225364685058594 0.92551821470260620117 0.92463856935501098633 0.92733395099639892578 0.92710644006729125977 0.91009956598281860352 0.89764690399169921875 0.8826764225959777832 0.85889005661010742188 0.84348779916763305664 0.83388626575469970703 0.84012651443481445312 0.83288568258285522461 0.83240324258804321289 0.82905238866806030273 0.8241646885871887207 0.81959205865859985352 0.81818926334381103516 0.81677401065826416016 0.81615519523620605469 0.8122527003288269043 0.80401086807250976562 0.78528219461441040039 0.80289810895919799805 0.81127971410751342773 0.81300199031829833984 0.82105553150177001953 0.8288434147834777832 0.83321547508239746094
-9999 -9999 -9999 -9999 -9999 -9999 -9999 -9999 -9999 -9999 -9999 -9999 -9999 -9999 0.91144704818725585938 0.91857135295867919922 0.91892188787460327148 0.9210637211799621582 0.92552286386489868164 0.92483270168304443359 0.92899477481842041016 0.93005973100662231445 0.91735017299652099609 0.90661394596099853516 0.89502239227294921875 0.87135255336761474609 0.85112613439559936523 0.83730351924896240234 0.83807522058486938477 0.8351561427116394043 0.83680510520935058594 0.8323529362678527832 0.82931673526763916016 0.82289791107177734375 0.81867158412933349609 0.82092797756195068359 0.82534909248352050781 0.82954865694046020508 0.82762777805328369141 0.79211431741714477539 0.78418934345245361328 0.79476094245910644531 0.77944540977478027344 0.80898308753967285156 0.81658476591110229492 0.8229153752326965332
-9999 -9999 -9999 -9999 -9999 -9999 -9999 -9999 -9999 -9999 -9999 -9999 -9999 -9999 0.90253996849060058594 0.91579836606979370117 0.91862350702285766602 0.92217612266540527344 0.92454969882965087891 0.92708706855773925781 0.92931091785430908203 0.92949563264846801758 0.92779320478439331055 0.91871178150177001953 0.90835171937942504883 0.88291692733764648438 0.84918826818466186523 0.82909345626831054688 0.82645463943481445312 0.83077144622802734375 0.82693153619766235352 0.82499420642852783203 0.82418578863143920898 0.81790399551391601562 0.81400787830352783203 0.81407791376113891602 0.81424194574356079102 0.83116489648818969727 0.83699107170104980469 0.79526096582412719727 0.75406044721603393555 0.77293217182159423828 0.77139490842819213867 0.76622545719146728516 0.78304278850555419922 0.81183856725692749023
