output/RioRessiOut/RioRessi_c_longitudinale.asc
NCOLS 197
NROWS 299
XLLCORNER 676026.5927825759
YLLCORNER 5072481.374398034
CELLSIZE 0.9572864394182301
NODATA_VALUE -9999
[rows 92 to 114 of 299, columns 51 to 101 of 197]
0.36255164684681745 0.34368692165525677 0.24433994637468837 0.18502329403800397 0.2614948481333176 0.16286465015020718 0.09041209204038501 -0.16812540301480597 0.05045341590908966 0.06800759234979796 0.05387194934483019 0.008320052441437218 -0.3658529509039221 -0.06671830872254367 -0.14161372343263715 0.2979076136617885 -0.4382552670338412 -0.34170237990947505 0.2123041791167408 0.40407795667031204 -0.06265302985131212 0.05545696240949782 0.08188833732947275 0.1739598729982859 0.25136546105730556 -0.2565753425400083 -0.15997112147011447 -0.10457631990437417 0.09230957440166597 -0.10330026392391842 0.03519664838969316 -0.031798368940729134 0.08937240290682275 -0.14442428286135442 -0.06366760413001928 -0.01386860838052231 0.09104859100283981 0.15981584509063748 -0.2840523171766197 -0.022193553304114447 -0.033938971285202256 0.24431393175541247 -0.1318450458250647 0.16908699587023007 0.05767350931343934 0.1304203338014619 -0.12934819824435423 -0.0026951416654959273 -0.06819799926487922 0.05077312166596228 0.20117732015262257
-0.012804272430327529 0.253880927651515 0.43960700648183665 -0.22222969316402919 0.27667334215924144 0.27147849616963543 0.2265067164982844 -0.11360924568849937 -7.697954485752289E-4 -0.009861104860119903 0.0176594898519259 0.12323150689690616 -0.12280665107884077 -0.03890548841153363 0.08374004294394265 0.2909696492301517 -0.26811494749408965 -0.22179994025312597 -0.17908515470711148 0.2807674594517048 -0.2889679270794338 -0.17153915258014255 -0.3931417458235909 0.32649557490095266 0.26732087557792933 0.13445661784423435 0.023280258129823997 0.09195633264848159 0.2572400402798756 -0.06294758449515032 -0.03713608414367023 0.028484868352334172 0.1696146638111228 -0.08655487050405365 -0.06920678162152963 -0.028754616017231775 0.00438918919625152 0.21026476564759639 -0.24670877679056105 -0.06528755494002773 -0.06701107520681326 0.18931411539062057 -0.20540617658028557 0.06223064389317769 0.06879805013005044 0.30216477976963296 -0.14266041274145827 -0.03200760453654035 0.03491682810655835 -0.011892528249271452 0.1789781360111561
0.3553616113672281 0.3570994998069653 0.3297657150024888 -0.4998404892161838 0.25412119494582036 0.362485723445001 0.5305547617161136 -0.014646794965141076 -0.06369893434185218 0.025609745701999295 0.05990416731680998 0.16584308768717426 0.003274709188885455 0.030486669535530656 -0.06230862139518842 0.25750943270947896 -0.2271044390603173 -0.05001355839334887 -0.10160716153169623 0.2591884628368271 0.2017666200799759 -0.21644681053974305 -0.03529994969262871 -0.22419263916972337 0.07450238573521148 -0.07252414588552006 -0.23178325671468544 -0.23244627098718898 -0.3011441229617247 0.15295078228063025 0.12216859807422954 0.24056741588575523 0.14959242772215176 0.24702562683668217 -0.10656076069356694 0.027853795840152983 0.002829654411132144 0.29844957715771936 -0.2509082577223354 -0.022747296522096658 -0.06620022210426575 0.1567126084372705 -0.18648280594031444 0.02163872579982304 -0.0953188781802305 0.15180961603744958 0.2969335144673403 -0.19121129718106575 0.05082522964643382 0.045499993653980234 0.18830447969032565
0.21472163692249416 0.12979413811932708 0.04023946057403554 0.08917796212726002 0.26472961305973614 0.2739005510055339 -0.04486333146787187 0.611826359698162 -0.044723455567594016 0.02778733408567417 -0.02884544185027908 0.12274768709544241 -0.16335063374793993 0.11378956361713875 0.10599037340509018 0.25870593762505006 -0.2623034108829316 -0.14637361657635362 -0.09789841645120001 0.029728423100715343 0.2857691546269023 -0.11527871440054399 -0.02434400221774353 0.03965145102079708 0.11257698015840874 0.03562320610038568 0.12476641666464337 0.020119130530254093 0.06034506906578964 -0.3541217018969205 -0.2499080547241219 0.009816499227133096 -0.008047699894184907 0.1372261403325494 -0.4857403362651409 0.3169107964261219 -0.08628028838432727 0.3533390899524961 -0.3089179388477194 -0.008009060376100167 0.025549288032780167 0.16387271258694588 -0.23284193904612246 0.08433633683287402 -0.020232875132193264 -0.01864465301986142 0.2017751168640224 -0.17141821327745255 -0.008383085672991496 0.05633922520581142 0.26119032644197754
-0.5897696857780794 -0.5691516538817118 -0.4105128486967432 -0.47913946433924465 -0.44899707069240874 0.07392816447675214 0.24000679130687977 0.15216770328164006 0.11567037815695382 0.0773542936326386 0.0075908715299232606 0.15529984994819965 -0.23022683135676678 0.0073108311232373885 0.0749659322432346 0.35589886839149554 -0.1248185422437692 -0.15689525361068782 -0.18978768293934012 -0.17928832365899489 0.14442755766251789 -0.0642885356426656 -0.02396911153431613 -0.030687155947008344 0.041772784536290845 -0.04039534117588317 0.10049487093183591 0.015161389140046843 0.1447538906993569 -0.1619209926259014 -0.031139836366277738 -0.03872663347332303 0.009409981542865875 0.2319447818032089 -0.07751116761710873 -0.09092103962820694 -0.10348838269068891 0.355890288028421 -0.31508609680462946 -0.0379974779998936 -0.13911642513490466 0.340194169029289 -0.29152230755432085 -0.008992603105094072 0.028187303405608786 0.08849827408796061 0.20113038595888647 -0.2016628281112812 -0.044036593640078704 0.09711477226376831 0.2679899911781365
0.7561679656551862 0.727264141988012 0.5985176119556322 0.5669578718508617 0.32653224855754687 -0.47379663910768244 -0.38994759915534766 -0.39567440057549436 0.20726487079703848 0.10049729116516463 0.10524926870755005 0.22613177316450808 -0.17599170828026187 -0.06559306424441717 -0.06243800907859139 0.12160722535634486 0.21124293013206766 -0.14453688091933192 -0.07326235388286062 -0.1604305698648406 -0.09598674493977906 -0.14685221672843046 -0.12094640605443321 -0.17826830071017816 -0.15057334878262096 -0.16207387810842436 0.06811135824785798 -0.05094753822078414 0.11759194007542763 0.19503564582545474 -0.3045184096847188 0.02540561633303415 -0.03422141631533338 0.1839706112979278 -0.12037338796986012 0.008949217903339492 -0.04243244627747287 0.29008560173856673 -0.2615612173330529 -0.05224682125363546 -0.02566289795393451 -0.025344494288656424 0.1375035901188054 -0.2695559603464534 -0.015446267634101262 -0.04104893998108599 0.3361178401686011 -0.15539082666256052 0.00899763346939488 -0.007092976637070857 0.2639822573498851
0.0867758584297322 0.07938360442210762 0.107286600321783 0.09632581177461312 0.16827357351759595 0.6796400585432608 0.6330747400301346 0.5518746019535016 0.15028936723803532 0.0744389403248906 -0.24019335683981008 0.6071072283403 -0.11079406657684518 0.0906667217057999 0.14891647155233603 0.1342438750824062 0.30273419876825824 -0.016409581928211552 -0.011270019949628078 0.022991336068785406 0.0649794101659756 -0.12265887016286031 -0.10819205320198319 -0.01425740138594853 0.040423291922884456 -0.24935270264730616 -0.20835519948873354 -0.06737124787839444 -0.06787272563195096 0.17487799140214358 -0.17251500179326681 -0.012234416791531312 -0.05406196962754109 0.12537619886349152 -0.2252797274871833 0.030324116942448135 0.008297744237865154 0.2699613520581116 -0.20951024738404894 -0.06524092615377239 -0.03554750778631882 -0.008970174057478787 0.1644525300854238 -0.25967188195031277 0.04301325585887366 0.0393251422115862 0.2260623161839005 -0.15242750355956572 0.009015530983232992 -8.46698341507934E-4 0.24561831366201928
0.012194124039881743 -0.01928028995117537 0.03684868426274336 0.09636587954836445 0.15355770825269774 0.11863363562464871 0.11910875113355278 0.17810505552154157 0.6422918091522831 -0.15298864941144893 0.17200051480614972 0.15652510342747994 0.18740066693515528 -0.2431350259778436 -0.11187497563121533 -0.06171293544797867 -0.4044320123083233 0.6272064091549305 0.36548325928237047 0.376032990204256 0.4739300876499296 0.6011612350170187 0.0672001021563362 -0.0222953300953517 0.025856806052314774 0.11123881211370765 -0.14492524239032362 -0.1183495470402065 -0.14009765513832323 0.03645405962395658 -0.1376353863606691 -0.03157016336939157 -0.03329346823063654 0.171880274521318 -0.2673609221383553 0.008533003424156376 0.005833376075621348 0.0039049687734021986 0.22180455095770552 -0.2771367394710471 -0.03720605259676445 -0.07666401821386709 0.15639244825029264 -0.1626859263477611 0.03759207540128341 0.055544910528885556 0.18249946156090696 -0.11782142069392022 0.08094642576145178 0.045276252063714856 -0.08637171880774457
0.08585646152346998 0.02068482332253743 0.009559261620148753 0.025414464052724163 0.042604681596777653 0.03739789755356101 0.06578217117577446 0.06997783102197147 0.26624374878356477 0.4770466260444871 0.4595930421833577 0.04418684636277461 0.35808592767916925 0.13085447374419912 0.24611206070227926 0.09475421109466275 -0.020268430550040864 -0.37257562354502716 -0.255308573800822 -0.42075537037763616 -0.16329949835849972 -0.7999623395581343 0.7859064583979896 0.24409437921792917 0.062241857038025934 0.24258618100599555 -0.02529527189904528 0.23626545103509272 0.021391908485883692 0.038756496265108756 -0.15309054390956248 -0.027635229975418625 -0.07314963131436318 0.19948334194122092 -0.2445022023323098 -0.0973848777818311 -0.030387191851459338 -0.0365712219499747 0.12980777808852542 -0.22304758867349003 -0.042534009339663933 -0.09144333847829857 0.19970644445618357 -0.1899778581152923 -0.007711108079790829 0.014379992042825009 0.25322846457038406 -0.22109616197502946 0.1171982295830576 -0.08445140593331282 -0.04565843182753898
0.031203789954374825 0.0706228219088949 0.06107581112589766 0.04675196294078188 0.017318449376602717 0.002718841695290875 -0.010487775463500874 0.013118628013750319 0.010037607316740704 0.14563824411997175 0.20063692827670412 0.36613753130037785 0.3714025590449761 -0.30784110998798914 0.30355102730404776 0.5201580378343285 0.3529885562108804 0.00464955383304567 0.22380587026921603 0.180228036200462 0.13516504473302632 0.20761291283549477 -0.33294703751788846 -0.043947140524390485 -0.2491353660737853 0.019189012651672267 -0.1984940021763813 -0.6594227461906566 0.5980063122642811 0.16409538695280418 -0.20264691997459042 0.14742192825219652 -0.043820262518194146 -0.03283316115077415 0.17559818392845306 -0.19245255147383208 -0.002085647313938519 -0.007059185164033837 0.10272402076934731 -0.2728773808428225 -0.017614659928958443 -0.10317399885751175 0.28417318464656866 -0.30704069489032176 0.01252855863818003 0.014822390675903737 0.023462396319818574 0.21912108661243881 -0.16208620411608032 -0.07637783353905761 -0.008361505864724884
0.0027064397446770632 0.028948994105815935 0.03615341215723881 0.030631273463914754 0.07226716710728008 0.06523244970927844 0.039480995854319266 -0.004324497289028733 -0.018276987146177363 0.12010660536198686 0.1473933557054711 0.13255280343617226 0.12919565495205115 0.49078712271403885 0.5392346561217416 0.5191685846463708 0.23863553024185963 -0.1013553673908594 0.045797531912769245 0.4995415608418403 0.43228845293174895 0.5004417524988946 0.3935756497149296 0.27390878389584494 0.19496406150353762 0.10277325696111239 -0.0443624134043418 -0.002399038226570474 -0.19073113255421673 0.13478469521297698 -0.25988655997564886 0.0473876075464145 -0.06264594263682373 -0.5234820088223483 0.5777936488329041 -0.20816157148384437 0.0699834670115205 0.08400391363056806 0.25721224758581135 -0.24282775292864492 -0.0385743183760444 -0.10290696425793286 0.3205306349917438 -0.26390748461375546 -0.06346434063235348 -0.052329293594157784 0.07564640530670046 0.24579845339249404 -0.2777103828536237 0.05288976325562634 -0.006198511709369677
-0.6037961597045202 -0.7359989739502102 -0.7267845837569447 -0.8168099616219274 -0.036759303931239565 0.002132727419771311 0.031047452951216737 0.032685970987640194 -0.02146130810214422 -0.01733992464120867 0.019191102140314966 0.06944033030005858 0.11763599845144536 0.057747408059820905 0.038694855778153035 0.07255765273539813 0.18595830293491553 0.6176403582160848 0.16472844384913768 0.38361916407623664 0.7493608615611864 0.5055846588773426 0.31282479005446207 0.3323241555379313 0.30762909182667764 0.21857289898773555 -0.09432077888130458 0.12185799901202006 0.03425388534285492 0.020315483050215084 0.07163477216112792 -0.12387663199818846 0.005429184740458282 -0.10094778042360371 0.006111227027691897 -0.2583484914289528 -0.05011318509679462 -0.051919467708261544 0.09905148212314598 -0.19331466852721096 -0.04384517167561019 0.001002513921637119 0.15426667928598795 0.20160709281231612 -0.3214376475011147 0.0031698658368480206 -0.007774383629110059 0.26416525150666953 -0.23935420036121788 0.01722655262464933 0.01821003422634567
0.5491621162488319 0.7339081459571866 0.7222853919683004 0.6246882481687711 -0.6035558721674934 -0.6402883373702742 -0.5378986871115318 -0.5138592752838411 -0.4302079905571971 -0.542161369247086 -0.06752889095901858 -0.02921247284649104 -0.016057715798128987 0.07515018115120284 0.029466365610382586 0.0394451033179532 0.025541645110219544 -0.08103392977325727 -0.08783246225757271 -0.0032304537402194997 -0.12433934886678871 0.04764838342914071 0.2448695403636866 0.6177850520035858 0.06595777964268151 0.4533397161264166 -0.012566386055563521 0.08658087107319538 0.08982778749122704 0.023038429435848055 0.05247098201211012 -0.13654278601048456 0.0051399182460017045 0.002322050121933913 0.05319463339967885 -0.20639335076592363 -0.1146387700548302 -0.06811706962682125 0.16122692029572194 -0.2984339399285492 -0.15346074000391652 -0.05333833501208515 0.08080759624955199 0.20355701879569538 -0.5606521913207511 0.2978574511376682 -0.004313750727979833 0.2598100284065748 -0.24135537859999934 0.029159074241617493 -0.0026838461171497284
-0.29921468531778483 -0.15830517973804747 -0.06173200597811866 -0.03257470857256327 0.8264870677890974 0.5812355869463314 0.5223750596345288 0.5137024676374184 0.31159241796621046 0.7989188903049986 -0.6810051955780955 -0.5561312324311543 -0.3381195640629381 0.008429607352488114 -0.5565181587191232 -0.6639061434902672 0.008000709131211918 0.04051263649996111 -0.15037672870265678 -0.20321979404008397 -0.24606249040200143 -0.2984501078844078 -0.20517599865381214 -0.04660644730216152 0.3222374911075214 0.38691076668257207 0.746112280574093 0.09501357833676327 0.3149520712351113 0.13285670499451263 0.12414643848592767 -0.09159426657456965 -0.0440689030740365 -0.019806108556192855 0.09358486376582544 -0.09786467894481124 -0.02108451564562575 -0.01682664855880289 0.02907071448204197 0.05158480588975879 -0.39572019390357066 0.019408213128654844 0.09048687925872242 0.20309563607292014 -0.28505930701660515 -0.03785088842880039 -0.028108510390446564 0.25159232626448375 -0.23683004373277727 0.01685927135787106 -0.27496909285289967
-0.048942595739893485 -0.15021158233143075 -0.15970106063325076 -0.1410791478982193 -0.12687345007365516 -0.11080542474001477 -0.11001106695385339 -0.06440660926946122 -0.02618407082785735 0.0556539991863222 0.7280324739155687 0.339754638909145 0.10087689607200305 0.12182759878190172 0.5327481645453502 0.6838556739862086 -0.7361000018646802 -0.3254176085507621 -0.427188363290819 -0.10908812075381272 0.1063262482054617 -0.047216884578621374 -0.30101537062970046 -0.23486530160252134 -0.047853941298525424 0.12561063392794744 0.30640072581514227 0.07035367556850208 0.07804556269257519 0.5517983089843764 0.40777152419491164 0.01725773145291261 0.056976349003848376 0.014125698182873087 0.06478246490919007 -0.055963597465898025 0.03889237490657105 0.037620406783901085 0.017778202500996935 0.0675684836550039 -0.30243399625275386 -0.1070249590668936 0.03202958300725927 0.2751679560767069 -0.1576947743843902 -0.02786946460241065 -0.036905481338015626 0.16449786244097717 -0.201476542496181 0.008292240012584664 -0.017544718418103126
0.11007837522323694 0.09610465351617906 -0.17523011543824007 -0.24721008442699166 -0.30360477165615607 -0.3609218837619447 -0.2905767246000157 -0.23508877935346068 -0.19500702249802015 0.027916761146016714 -0.15003939110869233 -0.1485253694121729 -0.1262385445287955 -0.07590912337403385 0.012369799786303476 0.04542680108446752 0.6031849794454619 0.5331566066265641 0.6298995593606275 0.1514706637251311 0.20318460978205977 -0.2415595386881691 -0.1933016922213802 -0.46276239773148736 -0.6635503325510663 -0.4941843949059196 -0.5774797492502889 0.11922872905914907 0.4162049285039784 0.4191976499180237 0.19627905408443322 0.27789386755458256 0.12165480221126293 0.052174319862230284 0.1393340497107172 -0.10556524531122495 -0.04964151728616846 0.032558491544056614 0.03674033448273394 0.13238037735988212 -0.18553499605663398 -0.15911630095348553 -0.15480641363936523 0.17636873723182042 -0.06173995197673689 0.005883841604124988 -0.08131725771637051 0.1453982590373341 -0.21556721542101737 -0.10485236057302225 -0.05572366479709447
0.09659068757480922 -0.26160563206540294 -0.12116468956229662 -0.2677837610069397 -0.19663195437135528 -0.08779071387136717 -0.07187920462946457 -0.26905924781409507 -0.27857810444412306 -0.1875643671489456 0.13362700895271834 0.0046186844171309015 -0.006876460331250074 -0.08718695023787529 -0.043801627638258775 -0.048556258984784086 -0.019586855367526298 0.049649503215987954 0.07312008180644504 0.048476660208251095 0.04034387235425378 -0.166229311812893 -0.019640361031050133 0.2320217011119986 0.10512650059682305 0.17582011287997235 0.5799181392055895 -0.3898714187493548 -0.6927156201909311 -0.6214392820129443 -0.499131500838954 0.5246558325759695 0.48162720788252655 0.2688994291650752 0.1473316621246015 0.10841930191015005 -0.11681207317974485 -0.027845170107148175 -0.08303023184688066 0.08428358094300308 -0.10813039035379111 -0.09726599983832833 -0.15218789933378146 0.06183210476292539 -0.19963326047777422 0.11369704102403433 0.0812791388763949 0.04607230013799223 0.11132587080133341 -0.17316785906216128 -0.055338138177990756
-9999 -0.22589756773508718 0.09393820103782065 0.31206536037253046 0.17274640837656557 0.32937688878616556 0.2870101675541804 0.38631699035090067 0.2572134466640884 -0.005627053649174986 0.14908405577073625 0.14897361044914326 0.12383523708310272 0.06850567131517117 0.08001375949330193 0.015762119510298097 -0.04272307806600872 -0.07248469215129127 0.12143396674673632 0.09073959466684066 0.040476201043276885 0.06594124886486755 0.058425283844954636 -0.02765497324105888 -0.18631321165018314 -0.12940981223004983 0.014964481315625293 0.559676634933665 0.6258374172418911 0.7048035494548293 0.6936149399714433 0.4925056552983489 -0.2030136715050693 0.3581056731476598 0.48620257369945025 0.3223025504592486 -0.11947456185588529 0.20691144528335625 0.06344176823261893 0.02696861089812643 -0.0903489299043794 -0.056080417509443245 -0.027257553503445157 0.07263121644455908 -0.24138407419912639 -0.15644672434232043 -0.05029637888939569 0.02549506594768329 0.017750422717094996 -0.06639745709574767 -0.025326300135155595
-9999 -9999 -0.42408695854869516 0.09894385116203631 0.06915883505653864 -0.019944514684609175 0.04033503248077208 0.04249345598954156 0.06366617078743615 0.04043894495437404 0.06364157509932143 0.0384267490336482 0.02944907397572531 0.031117928819194077 0.09701294373494451 0.10919319355764058 0.10200320048440036 0.05833324202673099 -0.018790277570746017 0.20436585759552955 0.16912403996663264 0.08769779779306838 0.08505278518996248 -0.05440790348658736 0.07889779356252302 -0.010252941227961972 -0.07376107574461818 -0.04531298456624691 -0.07587966005692898 -0.18398126175939236 -0.11577065013126175 0.045422109065369046 0.45970635377587116 0.33036886930740217 0.18237930434180974 0.37668487832035796 -0.14806327793628288 -0.5548193654332049 0.6283374450455357 0.13695945470356435 -0.16651868650263532 0.02134966670257053 0.04169397751119587 0.20600778192827435 0.09137372686054164 -0.1344184946356937 -0.038885640154264045 5.527183569878054E-4 0.14502569799112422 -0.09742742113337083 -0.035299086777238066
-9999 -9999 -9999 -0.5377071424432726 -0.5776295801156317 -0.6205962544972978 -0.6795138261528095 -0.7259400904264464 -0.7683546877259001 -0.20731338515045225 -0.16631082421915327 -0.10398830925074647 -0.10077229281862764 -0.1532364241420209 -0.023753678401543837 -0.04474317183060664 -0.004077332290127401 0.012308810116915833 -0.043752122508320654 0.11363750446220498 0.19090138327647763 0.3294323993172192 0.2521608085835332 0.2010267846539647 0.1563603069313572 0.0019080712504269588 -0.08222991421072386 -0.2613891782026709 -0.1789876402245835 -0.2174908806723848 -0.2609402163029539 -0.23230327719851782 -0.046542268973419336 0.10582776502406013 0.44665365896794956 0.6525702034106019 0.07353699168286877 0.04516901640140972 -0.02131394559645935 0.14427282665889177 -0.15518981794952572 -0.2113848475226025 -0.10334719385252666 -0.6938321928811024 0.7792209659594763 0.05686121722484894 0.3185200157201335 0.1084487825681529 0.2567268056525369 -0.17651321735881312 0.17618248502560666
-9999 -9999 -9999 0.5705329376173112 0.6102220701827025 0.611376170610333 0.5729252707541358 0.6034519676244535 0.5276918153522066 -0.6263016497372694 -0.4241740351927046 -0.5568402087003416 -0.4671691652493832 -0.38666106389133803 -0.48594850831073405 -0.007966865741427069 -0.0032539267633128724 0.010019420556195757 0.024437679390807175 0.060692093213998634 0.055127089081945746 0.09438373120103428 0.16573088189491578 0.2795096421526586 0.12464701496940563 0.16185355146368802 0.14210295325060845 0.16525463236005886 -0.16113057995855504 -0.07120830189532147 0.016189354314026207 0.020619748985679854 0.03983141647027691 0.05950226592678533 0.112852951223521 0.07979279390493443 0.5664258021007845 0.2183116474573065 0.14675753109066134 0.1927443601423856 0.08696402752810586 -0.12189520729307142 -0.04045673238478459 -0.1126968511708849 -0.194093868389149 -0.37801689541518174 -0.2238657697554417 -0.18871250799731873 0.1525734944846483 -0.47418015035980243 0.3091658541833645
-9999 -9999 -9999 -9999 -0.05946355676135595 -0.07461463150948464 0.014226780269497967 0.07781670216257096 0.09642527248591534 0.6040371364953934 0.5838497888287947 0.5191911319108417 0.3965265420364998 0.3088225544349704 0.6406193714890732 -0.7364526696697894 -0.5327012430375722 -0.5148063600815199 -0.4718630671469218 -0.6246361066511364 -0.09543590199102528 -0.030899310534091805 0.02432414774115955 0.18714602317960943 0.17168060959659873 0.13103734098788467 0.20328144443052407 0.2718438152553397 0.04437570609056475 0.06744547062074897 -0.009100911975606215 -0.14817853991189886 -0.15179300827584247 -0.15264949356220375 -0.15565745119339347 -0.013186325431762475 0.8743442426096307 0.4288123995502278 0.16424596560514554 0.07431810914530389 0.13311332467271986 -0.0623140195808166 -0.061123127348734436 -0.02446883162567373 2.8279930242581586E-4 -0.03811380179385966 -0.016917623636531612 -0.017586960436049803 0.18459993137431463 -0.1785513790360034 -0.13797285872859136
-9999 -9999 -9999 -9999 -0.018984380710204207 0.06847550329001373 0.11222704673489059 0.04900809270443864 0.007854840760759497 -0.030024846599719126 -0.15569917017809717 0.015830600974138857 0.014932957831371331 0.02211606173081217 0.09023169185697304 0.5661463292937697 0.5920355414531371 0.5100534630360006 0.36400231890636664 0.7497019312318101 -0.7138657779267371 -0.5487191714964188 -0.5406464742341923 -0.3933216872352283 -0.009116316286097683 -0.6273277492487396 0.12207761077176756 0.12394536070756365 0.3376349443709748 0.2377896507752711 0.19713374552704152 0.13360481204771105 -0.14110620565589405 -0.15835684854298865 -0.10551210028009315 -0.09651060324559996 -0.016897080030953308 0.9215466916757369 0.4444687436385234 0.19922251732338025 0.1970821916206048 -0.049347925660221253 0.06445205586733109 0.019532719404297114 0.035996735810811656 -0.05218391812081468 0.056937115250734374 0.08759824352510377 0.043120553306036286 0.15252692004825003 -0.15022267209643733
