output/RioRessiOut/RioRessi_slope.asc
NCOLS 197
NROWS 299
XLLCORNER 676026.5927825759
YLLCORNER 5072481.374398034
CELLSIZE 0.9572864394182301
NODATA_VALUE -9999
[rows 92 to 114 of 299, columns 106 to 158 of 197]
1.093777225242088 0.5606655468780025 0.4608944906508379 0.426225633969301 0.8367666746766054 0.49514858240921344 0.40735311524754886 0.3374100306605147 0.3687792171845082 1.1135423630925718 0.5066999100483974 0.4454306531967405 0.5995850204708013 1.2013378302542363 0.6361824047487936 0.5640715308491259 0.5985648843236796 0.8743841951017194 0.24757429120460672 0.23080580328629316 0.20791649848524915 0.21620510468061327 0.43457799867386027 0.175527175814134 0.20262454222205514 0.20472857302549372 0.3509905931190729 0.1971977405953991 0.20238240912957167 0.19873059911854576 0.3979806143958679 0.2334002521861868 0.26446317931701213 0.30801439500406186 0.2954810223736273 0.4387223017715423 0.2732996578622106 0.25188472261236733 0.3264537813560322 0.43213085130473256 0.23922192650004748 0.23915816799085238 0.24342998810692465 0.3374100306605147 0.20370843687837198 0.40218867600274505 0.2998992616462265 0.2747874323111471 0.30801439500406186 0.24967832200793755 0.2424098519596983 -9999 -9999
1.0393912168986605 0.5338499974906443 0.4992928855068955 0.4617391235909765 0.9537635390496296 0.7039427347180067 0.40735311524754886 0.3374100306605147 0.3687792171845082 0.8837566959534003 0.5264540104240117 0.5849843218651214 0.6163535083891148 1.0529717793572186 0.6528871341579121 0.6643636658130316 0.5745279263571237 0.9537635390496296 0.5606204628037923 0.21524872704268666 0.22876553099204966 0.23922192650004748 0.43661827096810374 0.20268830073125024 0.20370843687837198 0.1911480105669356 0.40110478134642824 0.2141648323863698 0.20607930321480777 0.19426727577173633 0.4638431543944151 0.2725783126748475 0.2858781145668554 0.2799270167711095 0.25927851078283953 0.4527793572930025 0.30580527536776225 0.2644180952428019 0.29322681866311745 0.42843395721949645 0.29764505793571666 0.30062060683358965 0.27925075565795654 0.4700277297863406 0.34200778695854994 0.2843903401179189 0.1451781254372623 0.15671841560157695 0.2924602816779632 0.0637585091951086 0.2350138648931703 -9999 -9999
1.2065660280082353 0.5462829067836905 0.48788011236097106 0.482588156097777 0.5129372064746487 0.9505756135898742 0.4053128429533054 0.3520107292661946 0.3103126642525936 0.9746125715564301 0.5264540104240117 0.5849843218651214 0.6163535083891148 1.0529717793572186 0.6528871341579121 0.45440689503353904 0.5735077902100019 0.615269613732798 0.7834645609894946 0.20995677077949262 0.22984942564836652 0.25382262510572734 0.46798745749209714 0.18489967666581494 0.20058426992781167 0.22041316628749044 0.41156117685442606 0.2371178956966089 0.2089366346323709 0.2171699854705161 0.2873658890157919 0.45963509278753795 0.28804215012894485 0.2865994597542186 0.2725783126748475 0.4438977946735938 0.2888085793905182 0.2806934460326828 0.32942933025390514 0.45354578655457584 0.3050839301803991 0.32280197134500627 0.2947145931120539 0.2910176990268178 0.44293036337841946 0.23709714627142292 0.2688363345154012 0.2880872342031551 0.3619349477594568 0.21722524082764127 0.16617989753878395 -9999 -9999
1.2525359131379086 0.6928520524622984 0.48265191460697215 0.47321565524609605 0.482588156097777 0.9788206331633073 0.39587658359242933 0.3290576659559555 0.38860811354418695 0.927622550279635 0.5724876540628802 0.5891286249628035 0.5703836232594416 1.0947336028800148 0.782975116808481 0.5463466652928857 0.5735077902100019 0.615269613732798 0.7834645609894946 0.2119853169363435 0.22984942564836652 0.26950721836772407 0.4261618754601059 0.23609775954948717 0.1963762083209345 0.21728899933693013 0.4586149566404162 0.32573243616866904 0.22251719709092904 0.2266615001886111 0.2851918116297208 0.4753196860495346 0.2747874323111471 0.2880872342031551 0.27181188341327417 0.4468733435714668 0.2873658890157919 0.2851567693794923 0.2792056715837464 0.4533867588864173 0.2843903401179189 0.30431750091882576 0.2939932479246908 0.2991779164588634 0.4564762513782386 0.24521227962925826 0.2599998559702027 0.26297540486807564 0.32203554208343294 0.19848023912428744 0.22978566713907225 -9999 -9999
0.6633435296659099 1.1543478089774413 0.40629767678229 0.43763840711522545 0.5045848417700894 0.8994412892153971 0.3917322804947473 0.33632613600419786 0.3573026855293886 0.9839850724081111 0.5442426344894471 0.5515748630468845 0.5692997286031247 0.6006689151271182 1.0457033093089763 0.5985648843236796 0.6413468439935974 0.5379943005883264 0.7124375817461436 0.2799636138757219 0.2652991567608469 0.25388638361492244 0.4261618754601059 0.23609775954948717 0.1963762083209345 0.21728899933693013 0.24865818586092356 0.5337862389814493 0.23297359259892683 0.25069845815516706 0.3102489057433985 0.46377939588522 0.26148763041913914 0.2851116853052821 0.2659058696917384 0.4408263325749809 0.2880872342031551 0.2947145931120539 0.2732996578622106 0.2821812204816193 0.439742437918664 0.2902963538394547 0.268114989328038 0.2784843263963832 0.44293036337841946 0.25558161669760343 0.2902963538394547 0.2829025656689825 0.32577752024287926 0.21837289399315274 0.24763804971369496 -9999 -9999
0.61977076816757 1.0518878847009017 0.40116853985562334 0.3875242188878701 0.42412160316586245 0.9349547788370726 0.4105410407073043 0.349906698462756 0.2956482071377186 1.026830790587224 0.5432224983423253 0.5589070916043221 0.5567393022916883 0.6142494775856763 1.0916094359294544 0.5118533118183318 0.49623247706553025 0.572423895553685 0.9182500494279541 0.18763991686283746 0.2611548536631648 0.25273873044941053 0.46071898744385475 0.19216814671405733 0.2570105505654828 0.2601347175160431 0.2402420626471692 0.46798745749209714 0.23297359259892683 0.25069845815516706 0.3102489057433985 0.46377939588522 0.3676953225281913 0.2696027637769745 0.24818782852713123 0.4867962177046542 0.3574716244126473 0.2703241089643377 0.2659058696917384 0.28213613640740914 0.42934980091986136 0.271090538225911 0.268114989328038 0.2688814185896114 0.45542703118066075 0.2260064640157146 0.25039694816343083 0.22974844217516088 0.2636967500554388 0.16766767198772045 0.1646921230898475 -9999 -9999
0.5546990299974448 0.9975656348666693 0.3928161751510641 0.3875242188878701 0.41889340541186354 0.8994412892153971 0.392752416641869 0.379235612692506 0.37183962562587336 0.9976293933758643 0.6765767016724175 0.5275379050803286 0.48992038465521454 0.582944049570878 1.0842772073720168 0.5390144367354481 0.47742371685297325 0.5432224983423253 0.9108540623613215 0.2423460934506078 0.24156046961823235 0.2171249013963059 0.4586149566404162 0.4092281416059528 0.2193930301403687 0.21830913548405187 0.24445012425404639 0.5484506960963242 0.2851280531205257 0.28104750853203875 0.28952992457788135 0.5014606748195292 0.2599998559702027 0.2622387483194817 0.24757429120460672 0.22774539484492792 0.5055412194080161 0.20683260382893232 0.3750275510856288 0.2814598752942562 0.41364638087855204 0.25039694816343083 0.2570693911465399 0.24818782852713123 0.4398061964278592 0.22307599919205182 0.23709714627142292 0.2068457324763811 0.18538571315232763 0.21620510468061327 0.1720859112603197 0.16194661335550598 -9999
0.5546990299974448 0.9975656348666693 0.3928161751510641 0.47735995834377815 0.3865040827407484 0.8806325290028401 0.38337991579018804 0.4105410407073043 0.4575310619840993 0.4450343941818581 1.0435355199963425 0.49623247706553025 0.4940646877528966 0.6069172490282388 0.9871729978678665 0.4930445516057748 0.5526587577032014 0.5839004272088046 0.8263102791686076 0.16711105260037964 0.2424098519598029 0.23188969794261 0.2548427612528491 0.5546990299974448 0.23507762340236543 0.25803068671260454 0.2736515214654061 0.5797561241111225 0.27059111302404093 0.2611548536631648 0.28200388616996536 0.5515748630468845 0.2688363345154012 0.2932719027373276 0.2585120815212662 0.2622089756065023 0.48577608155753244 0.26076628523177603 0.2651845245043753 0.24030582115636434 0.40735311524754886 0.1984802391243731 0.22774539484492792 0.20683260382893232 0.5432224983423253 0.2208668795557522 0.1994519443059089 0.19354593058437317 0.1920581561354367 0.24670005407819473 0.14850694044838697 0.14517812543719963 -9999
0.5923165504225589 0.918186290918759 0.3671196162936293 0.3509905931190729 0.3865040827407484 0.8806325290028401 0.5613868920653656 0.4105410407073043 0.5692997286031247 0.4617391235909765 1.022686487489542 0.47844385300009495 0.4815680199506553 0.5139573426217705 0.9923374371126703 0.4941284462620917 0.4878163538517759 0.6069172490282388 0.8629076634465999 0.4734729473554827 0.25069845815516706 0.21861267584524238 0.22251719709092904 0.5233936019826465 0.24126219879429095 0.26427902061372516 0.2956482071377186 0.6163535083891148 0.32274557354563976 0.3008764048917175 0.2726313853182844 0.5421386036860084 0.3087808242656352 0.2976884794319621 0.2806934460326828 0.26816007340224823 0.4512189695737836 0.26325888446660345 0.21126397174898037 0.24757429120460672 0.41468534380498634 0.22974844217516088 0.2496756029760677 0.24007269516929589 0.4105410407073043 0.22974844217516088 0.16188285484638074 0.1629667495026976 0.15149021784757805 0.29354417633428004 0.11744401331756164 0.12114090740279775 -9999
0.5275379050803286 0.8952332276085199 0.336389894513393 0.3436583645616354 0.38127588498674947 0.43457799867386027 0.8461391755282863 0.44707466647610156 0.4805478838035335 0.4617391235909765 1.022686487489542 0.47844385300009495 0.4815680199506553 0.5139573426217705 0.9348910203278774 0.4941284462620917 0.5056049779172113 0.5703198647502464 0.4586149566404162 0.6173736445362367 0.2089366346323709 0.24757429120460672 0.2569467920562877 0.5118533118183318 0.23922192650004748 0.2737152799746012 0.3092287695962767 0.6706119997141523 0.30610460264571643 0.30189654103883923 0.3112690418905202 0.3269536351525169 0.5379943005883264 0.2674031875642855 0.2423460934506078 0.25911458136892135 0.46690356283578033 0.24674513815240495 0.20785273997605405 0.22898201291358755 0.40945714605098743 0.22984942564836652 0.2611548536631648 0.22235465400468868 0.2082884228511074 0.37604768723275056 0.18177550971525464 0.16987679162402006 0.16176165826618472 0.2162688631898084 0.08352364704559227 0.08256726940766564 0.07517128234103304
0.5327661028343275 0.7803403940389342 0.5214874863893418 0.3624671247741924 0.3875879773970652 0.44286660486922436 0.8994412892153971 0.47844385300009495 0.48992038465521454 0.4941284462620917 0.8879009990510824 0.45963509278753795 0.45542703118066075 0.46071898744385475 0.9777367385069905 0.7504694993029294 0.5056049779172113 0.5703198647502464 0.4586149566404162 0.6173736445362367 0.18279564586237637 0.2402420626471692 0.22564136404148935 0.4983365078689688 0.26631929290796863 0.29354417633428004 0.29462807099059685 0.6507831033544735 0.5443901960881217 0.33007780210307724 0.29456431248140175 0.32280933205483486 0.5828802910616828 0.26950721836772407 0.2193930301403687 0.2621749898102866 0.4711753829518526 0.217225240827735 0.15882244640501553 0.23086956179548826 0.4564471673277825 0.2784843263963832 0.26848708222060236 0.19950037527149483 0.21206080158293122 0.4209974362153021 0.16622498161299415 0.1733593865015003 0.1577385517486987 0.22984942564836652 0.14476496228894067 0.145531391550514 0.125559146675397
0.534870133637766 0.4742357913932178 0.8754043312488411 0.3906483858384304 0.3804194181856373 0.3907121443476255 0.8607398741339661 0.45230286423010047 0.469071352148414 0.4220175723624239 0.9871729978678665 0.4460545303289798 0.43247396787042164 0.4105410407073043 0.4575310619840993 0.9056896231165177 0.6048132182248002 0.5202056765228911 0.4763398221966564 0.639306571699354 0.2496783220080453 0.2402420626471692 0.22564136404148935 0.4983365078689688 0.26631929290796863 0.2611548536631648 0.2851918116297208 0.3029804356951561 0.6956690938278299 0.33536975836627125 0.34786642616851254 0.3687154586753131 0.5839641857179997 0.2652991567608469 0.23297359259892683 0.2737152799746012 0.3729235202821902 0.21206080158293122 0.28831597858028113 0.1963762083209345 0.20785273997605405 0.44293036337841946 0.19535607217381276 0.23290983408973173 0.2016681645841285 0.3906483858384304 0.21728899933693013 0.20472857302549372 0.160862718699259 0.25076221666436216 0.12632557593697033 0.11077157033445258 0.12407137222646052
0.5484506960963242 0.5400345728825698 0.8827365598062786 0.41468534380498634 0.43036993706698307 0.42724577011642273 0.7761960909412522 0.42724577011642273 0.46798745749209714 0.4460545303289798 0.9286426864267568 0.6573708860588738 0.4178732692647418 0.44815856113241836 0.43036993706698307 0.8754043312488411 0.4930445516057748 0.5714037594065633 0.5473668014400074 0.6288501761913562 0.28104750853203875 0.2459336248166214 0.23399372874604857 0.4575948204932945 0.4520580121056394 0.2903562508745246 0.2851918116297208 0.3029804356951561 0.6956690938278299 0.33536975836627125 0.34786642616851254 0.25905082285972625 0.6309542069947948 0.26427902061372516 0.24132595730348608 0.2350138648931703 0.4408263325749809 0.31833864799819683 0.2559266559091659 0.24030582115636434 0.22245343858173391 0.39383631129818586 0.19746010297725133 0.27575555226884474 0.19012787441981385 0.39594034210162443 0.19012787441981385 0.23080580328629316 0.18177550971525464 0.27683944692516155 0.2045915287658713 0.1329529348458692 0.12853469557326996
0.639306571699354 0.5557829246537617 0.6779442282715898 0.4053128429533054 0.4575310619840993 0.46065522893465966 0.8252901430214857 0.4690075936392189 0.5024808109666509 0.46756693363394697 0.34570468104378604 0.9202903217221976 0.40633297910042715 0.4638431543944151 0.38483765745823656 0.8586358433305276 0.48265191460697215 0.5369104059320096 0.5202056765228911 0.7521591329746962 0.19535607217381276 0.26631929290796863 0.23820179035292574 0.22774539484492792 0.5933366865696806 0.2799636138757219 0.28200388616996536 0.31235293654683705 0.6612394988624714 0.34576239536507397 0.3489503208248294 0.3321818329065158 0.6309542069947948 0.2873208049415817 0.26148763041913914 0.25188472261236733 0.23709714627142292 0.3520107292661946 0.2559266559091659 0.24655415505748499 0.22455746938517251 0.4283296647727396 0.22143330243461218 0.25280248895860563 0.23046978736252405 0.3729235202821902 0.2141648323863698 0.21206080158293122 0.18279564586237637 0.15883119344252195 0.3269536351525169 0.1201210313235846 0.10116866252768074
0.6529526467862746 0.5557829246537617 0.6361186462395986 0.41997730006818035 0.4742357913932178 0.4815680199506553 0.7929008203503706 0.5133272689572963 0.426225633969301 0.5056049779172113 0.4982727493597737 0.8889848937073993 0.3729235202821902 0.3416180922673919 0.4261618754601059 0.8775083620522797 0.46486329054153686 0.5786722294548057 0.5296419358837672 0.7594276030229385 0.4217615142363874 0.2830877808262822 0.25388638361492244 0.2350138648931703 0.5881084888156818 0.25905082285972625 0.27581931077803984 0.3238294682019566 0.6852764568290273 0.3143932088410805 0.31133280039971534 0.3081448749399599 0.6351622686016719 0.5576899979801295 0.31689595762347056 0.3035961557314626 0.268114989328038 0.47321565524609605 0.2599998559702027 0.2725783126748475 0.25779073633390304 0.4283296647727396 0.24300315999295863 0.15657698973201212 0.22251719709092904 0.42412160316586245 0.2873208049415817 0.20791649848524915 0.18693994896005842 0.18173390314130172 0.3572389270201935 0.13958029375476808 0.11153799959602591
0.8080869461435604 0.7083609739906059 0.7962749187004889 0.42324928868532385 0.4742357913932178 0.4815680199506553 0.4335578625267385 0.7343067504000658 0.42520549782217926 0.4752559275403395 0.4032725706590619 0.8597197379868444 0.41889340541186354 0.349906698462756 0.4638431543944151 0.8377868108237271 0.4804841252943384 0.5620312585548823 0.5212895711792079 0.42514173931298416 0.5735077902100019 0.2371178956966089 0.2830877808262822 0.2601347175160431 0.52543387427689 0.24445012425404639 0.278879719219405 0.33007780210307724 0.6560750596176675 0.33240487915177813 0.31761730281083367 0.3035961557314626 0.33682311842437734 0.5891286249628035 0.3235684006065796 0.32352331653236943 0.31982642244713333 0.4920244154586531 0.2806934460326828 0.29394816385048056 0.28952992457788135 0.44293036337841946 0.27036919303854784 0.2732996578622106 0.2651845245043753 0.2496756029760677 0.40633297910042715 0.2194241891810259 0.13737117411846844 0.17756744810837746 0.3740074149385071 0.14938618704413947 0.12847339602814384
0.8819346596998622 0.7984840383367886 0.947515205148509 0.5056049779172113 0.5557191661445666 0.5432224983423253 0.44809480262322327 0.6695918635670306 0.42520549782217926 0.4752559275403395 0.4032725706590619 0.8597197379868444 0.41889340541186354 0.33632613600419786 0.3750275510856288 0.861823768790283 0.4941284462620917 0.4930445516057748 0.5828802910616828 0.45963509278753795 0.5202056765228911 0.33014156061227234 0.28723208392396427 0.2496783220080453 0.4533867588864173 0.22251719709092904 0.2778595830722833 0.31228917803764195 0.6247058730936741 0.34940157512902215 0.31540818317453406 0.2873658890157919 0.34868022994165904 0.5379305420791313 0.33019575951547847 0.31171128908929796 0.32352331653236943 0.4982727493597737 0.2902963538394547 0.2917841282883912 0.31319906353823446 0.48571232304833734 0.4246919790600502 0.2548151874360301 0.25558161669760343 0.2570693911465399 0.43139007321410483 0.22753932253886128 0.20756707766374427 0.1883161779759904 0.3740074149385071 0.1566220738062223 0.12847339602814384
0.9484336691599018 0.9240882690863957 1.217270003675303 0.9927513141085249 0.6069172490282388 0.629934070847673 0.5223097073263296 0.6664676966164702 0.3729235202821902 0.40110478134642824 0.41997730006818035 0.7886927587434934 0.44184646872210265 0.4575310619840993 0.3750275510856288 0.861823768790283 0.7172425366100147 0.4930445516057748 0.5828802910616828 0.3509905931190729 0.611125310635116 0.28933611472740284 0.2423460934506078 0.22462122789436761 0.5013969163103341 0.2880872342031551 0.30801439500406186 0.3523320399526849 0.5562022235311931 0.5613418079911555 0.336056689162804 0.31315397946402423 0.2895750086520915 0.5578231969480052 0.2799636138757219 0.2747874323111471 0.31982642244713333 0.5108331756712101 0.2902963538394547 0.2762301226858734 0.34052001250961345 0.3213141968960698 0.4786576158896553 0.27550877749851027 0.2644180952428019 0.23930626590772253 0.4690075936392189 0.2474213992655579 0.23863000479456958 0.2297033581009507 0.3729235202821902 0.17240300886357365 0.15353049014182152
0.7896024757173798 0.8369407536380861 0.8051113972456875 1.2337271529253515 0.6236219784373572 0.667487832763592 0.5818601549145611 0.7500551021712576 0.3332019690536376 0.3374100306605147 0.4209974362153021 0.7740920601378135 0.41991354155898525 0.506625114064333 0.3427291321459131 0.4533867588864173 0.8921090606579596 0.5525949991940062 0.5355086334687129 0.4763398221966564 0.611125310635116 0.28933611472740284 0.2459787088908316 0.23119113254988718 0.3551348962167549 0.24655415505748499 0.2110406654358095 0.24547026040116812 0.31758113430083595 0.6037930820776785 0.2778595830722833 0.40774036715701634 0.39444056526500837 0.6350985100924768 0.3774438692877643 0.32280197134500627 0.356028934037921 0.5443901960881217 0.32947441432811536 0.2622089756065023 0.2851567693794923 0.30282972646988926 0.5244137381297682 0.24818782852713123 0.25803068671260454 0.25558161669760343 0.45026259193585694 0.2563029618849666 0.23709714627142292 0.23267890699882365 0.4231014670187407 0.19950037527149483 0.16711105260037964
0.7674661952801735 0.8457772321832846 0.871196269641964 1.3579924873466183 0.6090212798316774 0.6027091874213616 0.5798198826203177 0.9348910203278774 0.3545411595889846 0.3437221230708305 0.3979806143958679 0.753179269121818 0.5480870901733578 0.4460545303289798 0.33831089287331384 0.44293036337841946 0.8565955710362841 0.5170815095723308 0.6810683952221501 0.47844385300009495 0.6069172490282388 0.2621749898102866 0.24553401891036322 0.21728899933693013 0.4647995320323417 0.4217615142363874 0.21275174619791684 0.24547026040116812 0.33091710470284164 0.6037930820776785 0.18538571315232763 0.2779233415814784 0.3143932088410805 0.5703836232594416 0.274735416121723 0.23086956179548826 0.2402420626471692 0.5337862389814493 0.539205527553949 0.3486351458674488 0.3663982711062662 0.32424466171973254 0.5996487789799965 0.33686820249858757 0.2888085793905182 0.2688814185896114 0.46065522893465966 0.23507762340236543 0.22379734437941498 0.21830913548405187 0.46798745749209714 0.359004482935794 0.19057038168650023
0.7166456433530207 0.8879009990510824 0.9558675698530682 1.4426000290485272 0.5860044580122432 0.5731989195084372 0.5798713624915462 0.9965454987195475 0.4220175723624239 0.38860811354418695 0.37815171803618913 0.42412160316586245 0.6915247907301479 0.3802557488396277 0.364571155577631 0.40741687375674396 0.9265386556233183 0.4805478838035335 0.686296592976149 0.49310831011496997 0.6518032395015952 0.25069845815516706 0.22984942564836652 0.21620510468061327 0.20166106394220853 0.506625114064333 0.243769589254532 0.2171699854705161 0.22455746938517251 0.5902125196191204 0.3567502792252842 0.3612136025720936 0.37965298892406396 0.5798713624915462 0.4055312475207167 0.3634227222083932 0.19057038168650023 0.25280248895860563 0.5202056765228911 0.2016044060749334 0.3008764048917175 0.2809837500228436 0.5588433330951269 0.3338475695265044 0.31022351464036146 0.32573243616866904 0.4742995499024129 0.24670005407819473 0.24007269516929589 0.23399372874604857 0.23603400104029204 0.426225633969301 0.21728899933693013
0.6926086853864648 0.9223943525256362 0.8775083620522797 1.3099185714135062 0.5463466652928857 0.5421386036860084 0.5453265291457638 1.1282068202074467 0.9410398809894296 0.40633297910042715 0.27161124917116264 0.5014606748195292 0.6455549056004746 0.39906450905218477 0.46377939588522 0.4334941040175434 0.8973372584119585 0.4335578625267385 0.5766319571605623 0.5243499796205732 0.7302262058115788 0.4793789610770184 0.16987679162402006 0.20581246768181058 0.20581246768181058 0.45019883342666184 0.24818782852713123 0.24083912443086922 0.23637580108405976 0.4387223017715423 0.2932719027373276 0.30062060683358965 0.31761730281083367 0.5488084353607209 0.5532717587075303 0.40850679641858967 0.3671196162936293 0.3649104966573297 0.5303690490087506 0.28952992457788135 0.31910507725977016 0.21126397174898037 0.577715851816879 0.2674031875642855 0.2559266559091659 0.3040005718422778 0.5003767801632123 0.32059285170870666 0.2762752067600836 0.25069845815516706 0.22307599919205182 0.43668202947729884 0.25171859430228877
0.932850748033634 0.9223943525256362 0.8775083620522797 1.3099185714135062 0.6943398269112349 0.6979916369222607 0.43213085130473256 0.676924092124468 1.1856532369922397 0.4460545303289798 0.3687154586753131 0.3238294682019566 0.8158538836606097 0.44707466647610156 0.3826285378219369 0.40945714605098743 0.966323965361066 0.49514858240921344 0.4993061218779252 0.5003767801632123 0.389300980805046 0.596460853520241 0.18984903649913706 0.1911480105669356 0.19535607217381276 0.41264507151074287 0.22768163633573282 0.22984942564836652 0.22251719709092904 0.40735311524754886 0.2779233415814784 0.30580527536776225 0.2799721008453197 0.3213141968960698 0.5013969163103341 0.38483765745823656 0.3767225241004012 0.38483765745823656 0.5422023621952036 0.32352331653236943 0.31315397946402423 0.30801439500406186 0.577715851816879 0.2674031875642855 0.2673936441406749 0.3040005718422778 0.28410791697340393 0.33530599985707615 0.28729584243315937 0.2569467920562877 0.2319534564518051 0.45019883342666184 0.25803068671260454
