output/RioRessiOut/RioRessiPit.asc
NCOLS 197
NROWS 299
XLLCORNER 676026.5927825759
YLLCORNER 5072481.374398034
CELLSIZE 0.9572864394182301
NODATA_VALUE -9999
[rows 168 to 191 of 299, columns 54 to 107 of 197]
-9999 -9999 -9999 -9999 -9999 -9999 -9999 -9999 -9999 -9999 -9999 -9999 -9999 -9999 -9999 -9999 -9999 -9999 -9999 -9999 -9999 -9999 658.114013671875 657.5770263671875 656.114990234375 655.4169921875 654.7760009765625 654.0549926757812 653.3790283203125 652.1909790039062 652.0670166015625 652.0570068359375 652.0770263671875 652.1290283203125 652.1929931640625 652.35498046875 652.6370239257812 653.3590087890625 654.6370239257812 654.8099975585938 654.8309936523438 654.9569702148438 655.3309936523438 655.6480102539062 656.0910034179688 656.4749755859375 656.9600219726562 657.0689697265625 657.2169799804688 657.3090209960938 657.3569946289062 657.3270263671875 657.156005859375 656.8079833984375
-9999 -9999 -9999 -9999 -9999 -9999 -9999 -9999 -9999 -9999 -9999 -9999 -9999 -9999 -9999 -9999 -9999 -9999 -9999 -9999 -9999 658.7420043945312 658.5159912109375 658.0700073242188 657.3590087890625 655.5490112304688 654.9569702148438 654.3629760742188 653.781005859375 653.0280151367188 652.9229736328125 652.9879760742188 653.1400146484375 653.3270263671875 653.4819946289062 653.656982421875 653.8380126953125 654.1069946289062 654.6370239257812 654.8099975585938 654.8309936523438 654.9569702148438 655.3309936523438 655.6480102539062 656.9879760742188 657.2659912109375 657.4290161132812 657.3930053710938 657.3889770507812 657.3880004882812 657.4000244140625 657.4299926757812 657.3380126953125 657.1199951171875
-9999 -9999 -9999 -9999 -9999 -9999 -9999 -9999 -9999 -9999 -9999 -9999 -9999 -9999 -9999 -9999 -9999 -9999 -9999 -9999 659.3779907226562 659.0770263671875 658.698974609375 658.1400146484375 657.416015625 655.8330078125 655.2960205078125 654.7890014648438 654.3740234375 653.9149780273438 654.0009765625 654.3350219726562 654.6920166015625 654.802001953125 654.8049926757812 654.9110107421875 655.1339721679688 655.39697265625 655.7650146484375 655.9349975585938 655.9219970703125 656.1489868164062 656.5700073242188 656.7559814453125 656.9879760742188 657.2659912109375 657.4290161132812 657.3930053710938 657.3889770507812 657.5 657.47802734375 657.4359741210938 657.448974609375 657.3289794921875
-9999 -9999 -9999 -9999 -9999 -9999 -9999 -9999 -9999 -9999 -9999 -9999 -9999 -9999 -9999 -9999 -9999 -9999 -9999 -9999 659.7659912109375 659.4219970703125 659.0800170898438 658.3800048828125 657.6519775390625 656.2769775390625 655.8300170898438 655.3889770507812 655.0809936523438 654.947998046875 655.1409912109375 655.3820190429688 655.6630249023438 656.0479736328125 656.1129760742188 656.2410278320312 656.427001953125 656.5800170898438 656.9569702148438 657.0490112304688 656.9650268554688 657.1530151367188 657.489013671875 657.583984375 657.7050170898438 657.72802734375 657.6929931640625 657.5479736328125 657.5269775390625 657.5 657.47802734375 657.4359741210938 657.448974609375 657.3289794921875
-9999 -9999 -9999 -9999 -9999 -9999 -9999 -9999 -9999 -9999 -9999 -9999 -9999 -9999 -9999 -9999 -9999 -9999 -9999 660.0369873046875 660.4409790039062 659.9760131835938 659.677978515625 658.9940185546875 658.2650146484375 656.885986328125 656.5189819335938 656.2219848632812 655.9760131835938 655.9119873046875 656.0599975585938 656.2490234375 656.5230102539062 656.85400390625 657.0570068359375 657.2050170898438 657.3510131835938 657.4920043945312 657.791015625 657.9080200195312 657.9749755859375 658.0189819335938 658.0709838867188 658.0239868164062 657.9920043945312 658.0250244140625 657.927001953125 657.6530151367188 657.6539916992188 657.6270141601562 657.594970703125 657.5549926757812 657.6480102539062 657.5989990234375
-9999 -9999 -9999 -9999 -9999 -9999 -9999 -9999 -9999 -9999 -9999 -9999 -9999 -9999 -9999 -9999 -9999 -9999 -9999 660.5280151367188 660.4409790039062 659.9760131835938 659.677978515625 658.9940185546875 658.2650146484375 656.885986328125 657.198974609375 656.9639892578125 656.7960205078125 656.8300170898438 657.0800170898438 657.2769775390625 657.47900390625 657.6719970703125 657.8809814453125 658.0889892578125 658.27197265625 658.3800048828125 658.5239868164062 658.5239868164062 658.4959716796875 658.5390014648438 658.5009765625 658.468017578125 658.448974609375 658.343994140625 658.1699829101562 657.906005859375 657.8159790039062 657.7509765625 657.7139892578125 657.7730102539062 657.8939819335938 657.85302734375
-9999 -9999 -9999 -9999 -9999 -9999 -9999 -9999 -9999 -9999 -9999 -9999 -9999 -9999 -9999 -9999 -9999 -9999 -9999 661.0380249023438 660.927001953125 660.5960083007812 660.3519897460938 659.7059936523438 658.9949951171875 657.6729736328125 657.198974609375 656.9639892578125 656.7960205078125 656.7960205078125 657.0800170898438 658.333984375 658.4739990234375 658.5819702148438 658.8280029296875 659.02001953125 659.18798828125 659.2899780273438 659.2479858398438 659.1389770507812 659.0159912109375 659.02001953125 658.9320068359375 659.0130004882812 659.0560302734375 658.989013671875 658.7369995117188 658.2379760742188 658.0850219726562 658.1300048828125 658.197998046875 658.426025390625 658.3870239257812 658.3150024414062
-9999 -9999 -9999 -9999 -9999 -9999 -9999 -9999 -9999 -9999 -9999 -9999 -9999 -9999 -9999 -9999 -9999 -9999 -9999 661.5120239257812 661.3980102539062 661.2020263671875 661.0390014648438 660.458984375 659.8889770507812 658.5570068359375 658.0999755859375 657.7420043945312 657.5440063476562 657.5590209960938 658.1329956054688 658.333984375 658.4739990234375 658.5819702148438 658.8280029296875 659.02001953125 659.18798828125 659.9039916992188 659.781005859375 659.7069702148438 659.614990234375 659.5180053710938 659.4639892578125 659.6129760742188 659.6290283203125 659.552978515625 659.3309936523438 659.0900268554688 659.0780029296875 658.9580078125 658.8820190429688 659.0369873046875 659.0759887695312 659.0419921875
-9999 -9999 -9999 -9999 -9999 -9999 -9999 -9999 -9999 -9999 -9999 -9999 -9999 -9999 -9999 -9999 -9999 -9999 -9999 661.864013671875 661.8419799804688 661.7340087890625 661.6580200195312 661.2039794921875 660.7830200195312 660.2020263671875 659.1799926757812 658.7230224609375 658.5700073242188 658.64599609375 659.0910034179688 659.2650146484375 659.4019775390625 659.5020141601562 659.708984375 659.81201171875 659.8779907226562 659.9039916992188 659.8389892578125 659.7069702148438 659.614990234375 659.5180053710938 659.4639892578125 660.2329711914062 660.1630249023438 660.0770263671875 660.0360107421875 659.89501953125 659.8179931640625 659.7429809570312 659.6329956054688 659.5609741210938 659.4180297851562 659.4229736328125
-9999 -9999 -9999 -9999 -9999 -9999 -9999 -9999 -9999 -9999 -9999 -9999 -9999 -9999 -9999 -9999 -9999 -9999 -9999 662.4559936523438 662.3259887695312 662.1400146484375 662.06201171875 661.9249877929688 661.6599731445312 661.2069702148438 660.3560180664062 660.0269775390625 659.8829956054688 659.8709716796875 660.0070190429688 660.10400390625 660.2160034179688 660.3049926757812 660.385986328125 660.3909912109375 660.3790283203125 660.3740234375 660.3870239257812 660.3369750976562 660.2849731445312 660.1829833984375 660.2160034179688 660.2329711914062 660.1630249023438 660.0770263671875 660.0360107421875 659.89501953125 660.5349731445312 660.43701171875 660.260986328125 660.0960083007812 659.8480224609375 659.8159790039062
-9999 -9999 -9999 -9999 -9999 -9999 -9999 -9999 -9999 -9999 -9999 -9999 -9999 -9999 -9999 -9999 -9999 -9999 -9999 663.0059814453125 662.7890014648438 662.6539916992188 662.4730224609375 662.3720092773438 662.2420043945312 661.9869995117188 661.5 661.2630004882812 661.0919799804688 660.968994140625 661.0339965820312 660.9500122070312 660.9450073242188 660.968017578125 660.9320068359375 660.9190063476562 660.8880004882812 660.8870239257812 660.9609985351562 661.072021484375 661.0960083007812 661.0599975585938 661.0189819335938 660.8679809570312 660.8170166015625 660.7490234375 660.7589721679688 660.7239990234375 660.5349731445312 660.43701171875 660.260986328125 660.0960083007812 659.8480224609375 659.8159790039062
-9999 -9999 -9999 -9999 -9999 -9999 -9999 -9999 -9999 -9999 -9999 -9999 -9999 -9999 -9999 -9999 -9999 -9999 -9999 663.3939819335938 663.291015625 663.1610107421875 663.0540161132812 662.8930053710938 662.7689819335938 662.6370239257812 662.2990112304688 662.135986328125 661.947021484375 661.802001953125 661.7030029296875 661.5809936523438 661.5599975585938 661.5640258789062 661.5120239257812 661.426025390625 661.4190063476562 661.4249877929688 661.52197265625 661.6610107421875 661.718994140625 661.7559814453125 661.6729736328125 661.56298828125 661.5709838867188 661.5700073242188 661.5369873046875 661.4459838867188 661.083984375 660.947998046875 660.7960205078125 660.6829833984375 660.3800048828125 660.2069702148438
-9999 -9999 -9999 -9999 -9999 -9999 -9999 -9999 -9999 -9999 -9999 -9999 -9999 -9999 -9999 -9999 -9999 -9999 -9999 663.3939819335938 663.291015625 663.1610107421875 663.0540161132812 662.8930053710938 663.4140014648438 663.27197265625 662.9089965820312 662.8280029296875 662.6220092773438 662.4349975585938 662.2919921875 662.0859985351562 662.010986328125 662.0 662.0579833984375 662.0180053710938 662.0460205078125 662.10498046875 662.0980224609375 662.27197265625 662.3049926757812 662.3250122070312 662.2479858398438 662.1929931640625 662.2329711914062 662.2620239257812 662.1729736328125 662.0139770507812 661.64501953125 661.5079956054688 661.3519897460938 661.239013671875 660.9639892578125 660.7680053710938
-9999 -9999 -9999 -9999 -9999 -9999 -9999 -9999 -9999 -9999 -9999 -9999 -9999 -9999 -9999 -9999 -9999 -9999 -9999 663.8300170898438 663.7919921875 663.708984375 663.6270141601562 663.5560302734375 663.4140014648438 663.27197265625 662.9089965820312 662.8280029296875 662.6220092773438 662.4349975585938 662.9509887695312 662.8720092773438 662.8140258789062 662.7479858398438 662.7169799804688 662.81298828125 662.8400268554688 662.85302734375 662.85498046875 662.969970703125 662.9840087890625 662.989013671875 662.9609985351562 662.9320068359375 662.8579711914062 662.85302734375 662.7659912109375 662.6320190429688 662.2479858398438 662.0360107421875 661.8519897460938 661.7459716796875 661.5150146484375 661.3410034179688
-9999 -9999 -9999 -9999 -9999 -9999 -9999 -9999 -9999 -9999 -9999 -9999 -9999 -9999 -9999 -9999 -9999 -9999 -9999 664.302978515625 664.3380126953125 664.280029296875 664.135009765625 664.0399780273438 663.9970092773438 663.875 663.5250244140625 663.3790283203125 663.208984375 663.06201171875 662.9509887695312 662.8720092773438 662.8140258789062 662.7479858398438 662.7169799804688 662.81298828125 663.530029296875 663.5750122070312 663.6510009765625 663.718994140625 663.6690063476562 663.5759887695312 663.5490112304688 663.468017578125 663.468017578125 663.4180297851562 663.3159790039062 663.1900024414062 662.9290161132812 662.6179809570312 662.4340209960938 662.2940063476562 662.1799926757812 661.8460083007812
-9999 -9999 -9999 -9999 -9999 -9999 -9999 -9999 -9999 -9999 -9999 -9999 -9999 -9999 -9999 -9999 -9999 -9999 -9999 664.7050170898438 664.7570190429688 664.7949829101562 664.7319946289062 664.5609741210938 664.4929809570312 664.4030151367188 664.2760009765625 664.0330200195312 663.8889770507812 663.7540283203125 663.6480102539062 663.47802734375 663.47900390625 663.5070190429688 663.52001953125 663.5070190429688 663.530029296875 663.5750122070312 663.6510009765625 663.7000122070312 663.6690063476562 663.5759887695312 664.0670166015625 663.9959716796875 663.9819946289062 663.9760131835938 663.833984375 663.6799926757812 663.3560180664062 663.155029296875 662.9349975585938 662.781005859375 662.6420288085938 662.3060302734375
-9999 -9999 -9999 -9999 -9999 -9999 -9999 -9999 -9999 -9999 -9999 -9999 -9999 -9999 -9999 -9999 -9999 -9999 -9999 665.177978515625 665.301025390625 665.2899780273438 665.22802734375 665.0989990234375 664.9959716796875 664.906005859375 664.81201171875 664.6909790039062 664.489013671875 664.375 664.31298828125 664.1799926757812 664.1649780273438 664.1749877929688 664.1859741210938 664.2069702148438 664.2109985351562 664.218017578125 664.2570190429688 664.2890014648438 664.1640014648438 664.0679931640625 664.0670166015625 663.9959716796875 663.9819946289062 663.9760131835938 663.833984375 664.27001953125 663.9840087890625 663.8410034179688 663.6630249023438 663.4169921875 663.1630249023438 662.8400268554688
-9999 -9999 -9999 -9999 -9999 -9999 -9999 -9999 -9999 -9999 -9999 -9999 -9999 -9999 -9999 -9999 -9999 -9999 -9999 665.5180053710938 665.6610107421875 665.7319946289062 665.7059936523438 665.5339965820312 665.427001953125 665.4149780273438 665.385009765625 665.2550048828125 665.114013671875 665.0170288085938 664.9609985351562 664.8590087890625 664.8389892578125 664.8200073242188 664.7969970703125 664.77197265625 664.7930297851562 664.8060302734375 664.8389892578125 664.8270263671875 664.6539916992188 664.5570068359375 664.530029296875 664.4530029296875 664.3779907226562 664.35498046875 664.3369750976562 664.27001953125 664.1430053710938 663.8410034179688 663.6630249023438 663.4169921875 663.1630249023438 663.3909912109375
-9999 -9999 -9999 -9999 -9999 -9999 -9999 -9999 -9999 -9999 -9999 -9999 -9999 -9999 -9999 -9999 -9999 -9999 -9999 -9999 666.0449829101562 666.0770263671875 666.0989990234375 666.0369873046875 666.0 666.0289916992188 666.0079956054688 665.8359985351562 665.7059936523438 665.6389770507812 665.6010131835938 665.4869995117188 665.4420166015625 665.4249877929688 665.4199829101562 665.4089965820312 665.3569946289062 665.333984375 665.3200073242188 665.2960205078125 665.1829833984375 665.0819702148438 664.9739990234375 664.958984375 664.8599853515625 664.8289794921875 664.7990112304688 664.7750244140625 664.6840209960938 664.4080200195312 664.281982421875 664.10498046875 663.9010009765625 663.3909912109375
-9999 -9999 -9999 -9999 -9999 -9999 -9999 -9999 -9999 -9999 -9999 -9999 -9999 -9999 -9999 -9999 -9999 -9999 -9999 -9999 -9999 666.0770263671875 666.0989990234375 666.5189819335938 666.5159912109375 666.551025390625 666.5399780273438 666.3740234375 666.3380126953125 666.2899780273438 666.2379760742188 666.1909790039062 666.1420288085938 666.1090087890625 666.0689697265625 666.0180053710938 665.9119873046875 665.875 665.85498046875 665.8209838867188 665.6749877929688 665.60400390625 665.5269775390625 665.4849853515625 665.4450073242188 665.3049926757812 665.3070068359375 665.31298828125 665.2319946289062 664.93798828125 664.833984375 664.5999755859375 664.4249877929688 664.0170288085938
-9999 -9999 -9999 -9999 -9999 -9999 -9999 -9999 -9999 -9999 -9999 -9999 -9999 -9999 -9999 -9999 -9999 -9999 -9999 -9999 -9999 -9999 666.5399780273438 666.5189819335938 666.5159912109375 666.551025390625 666.5399780273438 666.3740234375 666.3380126953125 666.8800048828125 666.8140258789062 666.75 666.677001953125 666.6820068359375 666.6510009765625 666.56298828125 666.4580078125 666.3880004882812 666.3519897460938 666.3300170898438 666.2139892578125 666.1510009765625 666.0700073242188 665.9769897460938 665.9340209960938 665.822021484375 665.8519897460938 665.8400268554688 665.8140258789062 665.52197265625 665.4089965820312 665.1909790039062 664.9730224609375 664.625
-9999 -9999 -9999 -9999 -9999 -9999 -9999 -9999 -9999 -9999 -9999 -9999 -9999 -9999 -9999 -9999 -9999 -9999 -9999 -9999 -9999 -9999 666.8289794921875 666.9329833984375 666.9949951171875 667.0239868164062 667.0419921875 667.02099609375 666.9320068359375 666.8800048828125 666.8140258789062 666.75 666.677001953125 666.6820068359375 666.6510009765625 667.0809936523438 666.9719848632812 666.9000244140625 666.8400268554688 666.7880249023438 666.7310180664062 666.6790161132812 666.6430053710938 666.5469970703125 666.5050048828125 666.4110107421875 666.39599609375 666.3599853515625 666.3300170898438 666.083984375 665.8800048828125 665.7039794921875 665.5170288085938 665.322021484375
-9999 -9999 -9999 -9999 -9999 -9999 -9999 -9999 -9999 -9999 -9999 -9999 -9999 -9999 -9999 -9999 -9999 -9999 -9999 -9999 -9999 -9999 -9999 667.3880004882812 667.469970703125 667.52197265625 667.4530029296875 667.3770141601562 667.3519897460938 667.3049926757812 667.2689819335938 667.2340087890625 667.1240234375 667.1480102539062 667.14501953125 667.0809936523438 666.9719848632812 666.9000244140625 666.8400268554688 666.7880249023438 667.2659912109375 667.1939697265625 667.1840209960938 667.1500244140625 667.1160278320312 666.9849853515625 666.9080200195312 666.8660278320312 666.8049926757812 666.5709838867188 666.3720092773438 666.1640014648438 665.9819946289062 665.7960205078125
-9999 -9999 -9999 -9999 -9999 -9999 -9999 -9999 -9999 -9999 -9999 -9999 -9999 -9999 -9999 -9999 -9999 -9999 -9999 -9999 -9999 -9999 -9999 -9999 667.8729858398438 667.8779907226562 667.8179931640625 667.7440185546875 667.7059936523438 667.6890258789062 667.64599609375 667.6090087890625 667.6389770507812 667.6859741210938 667.68798828125 667.6300048828125 667.5440063476562 667.3980102539062 667.375 667.3579711914062 667.2659912109375 667.1939697265625 667.1840209960938 667.1500244140625 667.1160278320312 666.9849853515625 667.343994140625 667.302001953125 667.2030029296875 667.0709838867188 666.7670288085938 666.552978515625 666.405029296875 666.2319946289062
