output/RioRessiOut/RioRessi_rescaled_distance.asc
NCOLS 197
NROWS 299
XLLCORNER 676026.5927825759
YLLCORNER 5072481.374398034
CELLSIZE 0.9572864394182301
NODATA_VALUE -9999
[rows 48 to 71 of 299, columns 0 to 52 of 197]
-9999 -9999 -9999 -9999 -9999 -9999 -9999 -9999 -9999 -9999 125.50948088997957 128.5745891377212 124.61661125955813 114.53892847632927 99.4648532060726 95.39456540235665 80.81406942091029 67.68844660439296 57.09339999022169 46.79027333484938 36.76129012098134 37.737452824437604 38.71225464753918 48.59622866545029 58.29215961880547 68.13046065061852 82.26535231787877 92.4309284622191 102.490021783968 113.13261218011304 127.33409762616267 139.09929441695058 145.4324181323401 157.21724733901817 177.45473166178726 189.2085848655648 216.51579983746294 226.74173984384774 237.1124391681499 253.2650377025807 270.92109210864294 282.5333495069506 294.14273487702224 310.1188834254246 321.0706076014529 332.79733258120217 344.03733958627384 356.8456060030237 367.80117760024916 378.82661692040546 389.48660205657995 400.13774110014066 413.97408872430924
-9999 -9999 -9999 -9999 -9999 -9999 -9999 -9999 -9999 -9999 -9999 139.6000284578811 130.42396893716682 125.15974549961601 109.53015117029032 94.89987007342322 85.18243075659524 73.91850766554779 64.29083089284373 54.427760686017734 49.53676417122935 51.56952634560466 51.820559843470534 40.08823675169688 49.78416770505206 59.622468736865116 73.75736040412536 83.9229365484657 93.9820298702146 104.42782437504674 117.47811363023142 128.26907288690225 139.22554406205742 151.49228984203828 175.06362320991823 192.54952422545298 183.3334842506533 193.70283138045255 203.99135413181173 221.41637878820555 233.97562746216636 245.49667476402166 256.512135260326 272.0351643886325 283.13061071417945 294.4981602503147 306.10860050788796 318.1961813324725 332.57263942111166 343.51962325130256 354.2465139237378 364.89337502291903 379.1685055861145
-9999 -9999 -9999 -9999 -9999 -9999 -9999 -9999 -9999 -9999 -9999 149.5170033538726 140.33655395528018 124.75721130634149 110.06786063673101 105.27492120072311 89.96792451598887 84.62290895332463 75.47333827635194 66.05549668857032 61.45535691009536 62.851318109689636 62.64380916499727 50.23020971924961 41.46384931543883 63.80308566436967 77.8720956123355 88.01084745779544 98.02537203963351 108.15770680547398 121.20799606065866 131.9989553173295 142.95542649248466 155.2221722724655 175.86572649633035 167.6538784737755 178.77502343693425 189.45712248774694 200.08641370564354 217.81343951482708 229.73203225368977 244.61584825285553 255.7014325909393 272.59513440369363 283.97322877608593 295.32467767498264 306.59582430995766 316.99790111610207 329.9269017560788 340.7362289511054 351.55464081053185 362.2060474658524 376.23842192993095
-9999 -9999 -9999 -9999 -9999 -9999 -9999 -9999 -9999 -9999 -9999 -9999 138.80245315540972 124.4416417186775 120.19015271413977 105.41576664331569 101.25407625365614 91.10756727016658 81.7249509410784 77.38237053134158 79.4881595671785 74.23469380386433 72.88172378444042 60.51515795415049 51.7708172317835 42.874109959524816 55.472557148506596 65.74993621838983 75.66707051926139 85.77976553569756 99.26650168868291 110.11778896082119 120.80422491641791 133.27345213188406 146.6339688484196 165.34751655986778 179.5090556811755 189.95486684673068 200.39945410141002 218.12647991059356 229.00142476957458 240.2465526802227 251.83459002861713 269.1175792048056 280.52844665649496 292.01024981128313 303.46482948427507 314.01300596412284 327.73390130746196 338.51080945930914 355.58907081596 366.3250646416909 379.50551965779664
-9999 -9999 -9999 -9999 -9999 -9999 -9999 -9999 -9999 -9999 -9999 -9999 138.12232927265 134.0458720078939 119.66019572136217 115.74933140377622 106.63784365464225 101.86157934416804 92.41573096265351 87.99447910318469 90.03163270264453 89.09406834973976 83.64018892928577 71.31967017483468 62.932870126691455 43.92892760750997 60.09916396347537 70.54081044058839 80.6070491833398 91.34144431177629 103.42038254256558 114.21546608073312 124.60991680417729 136.02045208552124 144.80058911701127 161.35846926314758 172.4353418296202 184.14298235148468 196.21195411425504 214.42969131031253 225.41661693901827 236.66174484966638 248.2497821980608 265.5327713742493 288.33763406097444 299.8194372157626 310.73254635505737 321.92547783704566 335.9797342889364 347.28289390891666 353.1845819122632 363.8753619338346 376.76423457364444
-9999 -9999 -9999 -9999 -9999 -9999 -9999 -9999 -9999 -9999 -9999 -9999 147.60361285597187 143.89354520566457 129.6174348098809 125.83653606852505 116.69814610912377 112.5840672037683 102.87633086108806 105.20844115830872 104.69361160132817 99.95807858012566 86.14402639341671 81.97536245890902 73.18491751286868 44.92549556741034 59.66424389605394 70.20423271554651 85.47711600293381 96.50775543159493 107.27907714486658 108.34031211317918 118.43275194686038 128.61539187046145 139.47156904139266 155.63990333801814 168.6702986939599 181.38613386586553 193.53471462124924 209.61464353793002 221.25382448584855 233.19609389901152 245.35708615743366 269.83618788337134 285.00006946589735 296.2609183462406 308.54232588737204 319.73525736936034 333.7895138212511 345.09267344123134 355.3996413575722 366.35611253272737 379.3794706494773
-9999 -9999 -9999 -9999 -9999 -9999 -9999 -9999 -9999 -9999 -9999 -9999 157.1764772501583 166.8788875366113 139.8516040566048 130.26953397282296 127.15594508927977 118.01716809632026 113.50588736697838 115.94001757728714 115.43984891585319 102.16139691483112 96.5190775207166 92.24565081671399 59.30935331179917 45.8902733424672 56.67167044185127 61.97878781015972 72.0439317497322 82.86718107125529 93.07676831355839 103.49206011259784 114.21454797219441 124.87453310836892 136.1193407822735 150.92171314335704 164.80838299399818 177.94068904878642 190.04655363971494 205.41248344073585 229.97459584963906 241.2460646831853 252.78923375752532 265.1627860677179 282.2051497400298 293.310793043859 304.411488963964 315.81671264625265 331.61701074939015 343.12110545580293 359.26722916270694 370.0441373145541 383.06749543130405
-9999 -9999 -9999 -9999 -9999 -9999 -9999 -9999 -9999 -9999 -9999 -9999 -9999 171.1204372936072 150.30523008740454 140.76778054755889 144.19455940206134 150.11406721496837 140.30066597080855 130.6330656278685 120.85758326810563 110.80447168807038 106.35099576270562 73.79394768752837 61.45988434718546 56.23083161620269 47.281838355339396 58.04058205022935 67.76501180824846 77.86810571743834 87.76202974733685 106.35663043653871 118.1395945321891 129.64368923860187 139.99302564119014 155.94475225395055 169.48102256955298 181.20590624330043 192.6001933660093 211.03181289136762 226.36101436069887 237.54352174420356 249.1034292536159 261.67572541061196 278.56138167857915 290.22317459321357 301.4523201188651 312.3945702651551 328.8217368855584 340.08805340413056 362.3315363180988 372.98696053866036 383.8102098601834
-9999 -9999 -9999 -9999 -9999 -9999 -9999 -9999 -9999 -9999 -9999 -9999 -9999 181.79388405333057 185.83693851712655 158.44221875909747 164.63102559100614 155.24549146571349 145.32977753788214 135.66161813792385 125.78333808939722 98.15725795980974 87.38034980796257 77.7671112192756 68.1289515519985 57.83684625955115 48.23912479475804 58.997868489647985 69.0149151820533 81.64898972490465 91.3433744870187 103.1552322281813 116.20593631647637 127.95377199195029 145.21330024332013 159.49612962449928 172.58756163133611 183.9174125743309 194.98763895417096 206.60395365892109 224.4147945059763 236.16864770975383 253.69035811534047 265.41524178908793 282.1368686006929 293.48241704085876 304.5480482886436 315.97488690058094 331.9105065479965 348.25663960865376 359.0890158427921 369.6330947648739 380.40552095153004
-9999 -9999 -9999 -9999 -9999 -9999 -9999 -9999 -9999 -9999 -9999 -9999 -9999 192.2921306280665 196.1625612403426 168.6416996696633 174.96766502365506 165.95864689725482 155.93767502311164 145.93899720781093 113.1822087412021 102.55715826362676 91.67363597055454 81.90509812659283 72.35358431586536 67.78589752046334 49.21791479465257 62.91666709800603 72.73682881114556 82.48496224323074 92.1793470053448 103.99120474650739 117.04190883480246 129.29607032964975 142.540327451536 153.40111392430506 169.94256395847486 181.92069044157873 193.43596758678288 204.9069980451557 223.00596577044163 240.67701272476623 252.39062978973368 269.22572138000834 286.31760462204346 297.98532646030355 309.16725992087834 320.3652550591063 331.54962520559053 345.4000815365868 356.11789917539977 366.9317652471259 384.2196502244596
-9999 -9999 -9999 -9999 -9999 -9999 -9999 -9999 -9999 -9999 -9999 -9999 -9999 202.49858002408607 206.91657331434405 179.71192604950693 185.9734756465109 171.21986563238949 160.9697105074939 128.3053228153168 117.90497938979635 106.96518125277893 80.58983505246749 70.42446425679339 60.436262162902025 50.57438558869487 58.891135291150505 69.64987898604045 77.67246060244835 92.81792151504297 97.0938909697653 109.64167597968776 121.26580883107738 132.45368288918405 143.07000986035527 153.93079633312433 170.47224636729413 182.450372850398 193.96564999560215 206.2825496439997 223.84141283278032 235.56629650652778 247.1094655808678 258.90989225213957 276.3012713018718 293.04141752827024 303.74581881604337 314.6112214124676 326.376773036557 341.39344927206855 352.22611116574444 363.29143627287465 381.88954216258327
-9999 -9999 -9999 -9999 -9999 -9999 -9999 -9999 -9999 -9999 -9999 -9999 -9999 212.9324419672771 217.24661502092368 189.98575573380077 196.17992504253047 175.95720716785803 144.25562877580143 132.6451885182282 122.09265022430779 95.89530895712167 84.14500378920476 71.34281809966522 61.2236123552522 51.5323863130176 61.33084185765027 73.58025712961272 83.73235006302528 96.4052796847848 107.02856738525445 111.93845907118315 125.80392031827039 136.6418985469857 147.38998845152946 158.29841204426324 174.54752141614534 186.7121804812277 198.27790761233334 209.51759476506385 227.07645795384448 238.80134162759194 250.34451070193197 262.14493737320373 274.0631665196412 291.2552992718321 302.0093113458299 318.636045810704 330.3725708892339 345.281825080652 356.3419496535242 367.2264631860442 377.69214052269393
-9999 -9999 -9999 -9999 -9999 -9999 -9999 -9999 -9999 -9999 -9999 -9999 -9999 -9999 -9999 -9999 190.01849574732398 185.94523510233464 148.67856231751162 137.15399071094646 110.99185971563854 99.15405343426634 88.99870487300907 75.37064377828676 65.11115051205921 52.49068370199915 62.343101403815844 72.3340947064894 82.17933895485876 92.33143188827133 102.45380726845744 112.68826364668607 127.21003215068917 140.7232529948217 151.47281902501427 162.25449691525608 178.77952505139805 191.33877372535886 203.09829603553484 214.31095441613655 230.93413767279097 242.56187367534014 254.47079588010004 266.2246490838776 278.3672196005831 294.15149843421136 304.90551050820915 315.7567977803474 327.4933228588773 342.40257705029546 353.78595274446667 364.9634155850385 375.5327087359443
-9999 -9999 -9999 -9999 -9999 -9999 -9999 -9999 -9999 -9999 -9999 -9999 -9999 -9999 -9999 -9999 199.9460663662166 162.90431556323432 153.97293952089737 126.94529434144307 115.37210894962065 104.89941112126421 94.72846400350755 79.75031465988528 74.85733053911883 53.454386676129694 63.31144223315576 73.88928848639262 86.63220198757641 96.44575280230478 106.06345894255332 116.0835660684258 131.63832628335587 142.56112058902113 153.43606544800215 164.4663529753142 181.6083277596597 195.6162371201577 207.60684847464856 219.20590339715372 235.61720180794399 252.62825710459438 258.46770411999074 270.1350770260055 282.6301554459794 297.6007952958384 308.7303410578968 319.8974193030287 331.3627361823072 346.14230991915593 357.26314424018034 368.44060708075216 379.009900231658
-9999 -9999 -9999 -9999 -9999 -9999 -9999 -9999 -9999 -9999 -9999 -9999 -9999 -9999 -9999 -9999 -9999 149.90753633572882 140.29964144030265 129.29894665131286 119.01042389995368 110.73507927994596 104.69536890449466 90.00719751313878 67.64093022187218 54.434011388535346 67.59677989051212 77.5373829630818 87.48926548024478 100.3974020464683 110.02659796102571 119.94102714043498 135.70153723473646 147.7523192170048 158.62726407598583 169.00567645272042 184.84582075868667 197.57492246233727 210.39008478882744 222.8593120042936 236.18668578081622 251.9864983129256 268.7641251111793 280.1693487934679 292.8394936092414 307.3539201742612 312.7372621845278 323.7527226808321 335.5668735555368 349.25937506383247 360.06870225885905 371.0496059078916 382.1401180363958
-9999 -9999 -9999 -9999 -9999 -9999 -9999 -9999 -9999 -9999 -9999 -9999 -9999 -9999 -9999 -9999 -9999 160.1998658032495 145.82023215388026 135.18993695756228 112.26387401242168 101.45000794069558 90.22596406026058 75.5377926689047 65.20483339709631 55.39129782795399 65.17288160856805 75.74631779061156 91.49341524701238 101.17716031302075 110.99284999341637 123.93774220491342 139.88117014449426 152.0053647025394 163.41058838482803 174.1232678229999 189.7411262503821 208.5024375103243 214.32891509192234 227.25750549398836 239.81043486717198 255.94681458499582 268.1606658013637 279.3691243775019 297.19851499425766 311.6077191828699 322.6084139718597 328.3020522705447 338.8935599160643 351.78243255587415 374.32952142673565 385.0743712446902 396.0850035307323
-9999 -9999 -9999 -9999 -9999 -9999 -9999 -9999 -9999 -9999 -9999 -9999 -9999 -9999 -9999 -9999 -9999 170.33200057652522 150.7943343179694 127.80912682783737 117.15400156392144 106.02290295904078 94.64955088060303 83.2899355941701 69.36696650439006 56.36235629638086 69.51929820743625 79.43602591146386 89.1304106735779 98.79801101651798 108.6137006969136 118.35071979279927 136.043854406376 155.8611388427949 167.106266753443 178.43057112352687 189.71268587181353 205.68834577606944 218.74568928185872 232.68329064060077 246.41862270752486 261.50500651822705 271.36564508639304 282.8643267895788 296.0294118131224 309.87281214358325 326.56965133151505 337.3696389569433 347.73296186469935 358.349552728435 371.5505834201595 382.35509564084003 393.1320037926872
-9999 -9999 -9999 -9999 -9999 -9999 -9999 -9999 -9999 -9999 -9999 -9999 -9999 -9999 -9999 -9999 -9999 -9999 143.0543880889565 132.45463790333037 121.72750781335046 110.16026504831457 98.9202580432429 87.332564632381 70.8434812802457 57.39948527338009 70.8613226650489 83.93728198201755 93.90656170564085 102.96115535940132 112.60273919727302 122.68361246303536 138.8037822124308 156.34064103699959 167.5857689476477 178.91007331773156 190.19218806601822 206.16784797027412 217.70522227246775 231.0657389890033 244.9378247613666 263.12181975056205 274.1672998587668 285.76084319003985 298.1278238171273 312.1459240071809 322.26199730899555 332.7601804161223 343.2298083713055 353.96580219703645 368.13035860039963 386.5638393696795 397.0376732010255
-9999 -9999 -9999 -9999 -9999 -9999 -9999 -9999 -9999 -9999 -9999 -9999 -9999 -9999 -9999 -9999 -9999 -9999 147.43794743511663 138.7103819392586 125.44698865726602 116.21700533967272 104.96675037747397 93.3223593831358 80.61294996382199 58.37335500136302 71.1365527559766 84.85705697012496 98.25832232294562 112.72266296339286 116.72990217642564 126.92676789138042 137.77834259098393 153.46718890496237 165.02128317941424 176.28759969798642 187.43398891596408 202.3049083173407 214.7292753119005 228.08979202843605 241.96187780079936 260.1458727899948 271.19135289819957 282.7848962294726 294.60283535831985 305.32972603075507 318.1847324188402 328.71630898383484 339.5114968286418 350.6326417918005 364.82646461077445 375.80258729817905 386.4409142413521
-9999 -9999 -9999 -9999 -9999 -9999 -9999 -9999 -9999 -9999 -9999 -9999 -9999 -9999 -9999 -9999 -9999 -9999 -9999 144.95015700702723 131.42122064670838 120.70796839223759 109.44197369052188 83.47321404049691 68.9587874754771 59.33064144078166 68.92046472610677 78.94057185197924 89.56138887526225 122.7023715701056 126.58463424002494 131.22515732654574 141.7921889867893 156.7628288366483 168.3677459609899 179.38834359472037 190.44877387961117 206.61710817623666 218.6253841861369 231.7920022764076 245.7807018986938 265.0646613646062 294.20652715493884 286.77575675650144 297.94283500163334 308.66972567406856 321.5247320621537 357.68495142318574 368.4801392679927 379.5808351880977 394.03525751840914 405.0904941320546 416.91452062604526
-9999 -9999 -9999 -9999 -9999 -9999 -9999 -9999 -9999 -9999 -9999 -9999 -9999 -9999 -9999 -9999 -9999 -9999 -9999 148.17521327629345 136.8928311458562 126.24319369805652 100.99966209338363 88.77060849677525 73.20814993743046 68.92693526694086 60.687712194382996 70.78438482761771 80.8496827918315 91.45311401984361 137.12871316211047 141.10512076613875 145.59566001950444 159.84907106918132 171.64343363363344 195.374618076633 206.410063959219 223.33697277583195 236.01351716825073 249.22842503578826 262.6941111265965 275.9018681309562 293.24384968778674 309.45656215298175 319.78952142479017 330.358814575696 343.0947575914399 353.62201298687114 364.60321566524857 376.05746017499627 390.5118825053077 401.56711911895314 413.39114561294383
-9999 -9999 -9999 -9999 -9999 -9999 -9999 -9999 -9999 -9999 -9999 -9999 -9999 -9999 -9999 -9999 -9999 -9999 -9999 151.60933236937555 142.5832654381399 117.80088210091827 106.5726988265601 105.42238254456956 88.71726617211444 78.64268801615677 61.64885374230601 74.748835839244 84.80194741927924 96.13179836227405 147.356062674249 150.8260285048375 154.74334793720132 167.98563670318092 179.92207013520252 197.72393220781612 208.9175461481628 226.0013400621611 252.16612175247175 265.1218216705068 278.30949755319557 291.21841514123054 309.86330506498734 321.009694282965 331.248836831108 341.46569785669675 354.6944990094613 365.30213354477775 375.97531038328583 387.17869247563004 402.4122624477908 418.92294617785245 430.4403402056698
-9999 -9999 -9999 -9999 -9999 -9999 -9999 -9999 -9999 -9999 -9999 -9999 -9999 -9999 -9999 -9999 -9999 -9999 -9999 152.5642496190182 142.20466355895147 131.56660284066533 120.26895693182625 107.97085403845122 100.06617162144106 88.49496137371274 62.608344567944066 72.60213784250118 82.86514770236502 94.59567281739338 110.44945822604863 160.89434790824058 164.55246986301083 169.70528008584648 181.2539089232206 192.92686732317472 204.57160582698825 228.5008917991571 248.2032759275296 261.54975000910184 274.4652211473551 287.10901319913205 305.4546665499985 316.6736149658913 332.6944224047012 343.22855395179033 356.3474973948118 367.22244225379285 378.23307453983494 388.8407090751514 399.5767029008823 413.8151975339204 382.3505697612154
-9999 -9999 -9999 -9999 -9999 -9999 -9999 -9999 -9999 -9999 -9999 -9999 -9999 -9999 -9999 -9999 -9999 -9999 -9999 -9999 147.31718334504774 137.09370220622864 125.40815172962297 117.83580274377076 88.02517419486428 73.3901667281039 63.56563100736271 73.55942428191982 83.82243414178366 95.55295925681202 105.5075156298102 170.95063300843 174.45915860018755 179.02991492478074 189.73896330718432 200.91611107152906 212.3160290455385 224.27620303878376 245.40906474176066 258.37134697832875 271.1403562029971 283.8758966563398 301.4767376509063 317.77919089128454 328.4566898370633 339.2987136153602 352.9411177346564 363.65454719166615 374.44072143863525 343.0438490184211 353.6517465036469 366.46041843224435 377.1158426528059
