output/RioRessiOut/RioRessi_c_tangenziale.asc
NCOLS 197
NROWS 299
XLLCORNER 676026.5927825759
YLLCORNER 5072481.374398034
CELLSIZE 0.9572864394182301
NODATA_VALUE -9999
[rows 230 to 252 of 299, columns 102 to 152 of 197]
-9999 -9999 -9999 -9999 -9999 -9999 -9999 -9999 -9999 -9999 -9999 -9999 -9999 -9999 -9999 -9999 -9999 -0.07170635884399228 -0.06417165952614415 -0.24470263745746587 0.13338023848221453 0.05259191548235637 0.04285899269739634 -0.009349542995678767 -0.1894778137166203 0.1466655542367659 0.03144438251578138 -0.005641518207461705 -0.14773271074687322 0.21272441613889373 -0.046925460173589284 0.004994031869426979 0.04884213750084249 0.02260714903414349 -0.06529733644965631 -0.05550524640697116 -0.017788887038576572 -0.3466983656318831 0.02959326361778077 -0.04314241735283784 0.12529225528496019 -0.001058146089130121 0.28605101171063974 -0.025413983640742103 -0.016409759515005302 0.46687422045378957 0.6104148762346404 0.013631560987680617 -0.2591231407909241 -0.25646209379054624 -0.2320192170857957
-9999 -9999 -9999 -9999 -9999 -9999 -9999 -9999 -9999 -9999 -9999 -9999 -9999 -9999 -9999 -9999 -9999 0.014480214519514655 0.05969191043654553 0.07463559491654936 0.42032766899275065 -0.39584295555434224 -0.0014448470599108 0.005406679892220936 -0.34773369718075225 -0.29195864112870845 -0.036179674656216035 0.12423877503538738 -0.07407817922144999 0.15852112038655763 -0.005147941327917631 -0.016229499011007138 -0.009757946489924535 0.01577249094840355 -0.010798456409061909 -0.07408158882724841 -0.06963615793893758 -0.41270862458982993 0.22310208934975628 0.18818755251169583 0.22377503533514156 0.1598355276928654 0.13136605681172353 -0.047750146188658305 -0.031310716979416946 -0.03199474087822142 0.44882232903176583 0.6465667628967858 0.14377528972192974 0.11441133017090822 0.09891789551486259
-9999 -9999 -9999 -9999 -9999 -9999 -9999 -9999 -9999 -9999 -9999 -9999 -9999 -9999 -9999 -9999 -9999 -0.01709041994336584 -0.027024175939477466 0.005346356179085649 -0.09984251366200377 0.13332099359729904 0.02146646481635997 0.01858839331249793 -0.08879826842593132 0.31704045395526 0.8300722159769428 -0.7259262242443109 -0.2607114930735311 0.035799190138121766 -0.04998208170920781 -0.017743073817130826 0.054182380012181265 -0.01720643233037183 0.008307363973046402 -0.08527781196104009 -0.08488855892793178 -0.30380730477979767 0.3516643977803911 0.09281881647396902 0.29419238301596773 0.19351113932146125 -0.053691425905255885 -0.09240530751260878 -0.06864873742660982 0.015692638320560087 -0.19027003068981896 0.9615800312534557 0.6116344811677115 0.3311137992791101 0.11551414276610356
-9999 -9999 -9999 -9999 -9999 -9999 -9999 -9999 -9999 -9999 -9999 -9999 -9999 -9999 -9999 -9999 -9999 -9999 -0.02377281329244925 0.118764383486843 -0.09511676506600002 -0.0058050225283216815 0.04587635978909637 -0.017533421522477218 -0.20498849923718632 0.04212963317836426 -0.007264358769479097 -0.007929671088860444 0.17361761460149128 0.09362589284804278 0.15043601430234388 0.039845208944486454 0.644088656717622 -0.7216143087359724 -0.04245250826287305 -0.16599505813063267 -0.3319917787166142 -0.3349693839967713 0.4326193726112819 0.0744012901541887 0.23587415970888606 0.07092546800358458 -0.01590944141271029 -0.039792590396391256 -0.10740047767197242 -0.045581473554626654 -0.2972748397782636 0.6051948874023794 0.306346124550994 0.4543554745692283 0.32511247227004475
-9999 -9999 -9999 -9999 -9999 -9999 -9999 -9999 -9999 -9999 -9999 -9999 -9999 -9999 -9999 -9999 -9999 -9999 0.04215609164375759 -0.006402889482999421 -0.14032206859752694 0.05742895030365001 0.05384914889196338 -0.02884160579351353 -0.17269102703216016 0.14278705923188353 -0.06172390211576583 0.005056246818048845 0.03927450432472743 -0.03426573120417 0.043282245349672725 0.03333320848489227 0.02250898605720203 -0.15095068078538754 0.12393302067673254 0.03669623644887172 0.1881559508981993 0.5575708202404861 -0.3726063464033577 -0.3529525525151886 0.005437130492615175 0.029464941060766248 -0.10981546462059238 0.07106676392002953 -0.04096342263075422 -0.028096418296197273 -0.33180165495539204 0.3396846235392643 0.3373314319294249 0.23875581318346178 0.33839365742321215
-9999 -9999 -9999 -9999 -9999 -9999 -9999 -9999 -9999 -9999 -9999 -9999 -9999 -9999 -9999 -9999 -9999 -9999 0.08394380325187549 -0.09028180532960285 -0.12339394634531742 0.0302559111806354 0.06552872093106733 0.026595403498646204 -0.04783034094146425 -0.20133476649537627 0.11023035295264508 -0.0090009102522646 7.467506251936828E-4 -0.09255901330003435 0.13961153623089134 0.04948004627816865 0.04100386061899819 -0.17666378823097764 0.05432464139870093 -0.009808068103340234 -0.044044959492143425 -0.06977717685230236 -0.18083872724083183 0.578139830907932 0.4218246578758923 0.12990324469169734 -0.032010242471012744 0.9265150475390589 -1.0038659953194087 -0.19008479587455054 -0.5817432492908137 -0.24638717212388592 0.19829886293132695 0.06314424339144721 0.23915958238047394
-9999 -9999 -9999 -9999 -9999 -9999 -9999 -9999 -9999 -9999 -9999 -9999 -9999 -9999 -9999 -9999 -9999 -9999 0.005789383884543748 -0.07644721642030698 -0.05479472702251557 0.03138195695590726 0.030864703654460552 -0.048123701963610946 -0.06360956813664044 -0.18832919887275804 0.21039874605741746 0.011496298859934759 -0.019877420891499274 -0.15707356008772108 0.2057280346990403 -0.006216539705133062 -0.04421117138748221 -0.19216713386433906 0.13338847322229733 -0.02238636909166905 -0.03817354114636787 -0.041512325120619004 -0.1612020556380479 0.29336310141214533 0.17542980487583407 0.003182339242890241 -0.13608688702454472 -0.03411820655165426 -0.11011295540924206 0.2870153762966875 0.25741081432814167 0.5599763980185904 0.23606439867437007 0.5295115309009788 -0.23908367639782624
-9999 -9999 -9999 -9999 -9999 -9999 -9999 -9999 -9999 -9999 -9999 -9999 -9999 -9999 -9999 -9999 -9999 -9999 -9999 -9999 0.032312946993449 -0.08918634755017182 -0.006971469164283555 -0.05476021502811727 -0.039654413266765706 -0.16657170057175988 0.22186907154192265 -0.046380743588366524 -0.07169774450214499 -0.18783477904794607 0.14976537637699944 -0.050314756062479656 -0.06361564766544982 -0.031102609735069727 -0.012028358470847957 0.16703297561578925 0.019676316179045264 -0.16619303441157265 -0.10429879620382157 0.22002434073749588 0.10636095549760508 0.06281953827583592 -0.10076287725649193 -0.07991894474050573 -0.04660394527242504 -0.04228854681402624 -0.08396042086104111 -0.40047120684382925 0.31852828433011493 0.2141390164283819 0.5487479603138942
-9999 -9999 -9999 -9999 -9999 -9999 -9999 -9999 -9999 -9999 -9999 -9999 -9999 -9999 -9999 -9999 -9999 -9999 -9999 -9999 -9999 -9999 -0.1270754787245456 -0.15993945411565907 -0.10711828414851043 -0.12466455639414627 0.17641192555591342 -0.05505507936976632 -0.0304898292598016 -0.1513070744878013 0.14894492018989028 0.007676324895328014 0.01460844519811341 0.023877795809261446 0.045590770805400756 0.1912687012635159 0.03389591021266975 -0.18298006576098036 -0.15384367186512546 0.1900671959229204 0.05912621689348383 0.08020629348860761 -0.16306602228901299 0.0049372701773395715 -0.06469100391984935 -0.05855167092469365 0.021657354830556343 -0.07806416688982425 0.3667392932333072 -0.016779593630972672 0.4502488291368949
-9999 -9999 -9999 -9999 -9999 -9999 -9999 -9999 -9999 -9999 -9999 -9999 -9999 -9999 -9999 -9999 -9999 -9999 -9999 -9999 -9999 -9999 -0.09713189538661553 0.07746061957987213 0.15541561414597466 0.477995247671801 -0.5230976209724069 -0.21233255732875644 -0.20049107254400111 -0.3390411849404403 -0.0033359665730847677 -0.0809681729543487 0.11155102313015693 0.044110510436298295 -0.032546020299998354 0.0993795682863575 -0.033512878380832216 -0.11026386770129049 0.008359483615469556 0.15179641483154135 0.05119583385993616 -0.0010350981608308863 -0.06213907787018364 -0.1341809069187045 0.0044581819337547995 -0.06893250249084798 0.0340711660246622 -0.18696889303768904 0.14138998892142465 -0.03593839606941577 0.2252982368068477
-9999 -9999 -9999 -9999 -9999 -9999 -9999 -9999 -9999 -9999 -9999 -9999 -9999 -9999 -9999 -9999 -9999 -9999 -9999 -9999 -9999 -9999 -0.023730773984094466 0.00903509309607164 0.017297126202012236 -0.21094610533682 0.10869272829602374 0.18697378727428735 0.22257528654056255 0.2358943420721041 -4.309045166243741E-4 0.9266568721602648 -0.6601324476158523 -0.1440630729110254 -0.24279537255904837 -0.03208974545240312 -0.0068086859371195895 -0.002861388544219311 0.22023129819104156 -0.023746054890979994 -0.03332379981399033 -0.06437635155892028 -0.02567235343509394 -0.14804401045988755 0.09938476162684456 -0.07078313856559118 -0.02133552574322911 -0.21911871101336539 0.09218082587537556 -0.06000178394347993 0.0723213171324031
-9999 -9999 -9999 -9999 -9999 -9999 -9999 -9999 -9999 -9999 -9999 -9999 -9999 -9999 -9999 -9999 -9999 -9999 -9999 -9999 -9999 -9999 -0.053273995793330524 -0.028308691762036056 0.013416591706139855 -0.13720621589986143 0.06866272463201395 0.07834602582360334 -0.05112608982531009 -0.0479223051132178 -0.05670176724787448 0.07677135844369307 -0.01157088633772711 0.12750192677587951 0.1438834990478051 0.25113475147118863 0.616423501927228 -0.7274261077427047 0.08819348957213571 -0.021121554149411872 -0.0499881285094492 -0.12400440273098323 -0.0031266013061729348 -0.07291592358170063 0.12921193559920535 -0.040274908101110875 -0.0706779212475678 -0.24935037422337075 0.1283145629802668 -0.12026642614487139 -0.01952218293020798
-9999 -9999 -9999 -9999 -9999 -9999 -9999 -9999 -9999 -9999 -9999 -9999 -9999 -9999 -9999 -9999 -9999 -9999 -9999 -9999 -9999 -9999 0.10284151307489638 -0.02931084733615975 -0.0013527096103162952 -0.0057918981231683065 -0.170551199563745 0.14746067014297456 0.002438711470419668 0.001689323595884334 -0.10153373046780509 0.164511597756506 -0.01797032923440733 -0.02564951124409445 -0.0579955034356531 0.14963498381048349 -0.06913463557455829 -0.05806542540573181 0.22821126058984847 -0.052986623101834475 0.011426954308553491 0.0031215212789970147 0.6080213343828397 -0.8692837113319736 -0.20318076589068834 -0.23720641964298117 -0.2527112060970011 -0.5303231253069277 -0.2737273319825685 0.1328993260840266 0.025524285173299816
-9999 -9999 -9999 -9999 -9999 -9999 -9999 -9999 -9999 -9999 -9999 -9999 -9999 -9999 -9999 -9999 -9999 -9999 -9999 -9999 -9999 -9999 -0.05439629369020009 -0.022750414146235513 -0.012460257970016802 0.007715589015064676 -0.08333222662161698 0.24162507171381833 -0.030029247323332564 -0.06322850255062201 -0.12266172519871779 0.12223924839286668 -0.026720930599566196 0.037196757005024866 -0.020894146682493536 0.15570463750212424 0.01260276999588098 -0.03892576385697695 0.014484224704843788 -0.0355929396432082 0.027859955103468597 -0.05324771238306715 -0.06875993998412444 -0.037136709736739 0.3686068271108403 0.169119814107087 0.22985509317058966 0.39561286144388247 0.9322580216370725 -0.8290730154293118 -0.38217917863338874
-9999 -9999 -9999 -9999 -9999 -9999 -9999 -9999 -9999 -9999 -9999 -9999 -9999 -9999 -9999 -9999 -9999 -9999 -9999 -9999 -9999 -9999 -0.07326879159624013 -0.009626163542748083 0.016747717975558605 0.022240402383346257 -0.15871919584647157 0.06073179445984828 0.019705579036773176 -0.002081099387427335 -0.20503973691227523 0.14412221120124458 0.052333960273717194 0.06027331032266197 0.0498061494648542 -0.04933488805148603 0.054959552212322786 -0.013217012702413778 -0.01751562403207604 -0.08013354613801575 0.06023166504985603 -0.025762307652215044 0.0086783558916244 -0.21439941242099034 0.13971938527918515 -0.010852764152624672 0.014799331983210092 0.055783769652074496 -0.47136293906611804 0.3660125730155171 0.4598174792709968
-9999 -9999 -9999 -9999 -9999 -9999 -9999 -9999 -9999 -9999 -9999 -9999 -9999 -9999 -9999 -9999 -9999 -9999 -9999 -9999 -9999 -9999 -0.14958641334530073 -0.017711745158350653 -2.0894356952385007E-4 0.026393785061864107 -0.1313094207935113 0.11950051348378818 0.015313459368597597 0.017578576876748908 -0.06651057773141787 0.10427963316169184 0.026023833909475817 0.03504936004663429 0.0393272050893992 -0.14078053932710183 0.02808351459272847 0.025330811352491787 -0.020994032774857164 -0.0875340850753806 0.12862814382807877 -0.01923199512074789 -0.041915131092400054 -0.15636694174605434 0.16134022756288027 -0.03413336671938411 0.004987584489376121 -0.01731539065532627 -0.23110713930407212 0.12483737472636355 0.09182276896559173
-9999 -9999 -9999 -9999 -9999 -9999 -9999 -9999 -9999 -9999 -9999 -9999 -9999 -9999 -9999 -9999 -9999 -9999 -9999 -9999 -9999 -9999 -0.06301296569219042 0.11617012801159335 0.48810664746869553 -0.5209303005949617 -0.28115076330010424 0.019014858634579013 -0.05750684362515832 0.0401884677501409 0.06046744363413985 -0.0480501051244792 0.03390572696946601 -0.02950066633791569 -0.04627548153157069 -0.150110967530474 0.11898642683062287 -0.0027394356538563997 0.027025548013440908 -0.021835773986514203 0.10649491468348733 0.0020985097112678863 -0.10690404988343229 0.02237762190799238 -0.17772786943430577 0.09984755010306462 -0.009103340032357314 -0.06269389112520238 -0.26195877060507766 0.14501253481097295 -0.06039635520299123
-9999 -9999 -9999 -9999 -9999 -9999 -9999 -9999 -9999 -9999 -9999 -9999 -9999 -9999 -9999 -9999 -9999 -9999 -9999 -9999 -9999 -9999 -0.15109134441634833 0.05625321864245184 -0.06980628366696738 -0.016376440153861006 0.15077813970986265 0.3043337148469017 -0.022450977079808306 0.5385379329628045 -0.4782623946226143 -0.0023799647658037677 0.012034329166184419 -0.011960853361477768 -0.10848119194277853 -0.19186248497500075 0.22204858865274393 0.017632251705476228 0.013967866894502138 0.03323642222140083 0.07229342068724548 -0.01756959298003767 -0.023087719160079883 -0.07851329044196018 -0.2212162382896707 0.17375708990092242 -0.043446220408239374 -0.0825147005681812 -0.24190409724538137 -0.0028046368620460176 -0.055199949875248955
-9999 -9999 -9999 -9999 -9999 -9999 -9999 -9999 -9999 -9999 -9999 -9999 -9999 -9999 -9999 -9999 -9999 -9999 -9999 -9999 -9999 -9999 -0.165986157443528 0.0559796386670054 -0.004234156104079842 0.008044125652041571 0.023759462521696702 -0.02440311445690304 -0.01708827463524839 -0.06378313928759004 0.010136817904340832 0.05718950349910718 0.03533061418327135 0.005134241048994059 -0.007413335883188743 0.48287619272917515 -0.5343525273579021 0.007629904034893528 0.03909974719899667 -0.0680027632508669 -0.27037525378089877 0.0850604736462779 0.01558766779609585 -0.07710860086716051 -0.2196979066999463 0.1724521863568539 -0.03180833632321008 -0.04592662109553078 -0.33277859212869654 0.10667089807336365 0.055376583212079465
-9999 -9999 -9999 -9999 -9999 -9999 -9999 -9999 -9999 -9999 -9999 -9999 -9999 -9999 -9999 -9999 -9999 -9999 -9999 -9999 -9999 -9999 -0.13387236920624876 0.08256312728332901 0.030333277034179557 -0.03261420015694389 -0.01253588290961313 -0.0542456961951314 0.013063811807244783 -0.015615416931538057 0.02427359828535161 0.10169854009527471 0.00421005936841401 -0.01216069801192306 -0.0021279824590364578 -0.277929751866524 0.1926533400553884 0.16138378583489849 0.06603485776818117 -0.028627852354811134 0.00539288505906885 0.8327548719959927 -0.70171840945462 -0.11198143539886878 -0.4412358036209761 -0.26407909446255307 0.08052956607741665 -0.11385371679809549 -0.1316093788678076 0.4254930547595087 0.0530977739134245
-9999 -9999 -9999 -9999 -9999 -9999 -9999 -9999 -9999 -9999 -9999 -9999 -9999 -9999 -9999 -9999 -9999 -9999 -9999 -9999 -9999 -9999 -0.11377075183390883 -0.03869594610197094 0.039777966286226825 -0.05679727600467972 -0.011071147362392645 -0.0640456563874596 0.027784995466044387 -4.721799144371376E-4 0.023741308184493975 -8.527984707227188E-4 0.03141702075610977 0.04321767781130355 0.05061839523844526 -0.2533265002538209 0.14278794049398527 0.036183088354786945 0.012954561192104839 -0.009094654442127143 -0.22658744969940894 -0.0037822911409536655 -0.008139974169053045 0.18442859539798032 0.13337918689719816 0.43403188195767894 0.7161489517011871 -0.7551853977190328 -0.20749648970307488 -0.6686489817513126 -0.4644287069028283
-9999 -9999 -9999 -9999 -9999 -9999 -9999 -9999 -9999 -9999 -9999 -9999 -9999 -9999 -9999 -9999 -9999 -9999 -9999 -9999 -9999 -9999 -9999 -0.056859765729459034 0.024202396864164415 -0.11574281112606617 -0.027238918344288626 -0.07755673241382499 0.018297978816652787 0.024495261218158006 0.027824849880571424 -0.10239187355598096 -0.03678983589336355 0.050798941979246746 0.10823257433990283 -0.14736541313834134 0.04498476332619583 0.10071699319267054 -0.033465724008419226 -0.014394628140150807 -0.12753222102963666 0.07898983776090224 -0.006012932212202469 -0.0010533957283246245 -0.18580958816910983 0.16380912276635534 -0.01792208369570505 0.012892762385010451 0.3359422633338144 0.436677203458116 0.701522591303209
-9999 -9999 -9999 -9999 -9999 -9999 -9999 -9999 -9999 -9999 -9999 -9999 -9999 -9999 -9999 -9999 -9999 -9999 -9999 -9999 -9999 -9999 -9999 -9999 -9999 -0.14053660906299678 -0.014714948447286312 -0.10291557271800594 0.10118227728508979 -0.004540578552707988 0.01234491361992631 -0.03125194824778651 -0.013923396293621146 -0.004728433320483011 0.037054448901965825 -0.06031907776332803 0.1745422677102482 -0.057260895687935305 -0.03578230713348701 -0.0571290578084273 0.061387576802862366 -0.10973881759755173 -0.034659258725593986 -0.052845078498264024 -0.08545528833150544 0.2059164991602246 0.031060362119041555 -0.006021820705000731 0.004965369816555409 -0.1857013419025684 0.22928760678091445
