output/RioRessiOut/RioRessi_c_planare.asc
NCOLS 197
NROWS 299
XLLCORNER 676026.5927825759
YLLCORNER 5072481.374398034
CELLSIZE 0.9572864394182301
NODATA_VALUE -9999
[rows 92 to 114 of 299, columns 102 to 152 of 197]
-0.1407457725780331 0.12141813754465625 -0.4837052700918389 -0.33394938390410683 -0.45935212803422637 -0.5099312555792944 -0.33479093960125206 -0.18373594391837295 0.19908049079079138 0.23515003294116057 0.3715962740847173 0.3384953486741866 0.932143834064527 -0.05046359897037976 -0.04062167625397304 0.23677846306943734 0.09815395472777845 -0.09496481110683885 -0.027974016556623803 0.24105740453717064 0.14989578120417374 0.08234195751664031 0.05913468688415607 -0.18645123943814107 -0.09247663526758211 0.6948193655947226 -0.1868838115567776 -0.09900502228336959 -0.15224403885636068 -0.19801757129154446 -0.10352699169695743 0.022750310154934738 0.08696051585745476 0.05132067060112235 -0.10429865007680092 -0.032009341960381354 -0.12640440253298085 -0.0335136044373111 0.6745017446070064 -0.21859471571798575 0.12633813299761018 -0.11205310519795474 0.15537959675358576 0.6822708936117028 0.6723202909843113 0.6768622606355023 0.47281271437643413 0.5721870152278148 0.8345381107632469 -0.9001726057551407 -0.5968882336881975
-0.18969600052716587 -0.051591511400983565 0.12803096155969418 0.1609708584111634 0.2963743298594492 0.3783761487369445 0.17613437546743535 0.06983156635811408 -0.6482524516451535 -0.07813216369099225 -0.1307065065402091 -0.09829333755574707 -0.15772384833167 0.3022744788972833 0.3738051222943938 0.08334209826028903 0.03402113681435822 0.19941970956493207 0.23953234939134585 -0.2663909794127962 -0.1820849820789567 -0.826267800413676 0.04086185222451874 0.044003566447567 -0.04179639925740213 -0.06106608182663659 0.022468071549043168 -0.17371160251079878 -0.2045065738393211 0.009443130679611118 -0.17970499591876984 -0.23515586666306865 -0.05804873974925485 0.28878067058866264 -0.6489880798730703 -0.24477627170852378 -0.041885801345687375 -0.0025846218202622384 0.1626028474340052 -0.2001475379482816 -0.26389112571816653 0.31369365431603263 0.17965331287471353 -0.22011536089905387 0.19715699079450316 0.047162137111478784 0.372625100048322 -1.0383887161059155 -0.29615109419460756 1.193064088536556 0.7731026018079267
0.3774435354144678 0.6375960593533723 0.4514944951427855 0.22365129377278647 0.051253783853543664 0.054583085116572984 0.0713803615314869 -0.04508655598684489 0.5566193202417917 0.003397150836709299 -0.06026010002850754 -0.17341504757376996 0.1386274182627204 -0.07979146766822333 -0.022942226549855282 -0.014774694452022842 -0.06738680702398685 -0.015578209234077031 -0.18955221237152417 0.38761927637437327 0.3055977679621987 0.7407250585107762 0.02490608710588197 0.06931765518516275 0.06057401202770335 0.04207951933561772 -0.18770564704452103 0.04951293241253261 0.04312661892569498 -0.08241433894755483 -0.0012369345908097885 -0.049530323738806004 -0.1281060768312524 0.08730327505454284 0.520778619362324 -0.28966943617623214 -0.12775344603281688 -0.1193553824841575 0.18230074152987202 -0.08836576138867697 -0.07245575290072116 -0.1353531390294038 0.06439860992975564 -0.21727698207439933 -0.05995315395155533 -0.04845008223466451 0.23747311502945342 0.8760039601460445 -0.38896439793244214 -0.030165947554435073 -0.07413208268487796
0.30473717022944496 0.4362013311489428 0.3659130729908429 0.28156278208876145 -0.44995867334967393 0.3564990871979587 0.30729137319825267 0.24423137908872222 0.2343234623781118 0.08183941266229706 0.16926298664475087 0.2697432770576696 -0.025791883239131383 0.11944536111785199 0.020362264573734686 -0.05742049155824903 0.002711953813998318 -0.6308122983478619 0.12091523835196644 -0.015825361667999287 0.10296466015568413 -0.029529876822412458 -0.19647659411012297 -0.08245785723317511 0.06310113407090256 -0.045416452181170054 0.081925099973763 -0.12762550808004716 -0.10370227144785645 -0.04749709436640558 -0.7471152417580237 -0.22673692054534528 -0.08041997168677076 -0.04358883124662108 0.04440805199307532 -0.13687659632598667 -0.10655129644998461 -0.22026902406856091 0.0993156450390048 -0.20221730431435378 0.04791667976996793 0.003109253355482414 0.2786171556849108 -0.8144544301199091 -0.1358915756534928 -0.1318684574072641 -0.11057556568772722 0.08427546747412903 -0.29461252577683733 0.06342795873633464 0.041424080205585384
0.14509911809218215 0.17829515710734073 0.1890759139629529 0.26936292055523603 0.7243648896386016 -0.16360856505906576 0.09695641379555832 0.03329499326739724 -0.13992523262488377 0.02883985929708881 0.11403185218091957 0.1486794300650106 0.02697915869727387 0.0016209667732036226 0.05927098898628858 0.14015832119056562 0.10792138515034794 0.687795336738154 0.18013764576272936 0.009472990871884952 -0.3722201793031929 -0.14494783854464607 0.38245442655076217 0.019061860800804895 -0.13810868159545223 -0.059785122789127454 0.046261485856718354 -0.13857244288783696 0.13803065626381247 0.3842993140297692 0.724673884626499 -0.23312559806435956 -0.3555978307040304 -0.3885698932894928 -0.3342412883733518 -0.38454167376617276 -0.08839780114994863 -0.19719417878620463 -0.06926293951582099 -0.15638077795591998 -0.06843284230308459 -0.09562265468092401 0.2598627117044897 0.7112325759907671 -0.2987324773600561 -0.0246853078392955 0.007385985308371971 0.04723865798577521 -0.31558400408545373 -0.07969029443364865 -0.22287586809100307
-0.3308032676244937 -0.20232406024282243 -0.01283627848127959 -0.016860406306002718 -0.012706324444591917 -0.019732943290205772 -0.037317345694866874 0.10301604871107997 0.1634310988902674 0.04813412202135627 -0.01794157170011315 0.015785404194256596 0.2409082981751583 0.09567649591347344 0.1608866884772926 0.09657212830426588 -0.009925772482589442 -0.06400225120487478 -0.13768987344508266 0.017910695417768116 0.23516158637256554 0.1180259219167121 -0.2793430228051691 0.1618095975137544 0.05223562309729787 -0.08060661632239441 -0.2038843696583727 0.38536490417083386 -0.0545634008264024 -0.39986741983160673 -0.24602709798004474 0.1676364784256852 0.41866551265447155 0.5074569009011464 0.26918524497080193 0.3202093005382461 -0.37645544747630305 -0.4021061559546243 -0.2693519002214202 -1.1873723334624096 -0.8594015061993485 -0.7583062339504317 -0.22290945205769674 0.14855955745764154 -0.10898529874283192 -0.056124268668411324 -0.07079932288378539 0.08461835056630244 -0.30620234578199024 0.09691167071979388 -0.08469317277333123
-0.23988390402954113 -0.28513957159246656 -0.4034391712117035 -0.35679610402250445 -0.18889769670099102 -0.14764173295602373 -0.24831364990820026 -0.01026298939439621 -0.025899419298449407 -0.01609859067480095 -0.009215401118865044 -0.04873990324614755 0.1140165448132727 -0.687905386919993 -0.12867000290655906 -0.040466557551698056 0.08852376554877835 0.12660620249887158 0.008672587178347424 -0.13088360969269616 0.05976201036386999 0.14301951040072747 0.028017399875126577 -0.5170054905926178 -0.4382927622337792 -0.11464791388779673 -0.47511080243692666 -0.36566411932797493 -0.12816818223550938 0.24418244268374376 0.20047243769737627 0.017955579994032283 -0.14138907662662578 -0.27020871388176554 -0.049852884098447584 -0.10197767448972207 0.6267303119723768 0.5617724449323853 0.6032358999702448 1.1242555562310157 0.2533736793948876 0.5463673313140008 -0.5203307144100685 -0.4767503805333201 -0.514007890924946 -0.5554580724951094 -0.6041769273805537 -0.41380304507823845 -0.2145361002390501 -0.18413261361239172 -0.08007191788975485
0.5734822083059429 0.3247144168673039 0.23415309381158247 0.33068153618574925 0.3286850168220669 0.2332827403171201 0.31003132709025377 -0.20759841018586062 -0.09084870654766086 -0.06382929136531303 -0.07782057206199172 -0.16324319271043541 0.026461937851126625 0.7329004356207013 -0.019220629732733367 0.07886723560704506 0.04513935483350295 -0.12420569941200886 0.002656582418258247 0.0978597898651909 -0.1609547867020993 -0.15938662499351205 0.021345370998556355 0.5183422168891277 0.4891049444166997 0.23481158809585714 0.603082703073755 -0.08027359604298165 -0.1861556373340848 -0.32035842879035276 -0.22622786133243522 -0.23069056949633604 -0.09586078375304005 0.1317709093505178 0.04803545199801322 -0.17726721850546914 -0.18497971396265842 -0.1349447958425952 0.23580092173093742 0.07082266811687754 -0.1325596890634501 -0.07340374898571889 0.45267966920720654 0.29832801794913283 0.3039853674860549 0.5411688265923491 0.523278387036742 0.3860402558223056 -0.29404440549324135 -0.6126512090304886 -0.6032221792370376
-0.008221576665480628 -0.17960261568252234 0.15793713706607454 -0.0630749184854831 -0.14825164253289697 -0.1444980208265159 -0.14938443839377044 0.12601742917492223 0.06953904460971236 -0.6545304931945414 0.09390412512134937 0.1839964060645977 -0.22935101971814892 -0.172708229738831 -0.15059235320420855 -0.18986356343510521 -0.15192183622701752 0.020689638198628218 -0.06893372005728776 -0.1049448867868894 0.06139222428177278 -0.0557479629049608 -0.8764614626360238 -0.176054439332617 -0.48211339114768964 -0.27355811403561264 0.018244093161028926 0.04848852788366619 0.08052608327152108 0.09205987812852368 0.038274154243630676 0.05927645158635747 -0.14303502220446881 -0.2932519916199672 -0.006206633975470369 -0.587813975382086 -0.15580760100149602 -0.23681737993449775 -0.5040235573406491 0.07732744795527566 0.07563935739399716 -0.1085206715410358 0.1309789399416233 -0.009731598451664927 -0.13959504519601096 -0.22601375062741982 -0.08537107732315871 0.16663196207007283 -0.44858939863756875 0.2045502057594797 0.4090745466510636
-0.18168445922104562 -0.15894113685785696 -0.2800291019599602 -0.11790761388855472 0.01946556783426409 -0.1624259947954495 -0.06107789982668664 0.022962247708479433 0.11283754440142442 0.7555327263764701 0.031090052418301293 0.12958932146754806 0.34278076698862175 0.28278733359956504 0.07977256157393632 0.08120152106643048 0.02268352771687493 -0.06261696907817829 0.08231710910989166 0.12060073469068971 0.07634977140982094 0.11943129538553865 0.7650328326229313 0.15576478548607248 0.2685458717356118 0.12224057010073276 -0.09386315986718786 -0.12399864441962961 -0.01740132323178626 0.006570227686990475 -0.05430861325531408 -0.21635569943635738 -0.046456951381270116 0.04475300137369054 -0.08702356121811147 0.4264256275867369 -0.1935380914559326 -0.00384769632047539 -0.060822545478674966 -0.19755791220027147 -0.27534693991518383 -0.11319525548331455 -0.44490099290086094 -0.20642263531739038 -0.0660923942399652 -0.23823374512848963 -0.3801752372376341 -0.22641807241791656 0.5626393508297153 -0.013840488465934466 -0.0971209360580086
-0.20016596971955844 -0.0754260082203044 -0.10204727530902569 -0.22472366638342126 -0.18922135555813058 -0.5229743174549191 0.10513792889611326 0.281195839916334 0.24154568537619803 0.06544414125839032 -0.097108732969958 -0.23343410464647346 -0.28562786367395515 -0.36189955764601056 -0.023633184348275108 -0.01728030120960964 -0.013845096574213856 -0.029259468453820218 -0.7515606951475908 -0.23305527674399357 -0.10628475273928963 -0.21864007281237055 -0.16548013094126576 -0.17389325885880577 0.13451147241164535 0.1424425138148176 0.18522143988964046 0.20592985794363586 0.19197242344388685 -0.010439730590011152 -0.023932886045118385 -0.576597037322455 -0.18405430462362793 -0.3455688466990664 -0.12085541265509697 0.029974406884272158 -0.08482384565836613 -0.14697980024649257 0.007400465329854151 0.050450390504507454 -0.2820853771732969 -0.549030791515712 0.38712950859241635 0.1315851025456417 -0.8241124146780076 0.10379136632376135 -0.21461663178431745 -0.05890508589455839 -0.12667154969875752 -0.42590264651895454 -0.1612344271767249
-0.02281037204992667 -0.09986691360393511 -0.09698175459961302 -0.0997476408729042 -0.1086869522935263 0.5500711126673561 -0.2871325073668039 -0.40211931510537685 -0.18199489512220526 0.06531214081767628 -0.04148921044044261 -0.06260975080728926 -0.02070418261554282 0.12877256659887595 -0.10370036536019066 -0.1758254511868739 -0.16408151836924306 8.592378452500915E-4 0.6604082731615181 0.12758988259284598 -0.24581593613925945 -0.05177750169265167 0.05143096795377619 -0.03675338161475291 -0.19241265076804423 -0.2759904814731717 -0.1545312535244937 -0.25923763194761873 -0.1083546464988793 0.12210512603275593 0.10298745453604312 0.7494775407606684 0.16867814991604319 0.21686392624607878 0.04520788169699209 -0.30191821380806 -0.23000697296270103 -0.3760794153664059 -0.39586303461496714 -0.4744586793367503 0.05732371590435137 0.213889949190061 -0.5207854982828348 -0.1255548516940705 0.6840080428383226 -0.2636832775460644 -0.010864337309504101 0.022206414701378133 0.01867105821854636 0.1399619287639344 -0.26143497679780425
-0.19468701265409402 -0.7270922152654246 0.018735184498414492 0.1928628943471088 0.328121806996164 0.18642609047998768 -0.15911494645176436 -0.28730382655765513 -0.37650099786174107 -0.2720461096925667 -0.04170933262130713 0.09633554623451976 0.1688804009602038 0.1507377553322548 -0.7194141000778558 0.12852809421180608 0.10069791106670242 0.04312311255897097 -0.03207524500663882 -0.030237231862691845 0.15630876179609263 0.02985016420435881 -0.11489446131991178 0.10116883193360295 -0.28266801943215947 -0.04786468128442521 -0.11285925589835721 -0.4309349814671431 0.01149659102248354 -0.19912792188411238 -0.20658390855555828 -0.10382495303454795 -0.17657223942898634 -0.22066485393580446 -0.2578987351384225 0.26611542893846757 0.14476167789202524 0.25744698187672277 0.22995509535596584 0.2549256899932254 -0.5715345258841531 -0.3173316060346806 -0.2195893968727031 -0.39238211369369913 -0.3569332216054479 -0.10034678237240903 -7.22211888576341E-4 -0.3087342386023344 -0.14703941551713934 -0.25570328022980915 -0.08678363446550443
0.5040702240863567 0.872400435540836 0.14645004107577111 -0.005322029802867155 -0.170937188648682 -0.1648356621585332 0.06335041314016648 0.19237652732622904 0.16057414885418977 0.09006349337365198 -0.04438544832298219 -0.3731869008969934 -0.5971153376048335 -0.6950186795886996 0.8131555330770235 -0.012534548280034218 -0.09642676853988894 -0.4434258553515667 -0.06236174922054226 -0.03400914698346333 -0.03983696559562173 0.1003535742581217 0.1710210894906723 -0.06325698634826595 0.07944691362367605 0.040288637530706335 -0.07092145634220648 0.64145915125607 -0.015443565729734512 -0.1058052193877719 -0.08309239798065397 -0.042745717105287684 0.04703479482523396 -0.04680599504499507 -0.13259893133941017 -0.2836773863232304 -0.33696270944392726 -0.4789261566534774 -0.47752897880099443 -0.5870534679340919 0.34025603159959267 0.3807967699665314 0.3869296337431151 0.38539896037907434 0.2993360862875428 0.179173803330869 0.12080256327880459 -0.3425409602658627 -0.16067542690145104 0.02042739860633314 -0.14915644636314357
-0.49551684523178824 -0.3788340723074001 -0.40440527266236276 -0.38351048722818587 -0.3100863226317617 -0.23432632175280355 0.08657577754714701 0.06459985181195423 0.02330356502760907 -0.01461165573796039 -0.6244853489916078 0.37706758258825707 0.4311367909058074 0.277879720863588 -0.18597215150815605 -0.22220300442327487 -0.15965471273389728 0.2102292586993208 0.11832379313916919 -0.009299801510250724 0.08312758500741815 -0.03638056033989086 -0.08867705328449324 -0.8406619229957437 0.5521271540990101 0.03622182278872044 0.12526250792780333 0.10773970540631693 -0.0780901473478255 -0.046406603865287 0.01937391527708011 0.009518897475450065 -0.14261158077437497 -0.09173001172189918 -0.05328532820294702 -0.10313780402628192 -0.685175199187209 0.06130981458882688 -0.1323690708968207 -0.1320007150440331 0.14047480154374922 -0.29948351967484593 -0.5344249259044133 -0.5532521959006392 -0.3780609180361544 -0.3812784023921855 -0.49898080742403195 0.6324272384858355 0.3026825929879004 -0.49455215193247865 0.4137415215104871
-0.1669097947736659 0.08192837152147703 -0.025796550204851578 -0.08976785366836734 -0.2227113609196223 -0.12535789430662467 -0.2640229403060338 -0.192399679687681 -0.023200199522617777 0.13135686505448552 0.7141648655779831 -0.017036674030557846 -0.016706455391791015 0.05066196781045713 0.18972194715680674 0.2281168207082591 0.27222552708693215 0.1944673578803495 -0.0716260462352038 0.017630297004521813 0.024135681661457287 -0.07742365958749443 0.012548504402857128 0.6919299628383702 -0.11473369072600247 0.30154737188099046 0.18112182913707667 0.024200712910856324 -0.06969574480220873 -0.026635258135669887 -0.020884809738481065 -0.05660366951133107 -0.13038638328731247 -0.14884618250368467 -0.24145551192859233 -0.2681419276611345 0.630550437654186 -0.0039528895156182905 0.006654878407846663 -0.043795016160921296 0.035042182264355605 -0.22760386535949045 -0.0979434925841671 -0.1219228508987019 0.06823006355443886 -0.04602857585348323 -0.1859295793628934 -0.527319225828571 -0.6874157123306317 0.3316134126332547 -0.2860333253204016
0.11274386112533047 0.20685738150357355 -0.04036966122018348 -0.10886911108249786 -0.03918317472628159 0.14239729663765865 0.10213707026193856 -0.09725858015605705 -0.1729054831722526 -0.1823830730835855 -0.04434819930971551 0.07302785126879732 -0.03889308380221733 -0.21897081247525063 -0.12043700243286012 -0.24446086889825877 -0.30051281031567173 0.04043260897346191 0.172295426992401 0.1199195105020114 0.1322591636824916 0.25548357545763656 0.14144422400878331 -0.1493617886299132 0.18184067586951197 -0.2020918201235663 -0.4367350716770756 -0.3457721787903794 -0.049920815163005845 0.23288225392396678 0.1587749036261909 0.05976311047859184 -0.15385001466360584 -0.08154488085002669 -0.021982033320876847 0.10024712924726424 -0.09965834481881805 -0.1459580121294236 0.012550478829107424 0.08374708176761664 0.07094198123791778 -0.15588908209457414 -0.037937015167359346 -0.013017329136868575 0.07967223832954846 -0.6096817755720736 0.3326973101087557 0.10136419189352867 -0.009575920493240237 0.08792487092667715 -0.02828634935028871
0.09666992851547472 0.2289076171072085 -0.1769377592651474 -0.0582260982723577 -0.038941078500550834 -0.03999898908588515 -0.6946587665786695 0.24245563133752238 -0.01547434493090336 -0.11750568492381144 -0.166232225717104 -0.020361192967669046 -0.0027800435541130456 0.005279643992902848 -0.0012099088437305203 0.05430634239805244 0.06886384185795627 -0.1457610931147176 -0.21436846259656694 -0.7227123438981204 -0.19428112928545818 -0.12067205651111758 -0.28883685974810136 0.2514947761375078 0.04195570981026253 0.20547588632436745 0.3947547621063336 0.3468305799207344 -0.23662963046646743 -0.39935889958615395 -0.5857197176205223 -0.4112125666643574 -0.5243513490384881 0.10833179183582942 -0.07745885371711435 0.06860898819645786 0.2595667242792439 0.23298267097613684 0.06382619514214587 -0.06827482452102251 0.1616376032690438 -0.11937938760239168 -0.06567410791857135 0.12722263927810895 -0.2735357496908907 0.4757650312617928 -0.0032174316048603404 -0.07064454450616083 0.0876019047453133 0.17265011479037104 -0.12499223285003905
0.05913119413873282 0.10713707931922621 0.052252482624778364 0.18851515483864884 0.1407207630030699 0.08522018365039372 0.6563318804065364 0.09194182580392446 -0.006967543065687862 -0.16348629492207806 -0.18553744443311518 -0.1264375848643268 -0.07061316578224457 0.12425938052179004 0.046395129676614605 0.01320418254703031 0.023123556852855456 -0.26387245025919026 -0.24640338913766327 0.49818429538305553 -0.07137305714952825 -0.27817622360810573 0.13842668329521965 -0.13225914151783216 -0.18848362491510465 -0.4069810241705072 -0.4321782602837112 -0.3731329265934756 0.42569443328037526 0.5470932449790479 0.6952834082386219 0.5985316443913841 0.8973735173401496 0.38693650157319515 -0.267501140075017 -0.2871393669232376 -0.01375309275560097 -0.5820502986876648 -0.3405012101309159 0.009113388985303669 -0.0302041412989087 -0.2278247514672279 0.06528206984887926 0.25790621618575416 -0.0443641134251831 0.21560384975976002 0.07366381369434447 0.20106099340394096 -0.0860365538976734 -0.04617806777078556 -0.13874344644245523
0.23957064585887605 0.013019809314366207 -0.607146213083364 0.17666487641104153 0.06537432178795519 0.10814512791150926 0.09565802141199772 0.0011184822009442069 -0.03494315525811561 0.004375347792546378 0.07895035762676043 -0.17287494327182956 -0.10410579849373922 -0.021511178081776102 -0.03587399960061468 -0.5654856094031062 0.07660835054490185 -0.0574401734955514 0.12380615547025725 0.058546789496224536 0.1488834238124724 0.22967316721287465 -0.043375054713331154 -0.026480214980056677 0.045710380483240345 0.1145725399806589 0.05687008500804383 0.07068835074048162 -0.8027432550191055 -0.284209985637621 -0.41668189474719586 -0.5537602683342255 -0.48676794088687936 -0.9922041520293239 1.3942302680314447 0.7918270683525792 0.55348641339067 0.5452868626249506 0.7826097109518239 0.5913091680721785 0.06133828405087504 -0.4362399833993494 0.03288353486263832 -0.3424952420420235 -0.02134395641112602 0.17385650751857276 -0.2798507039842608 -0.28643370404455376 -0.1080416990306597 0.2679481195904956 0.09000230563797822
0.4617043141496138 0.38498948751544104 0.881260721915711 0.32123665551410263 0.4337528744384338 0.3582627730924807 0.1365827227028361 -0.09378486216860792 -0.1546908625712768 -0.1427330738019518 0.022356974951815163 0.0428854061616446 0.12504848989005093 0.006755444608481098 -0.2967890420337599 0.5527561005081821 -0.0228851911275574 0.1849846061351026 0.35976319754874164 0.30054277498628085 0.12986506914069176 0.12336811597289947 -0.08426425675828525 0.003671044324623566 0.04024043256991176 0.19975741222529364 -0.08351112043267098 -0.2858379144144166 0.6852408188554148 -0.10465550763733408 -0.13873973397222625 0.12325365383821758 0.3268509497105738 -0.10741702219731492 -0.5100302664896388 -0.6380862383527084 -0.5052961046588895 -0.7077930052210107 -0.7521992329976015 -1.0538322667039735 0.7886733595976232 0.9305525552354522 0.5825541448256714 0.8937871972657316 0.5837396349762388 -0.020799062561113073 -0.05652682075848109 -0.05838597070626018 0.13515934497229232 -0.01692385067035903 -0.1591287898441939
-0.3025759062848209 -0.21092583363064993 -0.17859203193830936 -0.18976184591838663 0.03356343383765446 -0.011990522497053763 0.06203455168917798 0.20170106533186197 0.41560842565706724 0.3864224796571961 -0.13572721976879593 -0.6126675994961001 -0.03749209131327501 -0.2231478037784037 0.3214822829918784 -0.20177849389682007 0.18920027945194717 0.2906317712287656 -0.15207800094453044 -0.18031080052544307 -0.027930676921577177 0.19104713923998107 0.1981352443012703 0.08794874136118129 -0.6934161854472352 -0.2103196864992005 0.039787312644306475 0.030342989063379577 -0.015307964094040657 -0.09835814907279368 0.0366974330670998 -0.036937579043094776 -0.08014675353796806 0.009285531074352404 0.2248579823169806 0.03145107694261358 -0.06438167898305872 -0.4175168941847752 0.2179908050960279 0.12403842553542231 -0.5917282462548498 -0.4712078850122393 -0.5723345480243434 -0.5247891293167397 -1.1139084085151898 0.7160014238546862 0.39153978322923566 0.6557457156215842 0.6275113826625915 0.3638438287681386 -0.3382513050500647
-0.02724849329851254 -0.06628556883696292 0.06749150904538188 -0.0069959965462418495 -0.24625244425516302 -0.3004017080037202 -0.32296306941501407 -0.5078923195661418 -0.6758416385030124 -0.9703284750475141 0.6990253037422601 0.8263139137778188 0.216105099524903 0.2826630739812157 0.023707257652693877 0.3283170219082205 -0.21984425189301535 -0.4769261545344084 -0.1489296051263123 -0.01020893820748596 -0.2712277527301557 -0.5267473810122887 -0.2844637624854715 -0.3892471129691047 0.487022925704294 0.037187603269978615 0.047134543733148446 0.13944852562326362 0.1569482029954347 0.09634394334825763 0.20945179770569955 0.1533171133325196 0.13934741071140413 -0.004818779220178192 -0.17739742146641052 -0.28582691544478395 0.030421590126398907 0.5074899483151359 0.07516204738919796 -0.14160876464786545 0.11538982855752646 0.2275117311703665 -0.08647124362116362 -0.13473440067160816 0.4275141336984932 -0.26387651111165394 -0.24512113021777607 -0.4582697525823025 -0.37511871260917723 -0.397553914462628 0.2728780911542659
