output/RioRessiOut/RioRessi_c_longitudinale.asc
NCOLS 197
NROWS 299
XLLCORNER 676026.5927825759
YLLCORNER 5072481.374398034
CELLSIZE 0.9572864394182301
NODATA_VALUE -9999
[rows 115 to 137 of 299, columns 51 to 101 of 197]
-9999 -9999 -9999 -9999 -9999 -0.15691965639057276 -0.18764754630857317 -0.14143232555974555 -0.07300796092796977 -5.199272097600394E-4 0.025837085370833502 -0.029108435702373953 -0.011547773188383244 -0.0033580916844576114 -0.04485107380164771 -0.057942511076249315 -0.028714981488701583 -0.0020951807018699713 0.02955673503014902 0.060011382632979136 0.6474247982726059 0.5157547475597651 0.4833284668642781 0.3009952499421029 0.46914851274123587 0.6844612647434803 -0.6717844807016129 -0.6126614188316145 -0.5597202837686984 -0.5180393609819727 -0.49756451029898 -0.2559985754474815 0.13240089399725002 0.017613959288089787 -0.03224212598802024 -0.044697274380502604 -0.08915990510682593 0.4146865003416774 0.13314210004228816 0.40749934815394295 0.3380538600238472 -0.029275555176524373 0.11501246172501721 0.12665128055826927 0.18216962694450117 -0.15821243298891638 -0.052695069653125655 0.032794924424084694 -0.026259161157248898 0.19664518972514874 -0.1568612472316298
-9999 -9999 -9999 -9999 -9999 -0.09669456180660192 -0.11417053506750087 -0.1860030365028764 -0.13851682653231023 -0.08773913580187287 -0.06137154329879309 0.04014011372428952 0.02819582819873426 0.020493907521150347 0.0257382667110429 0.03022738901622629 0.03849482187037172 0.046147502548370155 0.04044511802057029 0.09410819425307834 -0.008083632769328315 -0.05219285024155806 -0.08858342406850833 -0.0631075501957409 0.02182339854407599 -0.01855926233807412 0.7715578174331676 0.6482703548084391 0.6315625918078211 0.6167751700556788 0.5549461194323505 0.41333443710458256 -0.44470364316277583 -0.27453059407626407 -0.3786575879019578 -0.4292840030437362 -0.46539013079391806 0.11067270722649745 0.16908888367566413 0.13344149493684745 0.49386313688365935 -0.012851741054574664 0.07316240527881711 0.06931642365520659 0.12229136469299004 0.1380084589441988 -0.1652705231549142 -0.022081632512906634 -0.049226752638775476 0.21526153052428318 -0.12291592791200476
-9999 -9999 -9999 -9999 -9999 -9999 -9999 0.024207765153211127 -0.017224842054956613 -0.033313757044484166 8.795383493876623E-4 -0.044818428492082486 -0.05744099192300632 -0.06556789360060082 -0.06905427069405866 0.020809103123951598 -0.034633300745269394 -0.07169125392311879 0.006361479689641941 3.4705006857717606E-4 0.04853745185920836 0.018929338937509088 -0.008546851797794908 -0.07067962777847578 0.04132141738317911 0.05066571058319047 0.018091838901861983 -0.028807109217268607 0.059285554650684726 0.1504204726542634 0.2159223558723262 0.23866719834002068 0.7134067214673142 0.6730289944459557 0.6065694794976537 0.44017489267396703 0.25504286050679636 -0.31645180322995964 -0.32877724822033944 -0.34092991367766995 0.4071367955520926 0.02181773414455902 0.028428924422118793 0.004013341756457385 0.0804562371904934 0.23155931309547906 -0.13772105416132224 -0.002740232245223816 -0.12740179923982262 0.2660220836599573 -0.19309829530746492
-9999 -9999 -9999 -9999 -9999 -9999 -9999 -9999 -9999 -9999 0.05034773662574717 0.04176239295646598 0.02095928698518663 -0.01615028416045488 -0.056548633525018696 -0.09421090176855056 -0.07263423658189397 -0.025842401198395204 -0.07146934918858029 -0.004813629737062163 0.06578806779246357 0.04868528412000053 0.08236935869568687 0.00209669922594227 0.006445332091490882 0.014787283021523639 0.07496098460641736 0.07290543364743171 0.0806541632023841 0.0454099551691197 0.08112646941318614 0.10329849578876993 0.10463256955779211 -0.04334327435250197 0.020515065218959003 0.10161004887126317 0.0688827461471365 0.4999656726211502 0.4045018190356705 0.35617191177356133 0.38368970296202204 0.016527198238009296 0.06598841666281766 -0.058472773035168187 -0.0159449760206591 0.3349323077106597 -0.12095708847087054 -0.03676013852586505 -0.04491231227127845 0.20873369087795468 -0.2968245135986148
-9999 -9999 -9999 -9999 -9999 -9999 -9999 -9999 -9999 -9999 -9999 -9999 -0.731639078984726 -0.05881107764343908 -0.029569448506621396 -0.04145208191494739 -0.08115458581246565 -0.10711559038763727 -0.09612699648172539 -0.07250942387615379 0.03361827704875772 -4.744328364007491E-4 0.012232834510515657 -0.006928070467167008 6.344055463393418E-4 -0.0369173619680379 0.027336439363019865 0.013500055258273996 -0.04593196311929178 0.038024644100420564 0.028400918640965094 0.016785515626722432 0.023912458775045206 0.19618280737852822 0.14159812500621347 0.08442761770036389 -0.010187392909459107 0.1683552885624731 0.20062621349231952 0.17624141640080304 -0.022464300259676884 0.6475821144490452 -0.10901436167093069 -0.03266005704209061 -0.0048786222078413665 0.3288031802880183 -0.12139160772683487 -0.03673752460808894 -0.01762802893161901 0.18410443849339453 -0.32606110021433865
-9999 -9999 -9999 -9999 -9999 -9999 -9999 -9999 -9999 -9999 -9999 -9999 0.5574111478855215 -0.5948727655457946 -0.6190608163449598 -0.561269472547448 -0.48105294228759415 -0.6697094869381724 -0.7681178255050056 -0.20848920289379946 -0.03815446373195471 -0.021514033057909138 0.01968085528493099 -0.02036196137342511 0.06461237960256679 0.045571277972032684 0.008774272366111228 0.019122565151551633 0.01923344855666323 -0.020093358192814 -0.05599493314806719 -0.03339425837203503 -0.002838657177447545 0.0306937117987585 0.07268172250634802 0.11122599272102396 0.01096100455912901 0.1527288518613519 0.10191633848459769 0.12874364031915123 0.36313049859020935 0.4118567639747741 -0.16020250434683206 0.03982947730605473 0.06536071172213645 0.2342098312505136 -0.1831993753351614 0.0060056332504635854 0.042740440881064316 0.16277204771264459 -0.27415927345564056
-9999 -9999 -9999 -9999 -9999 -9999 -9999 -9999 -9999 -9999 -9999 -9999 -0.15005300487506046 0.5867276520159697 0.5930043089428502 0.5510840510075699 0.6400729379310646 0.6403642572710107 0.563374661764684 -0.6436879420297417 -0.39725759885625606 -0.42737533143705464 -0.45378749748420016 -0.4553521185277194 -0.7658887215062664 0.010454186470579495 -0.06861860527076089 -0.02815584712076614 0.0021530642880981704 -0.07174398658919538 -0.06815974006285884 -0.02598691394322736 -0.009471953208496801 0.027451483466992593 -0.03727485175325416 -0.058491974283658765 -0.06071833849512091 -0.08514509442383719 0.2287967423761735 0.06735159646958776 0.05830222766301436 0.03286729105806982 0.011731909088265676 0.0818220462497264 -0.012208060159476211 0.23574638052748564 -0.18908256991647318 -0.042505348044648304 0.060033260218058195 0.0571863727406456 0.12226787788075318
-9999 -9999 -9999 -9999 -9999 -9999 -9999 -9999 -9999 -9999 -9999 -9999 -9999 -0.001310240420533198 -0.024183618435280097 -0.051142622884242386 0.03531167712871867 0.09239193273560233 0.1110142129618848 0.35178199784963726 0.32277964325913044 0.39070484638267433 0.3429993505179991 0.5274078275483972 0.6800564869323874 -0.7314372130451925 -0.5843482843303733 -0.6659563732392378 -0.6613595871464942 -0.6794890184178994 -0.7518012987457509 0.019715925289356617 -0.03943591951434019 0.10444063956979607 0.05271082176443614 -0.0259091795730569 -0.039877206691745846 -0.06505439627467274 0.18608815581237598 0.05093559629976596 0.15953690081613087 0.03892174086201756 0.09198992363048991 0.006426925544697617 -0.01686813028526769 0.2528516742826412 -0.16684707714064304 -0.04995218079698988 0.02860714131350724 0.07746914119666036 0.1323367837277406
-9999 -9999 -9999 -9999 -9999 -9999 -9999 -9999 -9999 -9999 -9999 -9999 -9999 0.0382960789867783 -0.0036322542479149678 -0.024874335367399636 -0.13761327881161317 -0.09751549431024058 -0.0121861119156559 0.03553710926814098 -0.16955174059951394 -0.08141622827948303 -0.06751190154259629 -0.08302330736086708 -0.04569048483686252 0.7196394451843834 0.6474109294907461 0.6428926777278816 0.6697785664110903 0.7409915285956123 0.5957955233084036 -0.5138593427247309 -0.80145636091175 -0.35344818572832953 0.23661230416998466 -0.23249246445922417 -0.07229110909697818 -0.060437201796910825 0.20024615763299103 0.04890450280829643 0.05746887283512669 0.12635583975248857 0.25281703887726054 0.023189076132398803 0.05138048116292199 -0.064486336236493 0.268556242524404 -0.22957139205595853 0.03680657274408003 0.07503415860926352 0.19450757698730572
-9999 -9999 -9999 -9999 -9999 -9999 -9999 -9999 -9999 -9999 -9999 -9999 -9999 0.06614663019591238 0.011566247787063447 -0.07617190213363001 0.081554732075214 0.021885882884149915 -0.027539880842539388 -0.0605483213332112 -0.10839741935478243 -0.15576279355445927 -0.10288055496037807 -0.1479753994195438 -0.16775454897975733 -0.08242678604191059 -0.04938042133058687 -0.012615626149505902 -0.0035491708086147155 0.04269011615812453 0.00550184136179558 0.6263588852274579 0.6262630643904515 -0.2962758954008378 0.27930513559291587 0.6594684035995625 -0.6801422358110355 -0.2715972385407387 0.19855416843215398 0.01165482599819523 0.03891653767610538 0.4681695300032092 0.332358969732382 0.13299478953070934 0.025550911067652164 -0.07960707876029537 0.1859662498345765 -0.12005855459037303 0.0678476016516494 0.061289757217491074 0.19824558469937015
-9999 -9999 -9999 -9999 -9999 -9999 -9999 -9999 -9999 -9999 -9999 -9999 -9999 -0.07081127293625161 -0.13003325003958607 -0.10032788253942121 -0.1584206063293819 -0.01906064619248839 0.0232637072320216 0.059598798842748865 0.08775427956583445 -0.014233465015923888 -0.1542063758260824 -0.14289460791037117 -0.1467516791554151 -0.1317448091751897 -0.18580311345898978 -0.18086994122951291 -0.16008970357933014 -0.14487722906079256 -0.08208670255032587 -0.13022996202623438 -0.1309557906658646 -0.25896554415459866 0.0718518410970464 0.08305071442359814 0.25039756516516304 -0.225943777362787 0.22438421642837164 0.1064685124670324 0.0919523524604122 0.6520365549002283 -0.10849804763552277 0.3804561535825498 0.061884094102085355 -0.07164676898500227 0.1655753181399649 -0.34109916951764313 0.21087305956385202 0.11753894396105526 0.22739213628738866
-9999 -9999 -9999 -9999 -9999 -9999 -9999 -9999 -9999 -9999 -9999 -9999 -9999 -9999 0.029091118351066068 0.09685694557364752 0.06290816772127171 -0.06739555222487857 -0.0979250080482584 -0.04323834295053117 0.03286195305414385 0.04143957761008475 0.023226633541771565 0.01599482134641636 0.03915862265123225 0.08124991816784584 0.1214166375381714 0.049802561379087146 -5.294850562848794E-4 -0.05973644796615239 -0.04923211683966922 0.0971998046308346 0.10044655648917583 -0.2093960631911304 0.05710904442109188 9.566726170767972E-4 0.01546263314047523 -0.17847581072507085 0.10556729517835425 0.10815599155942149 0.09432411557646748 0.32036781581514806 0.40439620208851007 0.34111430468097703 0.06461096347164703 -0.07032720373998222 0.16273949592520476 -0.37051634158193664 0.1398435414019089 0.036242886010767666 0.3039511067890285
-9999 -9999 -9999 -9999 -9999 -9999 -9999 -9999 -9999 -9999 -9999 -9999 -9999 -9999 -9999 -9999 -0.583726521036974 -0.5333055493070162 -0.06664689314471926 0.005753975664042521 -0.01094363313843688 0.11816575382357576 0.11051820832438652 0.0804064256988336 -0.008626988042072434 -0.11253489581926926 -0.04406162557798858 -0.00822833550070274 0.020758818728430908 0.04924140081129541 -0.03628572170238258 0.015365257063647433 0.05164876380004355 -0.11103599458816206 0.06418593402980141 -0.06602319187985697 -0.04906325055220541 -0.11198323032102261 -0.10519658384966141 0.1511129777179743 0.026568576004470833 0.11640733177924624 0.3308485448171103 0.14039614260447036 0.10567242582077871 0.05164595593831352 0.13458120397882228 -0.32220236354481613 0.06992155792441178 0.030244600231126118 0.029221537739127654
-9999 -9999 -9999 -9999 -9999 -9999 -9999 -9999 -9999 -9999 -9999 -9999 -9999 -9999 -9999 -9999 0.5979430075713253 0.4953014204786301 -0.5452608137173824 -0.29773218002216734 -0.3583980611055821 -0.43208629356903205 -0.5977345000774117 -0.5992408198066178 0.0487342048995457 -0.04826170715515325 -0.08701872131640905 -0.06703803281347465 -0.09232896467577925 -0.0686708339231818 0.00908080629454782 -0.03410274982870543 0.01255745350597099 -0.07088139460259407 0.15716908643806252 -0.031080170291385247 -0.0793818312318516 -0.09569566791849625 -0.19071599090387992 0.11516441866686031 -0.0030849811742312515 0.06795010098621689 0.2291701464206791 0.08889872394617739 -0.021909379600484672 0.18719919426235493 0.24996735387957278 -0.25775587079482914 -0.08073893662565407 0.020481253672938876 0.013054121776042444
-9999 -9999 -9999 -9999 -9999 -9999 -9999 -9999 -9999 -9999 -9999 -9999 -9999 -9999 -9999 -9999 0.03618380647214126 0.17111850696732253 0.5500494058333169 0.4566386052266247 0.37207433060473977 0.6496044354544593 0.7109894359750285 0.5371366668318882 -0.6032409738826413 -0.5269140626621476 -0.5453206641508513 -0.5899436117800794 -0.5822382235197855 -0.07934206139223964 -0.04115517726317351 -0.07355557339591505 -0.021210796909176113 -0.12979612168684576 0.1411122486310961 0.12343846859872797 0.01707045253413455 -0.04484062796237769 -0.2070940812003293 0.1805721254915105 -0.04640924183470139 -0.10083296213653399 -0.0076117534193641985 0.48412443674241135 -0.1267733262800242 0.08435030213759613 0.48893792975910844 -0.1522136655168305 -0.118621092157211 -0.09634683320184521 -0.05572565175062507
-9999 -9999 -9999 -9999 -9999 -9999 -9999 -9999 -9999 -9999 -9999 -9999 -9999 -9999 -9999 -9999 -9999 -0.024984349497691488 0.008660289051320623 0.05680641027178829 0.06481030847457715 -0.031486884042336946 0.006714254311155816 0.01930431068485944 0.7221503170269402 0.5914305564488221 0.5152673102666139 0.5911603986531794 0.4914783876962811 -0.5025298507112085 -0.610450286937799 -0.4612090570741037 -0.24640906660231218 -0.19858949092352376 -0.25309283609877026 0.15771921562102706 0.005735825292893685 0.004351738404538807 -0.199604002421029 0.17383651651483667 -0.028093709642827994 -0.058509475601415124 -0.12056549395729442 0.26367796431519663 0.4329605228808726 0.37012043900885033 -0.06541997879562973 0.4045080725444515 -0.142076741708685 -0.049952870346452016 -0.10065707698897629
-9999 -9999 -9999 -9999 -9999 -9999 -9999 -9999 -9999 -9999 -9999 -9999 -9999 -9999 -9999 -9999 -9999 -0.05138389765012808 -0.0845623284886156 -0.10573840676658884 -0.031379515546471816 -0.05320961275717095 -0.02055058352260182 -0.055965699152373406 -0.022546748610238317 0.05996062420107663 0.01824898584552288 -0.0846654037787788 -0.0396900954295574 0.556344070572951 0.537318215227762 0.06744861001311732 -0.016844487552745768 0.023904064013462685 -0.09170821784564004 0.07564018937934164 -0.017143296288942626 -0.014592187606629625 -0.1914803486353792 0.2532880113487276 -0.06450459718509077 -0.04829887468914141 -0.1871149039256407 0.11006039405572869 0.12075254351680542 0.1580415734403129 0.20448423473323937 0.29686730268095335 0.11118347986532481 0.048728926944900795 0.09157527824874809
-9999 -9999 -9999 -9999 -9999 -9999 -9999 -9999 -9999 -9999 -9999 -9999 -9999 -9999 -9999 -9999 -9999 -0.06180092620612271 -0.08616989478998387 -0.12398754230445777 -0.13551809295742204 -0.09478478787756514 -0.025501751592472626 -0.029896252882532042 -0.04756970330206627 -0.01554990386515682 0.04282500808297508 -0.02998331536321738 -0.07313122785609366 -0.11742585698006036 -0.1408694089034456 -0.08475969753920429 -0.14225042301239468 -0.08614318078488682 -0.1604068850113448 0.21965916540641753 0.01367373817229238 0.007785651199925517 -0.1791138641337315 0.2679722674972252 0.3917656425113345 -0.35844697651236535 -0.15157125530033183 -0.48460916675951476 -0.22503586834265543 -0.3869857243202485 -0.4935214295510267 0.10550389138590226 -0.017743366074297245 0.2849944529483488 0.12580655732237223
-9999 -9999 -9999 -9999 -9999 -9999 -9999 -9999 -9999 -9999 -9999 -9999 -9999 -9999 -9999 -9999 -9999 -0.09331705869482941 -0.04940320470220908 -0.04238246177636897 -0.05231383903809068 -0.03264123918432904 0.010428960974548557 0.04944879169620931 0.054794838783875914 -0.005683157286998009 0.14824445662610172 0.10106461641173649 -0.017773683434291747 -0.10313924127377543 -0.14634232087051718 -0.07600622430986206 -0.10394913746978715 -0.0746966483957085 -0.22766136808820103 0.12207768510566636 0.027922001951681808 0.028810092028028405 -0.15639314281559213 0.17596461777089137 0.2005421004688861 0.25004164350167485 0.22448149883744412 0.1255394478158165 0.2741342527750197 0.652588621611157 0.4566977493911828 -0.4494930542646144 -0.24340646010950506 0.005910643683322243 0.20431051833649896
-9999 -9999 -9999 -9999 -9999 -9999 -9999 -9999 -9999 -9999 -9999 -9999 -9999 -9999 -9999 -9999 -9999 -9999 0.10462898007490994 0.11579341981761782 0.0649989079623946 0.06740278244770707 -0.01897008401623041 -0.03302795652280857 -0.043751279346950264 -0.02508578170226764 -0.052156143428353126 0.17497883210355836 0.19108811010764334 0.2149431221063276 0.10657530941091321 0.042367145440108 -0.09682685941874711 -0.049483867320575886 -0.19384500566081395 0.0677424042319162 0.007590432468473237 0.009259045434022754 -0.039062116367010964 -0.12560867921301724 0.18645840695068572 0.011479192188871912 0.08235901367711382 -0.019353730373627732 -0.08727792685079554 -0.13030210154640381 0.15660711780253747 0.7489646777804396 0.23133156873079727 0.022579641837009775 0.11382797958578923
-9999 -9999 -9999 -9999 -9999 -9999 -9999 -9999 -9999 -9999 -9999 -9999 -9999 -9999 -9999 -9999 -9999 -9999 -0.6130737140184414 -0.6040394185294731 -0.5466441441943497 -0.4896613091848194 -0.38419792163189476 0.039243892733527186 0.06367203715480022 0.02491783990843934 -0.043623549006408094 0.023280102842635462 0.06871239819530936 0.1748676021874728 0.2084632718373037 0.1994204086596701 0.09670785493219085 0.02899598539698053 -0.23956284890699894 0.07928608377415815 0.08779779986510557 0.07331586223878717 0.058582133469723956 -0.05045933079814663 0.13061035369971763 0.05690307933698606 0.0633878304378054 0.0010799960666861422 -0.057794588234458204 -0.21313310696809554 -0.16231332785882957 -0.037929356284578684 0.3525611254472868 0.44282665179331804 0.07881671632057716
-9999 -9999 -9999 -9999 -9999 -9999 -9999 -9999 -9999 -9999 -9999 -9999 -9999 -9999 -9999 -9999 -9999 -9999 -9999 0.6459375831917439 0.6157840329170301 0.5390361169782681 0.5318342183036671 -0.6895186439123439 -0.5239592497050435 -0.5203245702077296 -0.391959240535636 -0.42471162708936 -0.04831277147135156 0.050763490609671384 0.0869697426613501 0.21609077194459236 0.1328272609299573 0.05063813254168435 -0.07200347596989007 -0.17574191516077198 0.05024660465023814 -0.028945461212020327 0.011865640235101109 -0.0395931686372566 0.1009971058056898 0.005503570648727952 0.040175034972758636 0.016472557341378407 0.22211351038664695 -0.06527595240227144 -0.1485675836584788 -0.14961933445952585 -0.1272859154689193 0.22105157439653933 0.32495122329421755
-9999 -9999 -9999 -9999 -9999 -9999 -9999 -9999 -9999 -9999 -9999 -9999 -9999 -9999 -9999 -9999 -9999 -9999 -9999 -0.01968926924433016 -0.01585971789629014 -0.008631445212151968 0.015427482995392294 0.6470980955051291 0.6437078610523004 0.5973168699054866 0.34625794437251955 0.6712193642751139 -0.5796259074636458 -0.6848216827997728 -0.5196807006917594 -0.1715106806035691 -0.4444914215784868 -0.35531641640106987 -0.08130107005157387 -0.15858924936096755 0.07042777289960597 -0.10405880428025091 -0.06971342962915093 -0.07616270218058127 0.12108277084611571 -0.02480497009529659 0.0525355089911974 -0.12651652028388083 0.3061265184043637 -0.09046814778689577 -0.18826776155029554 -0.18483218061314566 -0.26319332581612526 -0.036608405782529295 0.06339857338992015
