output/RioRessiOut/RioRessi_top_index.asc
NCOLS 197
NROWS 299
XLLCORNER 676026.5927825759
YLLCORNER 5072481.374398034
CELLSIZE 0.9572864394182301
NODATA_VALUE -9999
[rows 138 to 160 of 299, columns 53 to 105 of 197]
-9999 -9999 -9999 -9999 -9999 -9999 -9999 -9999 -9999 -9999 -9999 -9999 -9999 -9999 -9999 -9999 -9999 0.24402944987572406 1.8078910624311908 3.4105069158346173 0.1319047535816268 1.1749118005901946 2.2369721397888673 2.43209202526332 0.08939381862802445 2.4161803896598273 1.5529411191319655 4.67133678908233 4.034248995160918 2.6196213586977684 3.4491387081060685 3.813937575036583 0.1940753212380447 -0.28109771446090315 0.8782851126072618 0.06943073773110559 -0.04069297730569134 -0.4089753689854674 0.8597939385720202 3.4310134449917506 0.4217039538275457 1.3886165490903253 1.256383411952578 2.3260785549626406 8.809929443844606 1.1275382344619322 1.6072963775886493 1.2805629049981633 1.1737426522158982 1.5206026993832138 1.5374431900291168 1.5720763997615004 1.719468142935386
-9999 -9999 -9999 -9999 -9999 -9999 -9999 -9999 -9999 -9999 -9999 -9999 -9999 -9999 -9999 -9999 -9999 -9999 1.7873812721852633 3.5462833454193077 0.9358753940776974 2.090996112812466 0.13183200779175733 2.3655023638762707 0.020762545409341478 1.7853972254393249 -0.21344484214325987 3.0761346028640086 1.7441474104190744 -0.0951929678734126 1.2419391321766393 1.0090335323809203 2.460836254690373 1.916126862875316 2.749956264732866 3.3661571791883573 3.3230995874424174 3.057466114284768 3.363191762395262 0.23213754902524075 0.9765991868741712 0.7154298681419283 0.6653497378855758 8.268708596803377 1.598763322123091 1.5657242565643628 1.3366781110597392 0.8467463541145411 0.7103290101627834 1.0823077789434186 1.0771773165856329 1.097859012126143 1.1073329019591733
-9999 -9999 -9999 -9999 -9999 -9999 -9999 -9999 -9999 -9999 -9999 -9999 -9999 -9999 -9999 -9999 -9999 -9999 1.7460338015830208 3.7142240626883516 0.41992637637500774 2.199054910671181 1.7461556265207363 1.559563838557183 1.4336338620086069 0.7167059188104264 3.225350791621639 0.14390723958944066 1.7654189255963197 0.6162798201479832 0.16749927298271872 1.998449605063311 0.2250403010863021 1.7253573363635424 2.505162994224751 0.31094870943975844 2.4195020563329925 1.9012631479901516 3.9657943208322406 3.993337664718803 4.067641640232487 4.623311013115081 8.631246894638046 0.5837132181569127 0.33468738224692157 0.26019125208893057 0.16091154757921322 -0.21929911860754722 -0.30450394925994984 0.456387462031814 0.5893296006205024 0.6045015865940585 0.6955206015210654
-9999 -9999 -9999 -9999 -9999 -9999 -9999 -9999 -9999 -9999 -9999 -9999 -9999 -9999 -9999 -9999 -9999 -9999 1.2694584404211904 3.7172662402135725 1.3486411443559914 1.6365279125282997 1.5758454900278738 1.4734795893921693 1.4451309463265454 0.1462660789553305 3.3363903563368726 1.6656069739843962 0.2841169431651793 1.3406788815388557 1.8847289887786487 1.857842027236715 2.2568588584950717 1.4123585745964344 2.2348797619995486 2.418594014395244 3.7077917268437464 3.2428358744890318 0.1933344789787981 1.286854164048119 1.7999335377929022 2.8782850888017877 8.319245634503332 5.957776362134006 5.39772802822143 4.530509190339672 3.5462833454188765 2.422899339908141 3.8264329392475367 -0.47478642924764836 -0.46036607910276245 -0.32128990780951094 -0.12890260221055147
-9999 -9999 -9999 -9999 -9999 -9999 -9999 -9999 -9999 -9999 -9999 -9999 -9999 -9999 -9999 -9999 -9999 -9999 0.5651417411324601 3.7834363573762944 0.6161221176170774 1.1771852334180932 1.161989869173274 1.1275382344619322 1.209781958119053 0.423905840081506 3.398313750796389 1.5663814129582176 1.6147470235321757 1.0926483502758206 1.7758716552147809 0.3282012162971988 1.8789274096360884 -0.4734768272989 3.4313126615322536 3.7010607880369437 0.4618846437290418 0.31199521758414595 -0.5248316716943624 0.8701387937840896 1.518538665042686 8.087297680929597 3.4741992813626834 2.4573744772076314 0.21128688119338593 2.4675990051829513 1.879634806640352 -0.427046068868284 0.253432241853581 1.3692978257920738 1.307382060060421 2.5532554686963995 5.093458932094852
-9999 -9999 -9999 -9999 -9999 -9999 -9999 -9999 -9999 -9999 -9999 -9999 -9999 -9999 -9999 -9999 -9999 -9999 3.7967767296646486 -9999 0.5470190593630135 0.32449271037892824 0.2889696129446667 0.39019613624960425 0.315886351820975 3.239779808083982 1.114851134387491 1.114851134387491 1.1776087600745284 0.5855436728490129 1.528191155527357 1.9036384687693015 3.5896366555841954 2.9158385615848452 -0.5742880542194962 1.0787386946621436 2.3851366591640017 2.285543807959891 1.694245238623508 3.3460694525288868 3.3776842944850465 7.704750129604442 2.8354415255316936 0.07513036354778872 1.9355930846687415 2.5489526327367864 1.7233863133447656 0.727581587635257 0.05613534099255452 0.8701387937845211 0.8693273524173483 -0.18598005523237787 2.158589403944994
-9999 -9999 -9999 -9999 -9999 -9999 -9999 -9999 -9999 -9999 -9999 -9999 -9999 -9999 -9999 -9999 -9999 -9999 0.6574607745099724 2.248972470675921 3.378499299431202 2.5199548621615873 4.2015318625921205 5.7150989222011335 5.624954860869052 0.23902733830200193 0.3884464108877211 0.30996476003376405 0.34588402626688036 -0.22093628258769232 3.561189528687897 3.5365811269940908 0.2834520063142259 0.8479365647730995 0.641550931872904 1.8255208712285789 2.3345063602537754 2.298476722231952 1.7018698522423799 4.815243042610333 5.27551029429904 7.792061731801446 2.753319515268744 0.16144090296165584 1.7413426660157272 1.5110228307780058 1.84470289363696 1.3824597263741722 -0.2843162298626373 0.5762545335373792 0.48652407029760975 1.3256986089275462 0.9451838633478056
-9999 -9999 -9999 -9999 -9999 -9999 -9999 -9999 -9999 -9999 -9999 -9999 -9999 -9999 -9999 -9999 -9999 -9999 -9999 1.9870685118315885 2.2044156175169034 2.0766516045560657 1.8376427143066079 2.0199642711005623 1.3946720094757568 0.4976833872282263 1.8918746043367125 2.5926618899716676 2.652807291310893 3.121369581246487 0.11302403129705801 0.8651285350681743 1.2558609653977395 1.5923966273999457 1.1825378322430276 2.272389308097258 0.4873541180725798 4.553432401057707 3.8518484184871347 0.9990633520677091 3.3239987106217694 7.538250900960381 1.897046518023392 1.34511092609192 0.0023734209611201455 1.0273297747329009 1.0292880223127712 1.50222532423038 0.7204519852092051 -0.14799944102268073 -0.2889608225291391 0.9876200474518888 0.44493074918184233
-9999 -9999 -9999 -9999 -9999 -9999 -9999 -9999 -9999 -9999 -9999 -9999 -9999 -9999 -9999 -9999 -9999 -9999 -9999 1.3655252788572578 1.7341663820922155 1.894202894096735 1.9569488573960028 2.0799122554987575 1.0710801160877408 0.08619444592874508 1.7362644557673537 2.3873799585683675 2.652555187641509 1.060085971654487 0.8801840048358567 2.736930711969766 2.7963060063448886 3.039315610336271 2.463471677705092 3.4250688180356437 5.053435413528875 0.30996476003376405 -0.32835340637547655 3.0030073588202546 0.3538486755464517 7.423582267017498 0.9451838633478054 0.8026793144913569 0.3874164249174383 0.5818290644692484 0.6189596697692885 0.9960681482636453 -0.33894576789271946 0.7682775441077341 1.0589348418003524 -0.30083718906015516 1.386149269367211
-9999 -9999 -9999 -9999 -9999 -9999 -9999 -9999 -9999 -9999 -9999 -9999 -9999 -9999 -9999 -9999 -9999 -9999 -9999 0.979396628617545 1.2473167624474593 1.2894743874958727 1.4131005277132813 1.737150244335937 0.37644539341638095 1.1872176191811652 1.8649965523723213 0.2446543627958201 0.2723860794891002 2.243342435918282 1.9863582524274888 0.21515352637343785 0.8479365647730995 0.16707142282549647 2.573628165605949 4.39104407862494 2.8447679151884144 2.904215747635732 2.6927616081195493 2.0357889191033474 4.330107492861658 -9999 0.11059978768555175 0.0926529198289314 -0.25955067143960353 0.08776824254532381 0.13065961107957577 0.0647060157995459 0.4778601732629815 0.07740113693021647 0.7991995680549981 0.3573866923025128 -0.4838273325355175
-9999 -9999 -9999 -9999 -9999 -9999 -9999 -9999 -9999 -9999 -9999 -9999 -9999 -9999 -9999 -9999 -9999 -9999 -9999 0.44737117173925195 1.1227260474196243 1.0176398909388735 0.8979183578915968 1.316378332856129 1.0263209623754406 2.0748586615345874 -0.3385716287326029 1.9731933323166955 2.0748586615345874 0.17102359980040563 1.570158853631797 2.4751892540231597 3.085593605138005 3.115412058982467 2.995533758003668 2.20084490523021 0.12395178490920242 0.7915043394615993 1.760372930041043 0.5198430677170496 7.205412999730819 2.522891022665255 4.584307763010831 4.434277280690537 3.447426128585138 4.1559947032748825 4.1209667479360785 3.4947274804639776 -0.5624420563281349 0.009502814586564007 -0.15877369821969445 -0.2108663249082991 -0.4731755994944439
-9999 -9999 -9999 -9999 -9999 -9999 -9999 -9999 -9999 -9999 -9999 -9999 -9999 -9999 -9999 -9999 -9999 -9999 -9999 -9999 0.4457767518698384 0.47047434306465724 0.40423411694382244 1.0694996760246593 0.3553939196843137 1.8896093698497762 0.7681184566335502 1.180785149971232 1.9863324343160822 2.1316921876964914 1.191481015256 2.1480832739194313 0.2085211808745121 3.4048633932617554 1.371187824890595 0.3583091080474539 -0.10984166731631777 1.6469100598989095 0.15795012880286516 1.9621719061192477 7.304448726610573 2.38292984349305 2.7573511470625944 1.1422819300292502 1.9257813506038197 0.7176913205883503 2.3955438177218364 2.1154170329558193 1.8868389136338428 1.3536888620600553 1.0293504576974613 2.8001636089516606 2.0357889191033474
-9999 -9999 -9999 -9999 -9999 -9999 -9999 -9999 -9999 -9999 -9999 -9999 -9999 -9999 -9999 -9999 -9999 -9999 -9999 -9999 -9999 -9999 -9999 0.4823841347635378 1.7780705566505102 0.9453731773671509 0.3912093493474883 0.6834463758004089 0.6746890128160055 1.4478309543661898 0.25474749070695174 3.584140458542287 3.475870658860768 1.4928429648559256 0.11896297391073807 0.8325976701122316 1.4741118247416893 1.4928429648559256 2.0149382551808412 3.9551537987078618 7.3529429227054095 2.279139537399029 2.1405605704778026 2.1625076333107947 0.3610672026882706 1.9755961649173996 -0.11515954303453864 2.3250347135317426 2.0153408867864187 -0.48142750998203826 0.3711177303085934 1.0205547011110523 0.20080362047492156
-9999 -9999 -9999 -9999 -9999 -9999 -9999 -9999 -9999 -9999 -9999 -9999 -9999 -9999 -9999 -9999 -9999 -9999 -9999 -9999 -9999 -9999 -9999 3.538765305002713 0.25129813777520055 0.11233289167401068 -0.35718509706859275 -0.02709562669679563 -0.05615587452273131 -0.003834634745718414 2.526991964666163 3.2033176965153185 0.11977577558108907 0.8373589568453106 0.9811651039159063 0.34642849852707713 1.3107499087916594 0.19495155349564114 4.113455579592969 2.150145661863651 7.128034718236253 2.0898173886447537 1.958830892053983 1.4470162122828278 0.7944768007373748 -0.07343811650271015 1.9159227006876387 2.2251009985994634 1.3516543987959537 0.15969399269500548 -0.20579306248693413 0.7819105015245453 -0.408297431583536
-9999 -9999 -9999 -9999 -9999 -9999 -9999 -9999 -9999 -9999 -9999 -9999 -9999 -9999 -9999 -9999 -9999 -9999 -9999 -9999 -9999 -9999 -9999 0.38709273412560613 0.8305081930783289 1.2750332884673563 1.288148004624158 2.4097723933640656 2.766624783847492 3.2459535374306436 -0.36541533765789297 -0.35260647180019294 0.12390075278446887 0.0773876959223269 0.02759828400354916 -0.480599364532099 3.8784628045764373 3.9481300169424034 0.8667953834899583 1.326817090540617 7.087253150131829 0.6727736802764251 1.334677928558178 1.6600073921330196 1.1330466957434213 0.5978717280549573 1.8635609655023715 1.4822170386303788 1.4108385011482956 0.6085584163377253 -0.126942947134869 0.6208558542672762 -0.19178420606660257
-9999 -9999 -9999 -9999 -9999 -9999 -9999 -9999 -9999 -9999 -9999 -9999 -9999 -9999 -9999 -9999 -9999 -9999 -9999 -9999 -9999 -9999 -9999 -9999 0.4115828252362497 0.9007801633078969 0.9884784911971989 1.6115040628107933 1.0230817710002562 1.8441521598815167 2.9706013607177146 3.0190392553351337 3.967323476826625 3.826328429658687 3.854603816214233 3.5128714481496117 0.17714048317510472 0.21492842345311158 0.17891816565364754 0.09793288089048106 7.049111050065908 0.10138443927781468 1.1481602562399542 0.6180129241364422 0.5610552993626544 0.33183849611307986 -0.006032881520435944 1.7258651308528057 1.264354045154443 0.7455678533827509 0.6725226437303582 -0.0027899371237705022 0.8249377227218654
-9999 -9999 -9999 -9999 -9999 -9999 -9999 -9999 -9999 -9999 -9999 -9999 -9999 -9999 -9999 -9999 -9999 -9999 -9999 -9999 -9999 -9999 -9999 -9999 0.48080900769862456 1.255718001123565 0.9140461056943767 0.11893758450065947 -0.20626757458785405 1.6284375324644653 1.9742560359832548 1.046321173885525 0.06788551553943858 2.0074467423016125 0.6952133309366382 0.10718730037001997 1.6170657348211377 4.305092394127447 7.999749693805922 9.785251737924265 -9999 -0.1658745763644108 0.04300370381513327 0.04749175289152144 0.06865782817134908 -0.25613662875755866 0.020762545409341478 -0.016241780370469156 1.0487844667312662 0.18159062874322837 0.4654327166206376 -0.09785379593694615 0.5532637261154443
-9999 -9999 -9999 -9999 -9999 -9999 -9999 -9999 -9999 -9999 -9999 -9999 -9999 -9999 -9999 -9999 -9999 -9999 -9999 -9999 -9999 -9999 -9999 -9999 1.135643448350622 1.3719460109668147 0.006548736950327166 0.731237522123121 1.535287888198063 1.889754274532582 1.0911016736320047 1.2960653246082998 1.9445487039597387 0.14765483879257593 0.11061926794939485 2.364842453411165 3.5037826467327435 7.1473355378262555 2.0991129003158746 1.874756282394197 2.7130199101005754 5.488966711316983 6.406744254908881 5.144476813233284 4.726751834286092 3.6959720305426833 4.166948293491693 -0.4530974313686641 -0.21509161073278193 -0.5286816805616555 -0.199680008212892 -0.15134205503989331 -0.1640905510225789
-9999 -9999 -9999 -9999 -9999 -9999 -9999 -9999 -9999 -9999 -9999 -9999 -9999 -9999 -9999 -9999 -9999 -9999 -9999 -9999 -9999 -9999 -9999 -9999 0.5688510692769616 1.2055120248097488 1.5069344629616674 -0.5807297613530692 1.9140285675611952 0.8288544459314032 1.5220016264913485 -0.3526064718006245 3.006861546986229 3.0045386464604724 2.9798174098173074 -0.32994294817610675 2.68886833570588 7.058763400207541 1.8180505746356324 1.792689565950699 2.69925769572486 -0.022432976157328127 4.917058055711057 2.8261502964983785 2.0313186245157344 -0.28763556633399207 2.302485079790746 3.2607719888979982 3.6059685589933754 3.4842124255374967 2.201488033723419 2.2424271825866504 2.2589731613495885
-9999 -9999 -9999 -9999 -9999 -9999 -9999 -9999 -9999 -9999 -9999 -9999 -9999 -9999 -9999 -9999 -9999 -9999 -9999 -9999 -9999 -9999 -9999 -9999 0.6496877106105883 1.0859912531192295 1.062003458421685 0.9807557861488055 0.13829244854950193 1.3126468073742845 2.872887774350068 2.3102343311795184 0.8096753453099328 1.1009857096287983 1.4358423286913038 2.7725823402094885 3.6129295401544033 6.896691761526994 1.5758454900278738 1.4558044220049056 1.9399462106634557 1.6492061645603617 4.90195983025165 0.0055099253727341115 2.5356621892345244 1.4376703498645902 2.022026739729377 1.3584443020976098 0.7723713645940133 1.445762287948418 -0.5334796327471956 1.2267319715013205 0.7081908034972312
-9999 -9999 -9999 -9999 -9999 -9999 -9999 -9999 -9999 -9999 -9999 -9999 -9999 -9999 -9999 -9999 -9999 -9999 -9999 -9999 -9999 -9999 -9999 -9999 0.4940950694664287 0.29296096796163223 0.09428646225589318 -0.5504908149061585 0.9655332600490455 2.7043727690472275 0.2598553981312292 -0.2561017314429035 0.8061712118570034 1.7166252128041204 2.2451832981661695 3.560921597936088 7.052294655232059 1.216287324736266 1.2234129891760521 1.190795609476387 1.8816382392765207 1.418441345031375 0.010845328380696639 4.827206905302268 2.2325459852399767 0.5993078091523591 1.440464948795606 1.9036384687693015 1.1915001752626917 0.5361247191877402 1.2187235374983536 1.0715166619713141 0.007627822387468897
-9999 -9999 -9999 -9999 -9999 -9999 -9999 -9999 -9999 -9999 -9999 -9999 -9999 -9999 -9999 -9999 -9999 -9999 -9999 -9999 -9999 -9999 -9999 -9999 0.9479769317860075 1.8759346695262769 2.12939157318483 1.7520942780878872 3.153394453033947 0.09793288089004941 0.8902793777245623 1.383419653089013 -0.5211279637568779 0.8468297651500385 3.4890367220956287 1.3329555100999084 6.791376344257883 0.7626572414449603 0.6966076624076003 0.6779096053827586 1.5809137992888258 -0.07802810164395019 0.6524897617879519 4.817451891224006 1.581640469759731 1.3700516225243635 -0.3841961053570275 1.257447180458445 1.7888876876831081 0.9259149259386329 -0.3405185747135971 1.4704695614185441 0.8014706832966284
-9999 -9999 -9999 -9999 -9999 -9999 -9999 -9999 -9999 -9999 -9999 -9999 -9999 -9999 -9999 -9999 -9999 -9999 -9999 -9999 -9999 -9999 -9999 -9999 0.31094870943975844 0.9293728360207099 1.168864897895114 -0.5582552840340856 2.084969784586599 2.1773744225698852 2.5950274699629876 2.769714014208904 2.6569258665910676 3.7816617415258147 0.04056609330433379 0.22293196070324736 6.8025735903845455 0.15233612498221225 0.09673817959935882 0.04300370381513327 0.03756061038978408 1.1864297522899083 -0.1937843555480731 0.6092977588575516 4.843796802986394 1.3584530712966751 0.6529449016433521 0.8650270364332163 0.8316812542120189 0.8715083582463035 0.463101755030176 1.3199892723316327 0.2751902833822765
