output/RioRessiOut/RioRessi_Tca.asc
NCOLS 197
NROWS 299
XLLCORNER 676026.5927825759
YLLCORNER 5072481.374398034
CELLSIZE 0.9572864394182301
NODATA_VALUE -9999
[rows 74 to 110 of 299, columns 83 to 165 of 197]
1.0 1.0 2.0 1.0 1.0 1.0 49.0 32.0 28.0 19.0 15.0 10.0 3.0 12.0 5.0 1.0 11.0 10.0 3.0 2.0 1.0 6.0 5.0 3.0 6.0 5.0 2.0 9.0 1.0 6.0 7.0 3.0 6.0 6.0 6.0 1.0 10.0 7.0 1.0 10.0 7.0 -9999 -9999 -9999 -9999 -9999 -9999 -9999 -9999 -9999 -9999 -9999 -9999 -9999 -9999 -9999 -9999 -9999 -9999 -9999 -9999 -9999 -9999 -9999 -9999 -9999 -9999 -9999 -9999 -9999 -9999 -9999 -9999 -9999 -9999 -9999 -9999 -9999 -9999 -9999 -9999 -9999 -9999
2.0 3.0 1.0 2.0 2.0 50.0 1.0 1.0 1.0 1.0 1.0 1.0 48.0 35.0 29.0 27.0 15.0 14.0 10.0 9.0 8.0 7.0 6.0 1.0 2.0 1.0 4.0 1.0 8.0 4.0 5.0 6.0 2.0 5.0 5.0 5.0 3.0 6.0 6.0 9.0 6.0 2.0 3.0 14.0 1.0 12.0 2.0 -9999 -9999 -9999 -9999 -9999 -9999 -9999 -9999 -9999 -9999 -9999 -9999 -9999 -9999 -9999 -9999 -9999 -9999 -9999 -9999 -9999 -9999 -9999 -9999 -9999 -9999 -9999 -9999 -9999 -9999 -9999 -9999 -9999 -9999 -9999 -9999
4.0 2.0 3.0 3.0 51.0 2.0 4.0 2.0 2.0 2.0 2.0 49.0 1.0 1.0 1.0 2.0 1.0 1.0 3.0 2.0 1.0 2.0 1.0 5.0 4.0 3.0 2.0 3.0 3.0 2.0 3.0 4.0 5.0 1.0 4.0 4.0 4.0 2.0 5.0 5.0 8.0 5.0 1.0 2.0 13.0 3.0 8.0 1.0 11.0 1.0 11.0 4.0 18.0 -9999 -9999 -9999 -9999 -9999 -9999 -9999 -9999 -9999 -9999 -9999 -9999 -9999 -9999 -9999 -9999 -9999 -9999 -9999 -9999 -9999 -9999 -9999 -9999 -9999 -9999 -9999 -9999 -9999 -9999
3.0 4.0 4.0 52.0 3.0 5.0 1.0 3.0 3.0 3.0 50.0 4.0 2.0 2.0 3.0 3.0 2.0 4.0 1.0 1.0 9.0 6.0 5.0 4.0 3.0 2.0 1.0 1.0 2.0 1.0 1.0 2.0 3.0 4.0 3.0 3.0 3.0 3.0 1.0 4.0 4.0 7.0 4.0 1.0 9.0 3.0 2.0 7.0 9.0 1.0 9.0 1.0 3.0 17.0 2.0 13.0 1.0 7.0 9.0 -9999 -9999 -9999 -9999 -9999 -9999 -9999 -9999 -9999 -9999 -9999 -9999 -9999 -9999 -9999 -9999 -9999 -9999 -9999 -9999 -9999 -9999 -9999 -9999
5.0 5.0 53.0 4.0 6.0 2.0 4.0 8.0 4.0 56.0 5.0 4.0 3.0 4.0 4.0 6.0 5.0 2.0 12.0 10.0 3.0 2.0 1.0 278.0 277.0 276.0 275.0 3.0 2.0 1.0 2.0 1.0 1.0 2.0 1.0 2.0 2.0 2.0 2.0 3.0 3.0 3.0 3.0 3.0 4.0 4.0 2.0 1.0 6.0 8.0 2.0 6.0 2.0 7.0 9.0 1.0 12.0 6.0 3.0 5.0 12.0 9.0 3.0 2.0 -9999 -9999 -9999 -9999 -9999 -9999 -9999 -9999 -9999 -9999 -9999 -9999 -9999 -9999 -9999 -9999 -9999 -9999 -9999
6.0 54.0 5.0 7.0 3.0 5.0 9.0 58.0 57.0 1.0 5.0 6.0 5.0 5.0 7.0 1.0 3.0 13.0 1.0 289.0 285.0 284.0 283.0 4.0 3.0 2.0 1.0 271.0 270.0 269.0 266.0 247.0 246.0 243.0 242.0 1.0 1.0 1.0 1.0 1.0 2.0 2.0 2.0 2.0 2.0 3.0 3.0 1.0 5.0 3.0 4.0 1.0 5.0 1.0 6.0 8.0 1.0 11.0 5.0 2.0 4.0 11.0 8.0 2.0 1.0 8.0 8.0 10.0 2.0 -9999 -9999 -9999 -9999 -9999 -9999 -9999 -9999 -9999 -9999 -9999 -9999 -9999 -9999
89.0 34.0 28.0 20.0 16.0 10.0 59.0 3.0 2.0 20.0 14.0 7.0 6.0 8.0 2.0 4.0 14.0 2.0 290.0 1.0 1.0 1.0 4.0 3.0 2.0 1.0 9.0 8.0 7.0 6.0 5.0 18.0 17.0 2.0 1.0 240.0 237.0 234.0 215.0 214.0 1.0 1.0 1.0 1.0 1.0 1.0 2.0 2.0 2.0 2.0 2.0 3.0 3.0 1.0 5.0 4.0 2.0 7.0 3.0 4.0 1.0 3.0 10.0 7.0 1.0 6.0 1.0 7.0 9.0 1.0 5.0 1.0 -9999 -9999 -9999 -9999 -9999 -9999 -9999 -9999 -9999 -9999 -9999
1.0 1.0 1.0 2.0 1.0 89.0 29.0 25.0 24.0 3.0 2.0 1.0 12.0 3.0 5.0 15.0 3.0 291.0 2.0 2.0 7.0 5.0 1.0 1.0 20.0 19.0 9.0 8.0 7.0 2.0 1.0 4.0 3.0 16.0 15.0 14.0 2.0 2.0 18.0 12.0 212.0 208.0 198.0 196.0 190.0 182.0 1.0 1.0 1.0 1.0 1.0 1.0 2.0 2.0 2.0 2.0 3.0 1.0 6.0 2.0 3.0 2.0 6.0 3.0 6.0 1.0 5.0 6.0 6.0 2.0 1.0 3.0 -9999 -9999 -9999 -9999 -9999 -9999 -9999 -9999 -9999 -9999 -9999
2.0 2.0 3.0 91.0 90.0 1.0 1.0 1.0 1.0 1.0 41.0 40.0 27.0 26.0 20.0 4.0 292.0 3.0 3.0 1.0 8.0 2.0 2.0 21.0 1.0 4.0 3.0 2.0 1.0 4.0 3.0 2.0 1.0 2.0 1.0 2.0 13.0 1.0 1.0 5.0 11.0 3.0 9.0 1.0 5.0 7.0 180.0 155.0 154.0 149.0 148.0 140.0 1.0 1.0 1.0 1.0 1.0 2.0 2.0 3.0 1.0 2.0 1.0 5.0 2.0 4.0 3.0 1.0 5.0 5.0 1.0 2.0 -9999 -9999 -9999 -9999 -9999 -9999 -9999 -9999 -9999 -9999 -9999
3.0 4.0 92.0 3.0 2.0 2.0 2.0 2.0 44.0 42.0 1.0 1.0 2.0 1.0 1.0 1.0 339.0 43.0 39.0 37.0 28.0 27.0 22.0 2.0 5.0 1.0 1.0 1.0 3.0 2.0 1.0 14.0 13.0 12.0 11.0 8.0 1.0 12.0 10.0 3.0 4.0 10.0 2.0 8.0 4.0 6.0 7.0 17.0 8.0 4.0 7.0 11.0 127.0 125.0 120.0 99.0 97.0 1.0 1.0 1.0 2.0 1.0 1.0 2.0 2.0 1.0 3.0 2.0 3.0 1.0 4.0 1.0 -9999 -9999 -9999 -9999 -9999 -9999 -9999 -9999 -9999 -9999 -9999
5.0 93.0 4.0 4.0 3.0 3.0 3.0 45.0 3.0 2.0 2.0 3.0 1.0 2.0 2.0 340.0 1.0 1.0 1.0 1.0 1.0 1.0 20.0 17.0 11.0 9.0 7.0 5.0 1.0 16.0 15.0 1.0 1.0 1.0 2.0 1.0 7.0 6.0 1.0 6.0 2.0 3.0 9.0 1.0 7.0 3.0 5.0 6.0 8.0 7.0 3.0 6.0 10.0 1.0 4.0 20.0 1.0 95.0 87.0 83.0 71.0 63.0 62.0 1.0 1.0 1.0 1.0 1.0 1.0 2.0 1.0 2.0 -9999 -9999 -9999 -9999 -9999 -9999 -9999 -9999 -9999 -9999 -9999
94.0 5.0 5.0 5.0 4.0 4.0 46.0 4.0 4.0 3.0 4.0 2.0 3.0 3.0 341.0 2.0 1.0 3.0 2.0 2.0 2.0 21.0 1.0 1.0 1.0 1.0 1.0 1.0 31.0 14.0 13.0 11.0 9.0 7.0 4.0 3.0 2.0 1.0 5.0 4.0 5.0 1.0 2.0 8.0 1.0 6.0 2.0 4.0 5.0 7.0 6.0 2.0 5.0 9.0 3.0 6.0 13.0 5.0 7.0 3.0 11.0 7.0 6.0 54.0 37.0 36.0 34.0 25.0 23.0 1.0 1.0 1.0 1.0 -9999 -9999 -9999 -9999 -9999 -9999 -9999 -9999 -9999 -9999
6.0 6.0 6.0 1.0 52.0 47.0 5.0 5.0 6.0 5.0 3.0 4.0 4.0 342.0 1.0 4.0 4.0 3.0 3.0 3.0 22.0 2.0 2.0 2.0 2.0 4.0 2.0 32.0 1.0 1.0 1.0 1.0 2.0 1.0 6.0 5.0 4.0 3.0 2.0 1.0 3.0 4.0 3.0 1.0 6.0 3.0 5.0 1.0 3.0 4.0 6.0 5.0 1.0 4.0 8.0 2.0 5.0 7.0 4.0 6.0 2.0 10.0 6.0 5.0 16.0 13.0 1.0 8.0 1.0 21.0 12.0 9.0 1.0 -9999 -9999 -9999 -9999 -9999 -9999 -9999 -9999 -9999 -9999
7.0 69.0 62.0 60.0 7.0 6.0 6.0 7.0 1.0 4.0 5.0 5.0 343.0 2.0 5.0 5.0 4.0 4.0 4.0 23.0 3.0 6.0 3.0 3.0 5.0 34.0 33.0 2.0 2.0 2.0 5.0 3.0 8.0 7.0 2.0 1.0 1.0 3.0 2.0 1.0 1.0 2.0 1.0 2.0 1.0 2.0 2.0 4.0 2.0 2.0 3.0 5.0 4.0 3.0 3.0 7.0 1.0 4.0 6.0 3.0 5.0 1.0 9.0 5.0 4.0 2.0 12.0 4.0 3.0 7.0 1.0 2.0 7.0 -9999 -9999 -9999 -9999 -9999 -9999 -9999 -9999 -9999 -9999
70.0 1.0 1.0 1.0 29.0 28.0 21.0 13.0 11.0 6.0 6.0 344.0 1.0 8.0 6.0 5.0 5.0 5.0 24.0 4.0 7.0 1.0 10.0 6.0 35.0 1.0 6.0 3.0 3.0 6.0 10.0 9.0 4.0 3.0 1.0 6.0 4.0 1.0 1.0 169.0 167.0 166.0 165.0 164.0 2.0 1.0 1.0 1.0 1.0 1.0 1.0 2.0 4.0 2.0 2.0 2.0 6.0 3.0 3.0 5.0 2.0 4.0 4.0 4.0 4.0 3.0 1.0 11.0 3.0 2.0 6.0 1.0 6.0 -9999 -9999 -9999 -9999 -9999 -9999 -9999 -9999 -9999 -9999
2.0 2.0 2.0 30.0 1.0 1.0 1.0 1.0 2.0 1.0 375.0 24.0 22.0 13.0 6.0 6.0 6.0 25.0 5.0 8.0 2.0 11.0 1.0 36.0 9.0 7.0 12.0 11.0 7.0 11.0 6.0 5.0 1.0 10.0 8.0 1.0 190.0 188.0 186.0 16.0 15.0 14.0 13.0 1.0 161.0 160.0 159.0 158.0 1.0 144.0 131.0 1.0 1.0 1.0 1.0 1.0 1.0 2.0 2.0 2.0 4.0 1.0 3.0 3.0 3.0 3.0 2.0 6.0 4.0 2.0 1.0 5.0 5.0 -9999 -9999 -9999 -9999 -9999 -9999 -9999 -9999 -9999 -9999
6.0 3.0 31.0 2.0 2.0 2.0 2.0 3.0 1.0 377.0 1.0 1.0 1.0 1.0 1.0 71.0 58.0 32.0 26.0 17.0 14.0 2.0 47.0 10.0 14.0 13.0 14.0 13.0 12.0 7.0 3.0 2.0 11.0 1.0 1.0 198.0 7.0 6.0 5.0 4.0 3.0 2.0 1.0 11.0 10.0 9.0 8.0 1.0 156.0 11.0 12.0 129.0 128.0 127.0 117.0 3.0 2.0 1.0 1.0 1.0 1.0 3.0 2.0 2.0 2.0 2.0 2.0 1.0 5.0 3.0 1.0 4.0 1.0 3.0 -9999 -9999 -9999 -9999 -9999 -9999 -9999 -9999 -9999
33.0 32.0 3.0 3.0 3.0 3.0 4.0 2.0 378.0 1.0 2.0 2.0 2.0 2.0 72.0 1.0 1.0 1.0 1.0 1.0 1.0 90.0 42.0 41.0 26.0 25.0 10.0 9.0 8.0 17.0 13.0 12.0 2.0 203.0 201.0 2.0 1.0 3.0 2.0 1.0 5.0 4.0 3.0 2.0 1.0 20.0 1.0 6.0 5.0 1.0 10.0 11.0 10.0 1.0 9.0 113.0 102.0 91.0 90.0 79.0 68.0 66.0 1.0 1.0 1.0 1.0 1.0 1.0 2.0 2.0 2.0 1.0 2.0 2.0 -9999 -9999 -9999 -9999 -9999 -9999 -9999 -9999 -9999
1.0 4.0 4.0 4.0 4.0 5.0 3.0 379.0 2.0 6.0 3.0 3.0 3.0 73.0 2.0 2.0 2.0 2.0 4.0 2.0 91.0 1.0 2.0 1.0 1.0 1.0 229.0 228.0 227.0 209.0 208.0 207.0 204.0 1.0 14.0 13.0 12.0 8.0 7.0 6.0 26.0 25.0 24.0 23.0 22.0 1.0 18.0 17.0 1.0 3.0 2.0 9.0 7.0 8.0 7.0 8.0 10.0 10.0 9.0 10.0 10.0 1.0 64.0 55.0 51.0 34.0 33.0 32.0 1.0 1.0 1.0 1.0 1.0 1.0 -9999 -9999 -9999 -9999 -9999 -9999 -9999 -9999 -9999
5.0 5.0 5.0 5.0 6.0 4.0 380.0 3.0 7.0 5.0 4.0 4.0 74.0 3.0 3.0 3.0 3.0 5.0 93.0 92.0 2.0 3.0 237.0 236.0 234.0 232.0 2.0 1.0 54.0 53.0 52.0 51.0 50.0 48.0 33.0 32.0 31.0 30.0 29.0 28.0 1.0 7.0 6.0 5.0 4.0 3.0 2.0 1.0 15.0 14.0 13.0 1.0 1.0 6.0 5.0 6.0 7.0 9.0 8.0 8.0 9.0 9.0 8.0 8.0 3.0 16.0 1.0 5.0 25.0 21.0 13.0 11.0 10.0 1.0 -9999 -9999 -9999 -9999 -9999 -9999 -9999 -9999 -9999
25.0 19.0 13.0 7.0 398.0 393.0 12.0 8.0 6.0 1.0 84.0 79.0 4.0 4.0 8.0 4.0 6.0 94.0 1.0 250.0 247.0 243.0 5.0 4.0 3.0 2.0 1.0 58.0 3.0 2.0 1.0 31.0 30.0 29.0 28.0 27.0 26.0 25.0 24.0 23.0 22.0 14.0 13.0 12.0 11.0 10.0 9.0 8.0 7.0 6.0 5.0 12.0 11.0 3.0 2.0 4.0 5.0 6.0 5.0 7.0 7.0 8.0 7.0 7.0 7.0 2.0 14.0 8.0 4.0 3.0 7.0 1.0 6.0 2.0 -9999 -9999 -9999 -9999 -9999 -9999 -9999 -9999 -9999
1.0 1.0 1.0 496.0 97.0 96.0 95.0 94.0 87.0 85.0 7.0 6.0 5.0 9.0 8.0 7.0 95.0 518.0 516.0 265.0 264.0 263.0 2.0 1.0 255.0 101.0 100.0 41.0 40.0 39.0 38.0 6.0 5.0 4.0 3.0 2.0 1.0 1.0 12.0 11.0 10.0 9.0 8.0 7.0 6.0 5.0 4.0 3.0 2.0 1.0 3.0 4.0 3.0 7.0 6.0 1.0 3.0 4.0 3.0 4.0 6.0 6.0 1.0 6.0 6.0 6.0 1.0 5.0 7.0 3.0 2.0 6.0 5.0 1.0 -9999 -9999 -9999 -9999 -9999 -9999 -9999 -9999 -9999
2.0 2.0 498.0 1.0 1.0 2.0 1.0 1.0 10.0 9.0 1.0 709.0 708.0 698.0 689.0 688.0 592.0 73.0 70.0 69.0 65.0 64.0 260.0 259.0 3.0 153.0 152.0 140.0 139.0 138.0 137.0 136.0 135.0 134.0 133.0 132.0 131.0 129.0 3.0 2.0 1.0 109.0 12.0 11.0 10.0 9.0 8.0 7.0 6.0 5.0 1.0 2.0 1.0 2.0 1.0 5.0 3.0 2.0 1.0 2.0 3.0 5.0 4.0 3.0 5.0 5.0 5.0 4.0 4.0 6.0 2.0 1.0 5.0 4.0 -9999 -9999 -9999 -9999 -9999 -9999 -9999 -9999 -9999
508.0 505.0 6.0 5.0 3.0 14.0 13.0 11.0 2.0 1.0 711.0 1.0 1.0 1.0 4.0 3.0 2.0 1.0 2.0 1.0 3.0 2.0 63.0 60.0 59.0 2.0 1.0 11.0 10.0 9.0 8.0 7.0 6.0 5.0 4.0 3.0 2.0 1.0 113.0 112.0 111.0 1.0 96.0 95.0 94.0 93.0 92.0 91.0 90.0 89.0 88.0 85.0 84.0 82.0 2.0 1.0 1.0 2.0 1.0 1.0 1.0 2.0 4.0 2.0 2.0 4.0 4.0 3.0 3.0 3.0 5.0 1.0 4.0 3.0 -9999 -9999 -9999 -9999 -9999 -9999 -9999 -9999 -9999
1.0 1.0 17.0 16.0 15.0 721.0 720.0 719.0 716.0 715.0 3.0 2.0 88.0 86.0 81.0 80.0 79.0 78.0 4.0 3.0 2.0 1.0 1.0 2.0 1.0 58.0 57.0 56.0 55.0 54.0 3.0 2.0 1.0 37.0 9.0 8.0 7.0 6.0 5.0 4.0 3.0 2.0 1.0 1.0 2.0 1.0 11.0 10.0 9.0 8.0 7.0 2.0 1.0 1.0 79.0 75.0 74.0 67.0 65.0 54.0 53.0 1.0 1.0 1.0 1.0 1.0 3.0 2.0 2.0 2.0 2.0 4.0 1.0 3.0 2.0 -9999 -9999 -9999 -9999 -9999 -9999 -9999 -9999
2.0 746.0 728.0 727.0 726.0 4.0 3.0 2.0 1.0 106.0 105.0 104.0 15.0 14.0 8.0 7.0 6.0 1.0 73.0 68.0 67.0 60.0 59.0 58.0 6.0 5.0 4.0 3.0 2.0 1.0 50.0 49.0 48.0 1.0 27.0 26.0 25.0 24.0 23.0 22.0 21.0 20.0 19.0 17.0 14.0 13.0 1.0 4.0 3.0 2.0 1.0 6.0 5.0 2.0 1.0 3.0 2.0 6.0 1.0 9.0 8.0 51.0 50.0 49.0 47.0 3.0 2.0 1.0 1.0 1.0 1.0 1.0 2.0 2.0 1.0 -9999 -9999 -9999 -9999 -9999 -9999 -9999 -9999
747.0 2.0 1.0 1.0 1.0 1.0 1.0 108.0 107.0 1.0 4.0 3.0 2.0 1.0 5.0 4.0 3.0 4.0 3.0 4.0 3.0 6.0 5.0 1.0 51.0 50.0 3.0 2.0 1.0 4.0 3.0 2.0 1.0 9.0 8.0 7.0 6.0 5.0 4.0 3.0 2.0 1.0 2.0 1.0 13.0 12.0 11.0 6.0 5.0 4.0 3.0 2.0 1.0 2.0 1.0 5.0 4.0 1.0 5.0 4.0 1.0 7.0 4.0 3.0 1.0 43.0 41.0 1.0 33.0 20.0 19.0 17.0 1.0 1.0 1.0 -9999 -9999 -9999 -9999 -9999 -9999 -9999 -9999
6.0 3.0 2.0 2.0 2.0 2.0 109.0 1.0 7.0 5.0 1.0 6.0 5.0 4.0 3.0 2.0 1.0 2.0 1.0 2.0 1.0 2.0 1.0 3.0 2.0 1.0 46.0 45.0 44.0 39.0 38.0 37.0 30.0 29.0 28.0 27.0 26.0 25.0 24.0 23.0 22.0 21.0 18.0 17.0 3.0 2.0 1.0 36.0 35.0 34.0 33.0 32.0 31.0 30.0 29.0 23.0 22.0 3.0 2.0 1.0 2.0 1.0 2.0 1.0 2.0 1.0 1.0 39.0 5.0 12.0 11.0 1.0 15.0 13.0 11.0 2.0 -9999 -9999 -9999 -9999 -9999 -9999 -9999
1.0 1.0 129.0 126.0 123.0 120.0 10.0 8.0 1.0 2.0 8.0 1.0 2.0 1.0 3.0 2.0 1.0 8.0 7.0 6.0 5.0 4.0 3.0 2.0 1.0 16.0 15.0 13.0 4.0 3.0 2.0 1.0 6.0 5.0 4.0 3.0 2.0 1.0 3.0 2.0 1.0 46.0 45.0 44.0 43.0 42.0 41.0 4.0 3.0 2.0 1.0 6.0 5.0 4.0 3.0 2.0 1.0 21.0 20.0 19.0 18.0 17.0 2.0 1.0 5.0 4.0 3.0 2.0 1.0 4.0 3.0 10.0 9.0 1.0 1.0 8.0 1.0 2.0 -9999 -9999 -9999 -9999 -9999
2.0 130.0 1.0 1.0 1.0 1.0 24.0 23.0 21.0 18.0 9.0 8.0 5.0 4.0 1.0 11.0 10.0 1.0 2.0 1.0 23.0 22.0 21.0 20.0 19.0 2.0 1.0 1.0 8.0 7.0 6.0 5.0 4.0 3.0 2.0 1.0 54.0 53.0 49.0 48.0 47.0 3.0 2.0 1.0 3.0 2.0 1.0 14.0 13.0 12.0 11.0 4.0 3.0 2.0 1.0 3.0 2.0 1.0 4.0 3.0 2.0 1.0 14.0 13.0 7.0 6.0 5.0 4.0 3.0 2.0 1.0 2.0 1.0 8.0 5.0 2.0 5.0 1.0 7.0 6.0 1.0 2.0 4.0
131.0 2.0 2.0 2.0 2.0 25.0 2.0 1.0 1.0 1.0 1.0 2.0 1.0 45.0 43.0 31.0 30.0 29.0 26.0 25.0 1.0 13.0 12.0 11.0 10.0 9.0 8.0 7.0 6.0 5.0 4.0 3.0 2.0 1.0 59.0 58.0 3.0 2.0 1.0 11.0 10.0 6.0 5.0 4.0 17.0 16.0 15.0 1.0 4.0 3.0 2.0 1.0 15.0 14.0 13.0 9.0 8.0 7.0 2.0 1.0 2.0 1.0 2.0 1.0 3.0 2.0 1.0 3.0 2.0 1.0 3.0 2.0 1.0 1.0 2.0 4.0 1.0 4.0 6.0 1.0 4.0 1.0 3.0
3.0 3.0 3.0 3.0 1.0 28.0 1.0 4.0 2.0 2.0 3.0 47.0 46.0 1.0 1.0 2.0 1.0 1.0 1.0 26.0 25.0 11.0 10.0 9.0 8.0 7.0 6.0 5.0 4.0 3.0 2.0 1.0 63.0 62.0 2.0 1.0 16.0 15.0 14.0 2.0 1.0 21.0 20.0 19.0 1.0 9.0 8.0 6.0 1.0 20.0 19.0 18.0 2.0 1.0 2.0 1.0 1.0 1.0 1.0 18.0 15.0 14.0 11.0 10.0 6.0 5.0 4.0 6.0 5.0 4.0 2.0 1.0 4.0 2.0 1.0 1.0 3.0 2.0 3.0 5.0 2.0 1.0 2.0
4.0 4.0 4.0 2.0 29.0 2.0 5.0 4.0 3.0 52.0 48.0 3.0 2.0 2.0 3.0 3.0 2.0 2.0 27.0 1.0 2.0 1.0 1.0 1.0 6.0 5.0 4.0 3.0 2.0 1.0 85.0 84.0 20.0 19.0 18.0 17.0 28.0 27.0 26.0 25.0 24.0 2.0 1.0 11.0 10.0 24.0 23.0 22.0 21.0 3.0 2.0 1.0 4.0 3.0 3.0 2.0 2.0 2.0 19.0 2.0 1.0 1.0 1.0 2.0 1.0 1.0 9.0 2.0 1.0 9.0 6.0 5.0 2.0 1.0 1.0 1.0 6.0 5.0 1.0 2.0 4.0 1.0 1.0
5.0 5.0 3.0 30.0 3.0 11.0 5.0 54.0 53.0 1.0 4.0 1.0 7.0 4.0 4.0 1.0 3.0 28.0 2.0 3.0 3.0 2.0 9.0 7.0 1.0 1.0 128.0 127.0 126.0 125.0 39.0 38.0 37.0 36.0 35.0 34.0 5.0 4.0 3.0 2.0 1.0 46.0 45.0 33.0 32.0 7.0 6.0 5.0 4.0 7.0 6.0 5.0 5.0 4.0 1.0 3.0 23.0 20.0 3.0 3.0 2.0 2.0 3.0 1.0 12.0 10.0 1.0 1.0 11.0 1.0 1.0 17.0 14.0 13.0 11.0 9.0 2.0 1.0 4.0 3.0 1.0 3.0 1.0
10.0 9.0 31.0 4.0 12.0 1.0 55.0 1.0 2.0 5.0 2.0 8.0 1.0 5.0 2.0 4.0 29.0 3.0 4.0 4.0 11.0 10.0 1.0 2.0 132.0 130.0 1.0 8.0 7.0 6.0 5.0 4.0 3.0 2.0 1.0 56.0 55.0 54.0 53.0 52.0 51.0 4.0 3.0 2.0 1.0 2.0 1.0 17.0 16.0 8.0 7.0 6.0 1.0 2.0 29.0 25.0 1.0 4.0 4.0 4.0 3.0 4.0 2.0 14.0 1.0 2.0 14.0 12.0 1.0 20.0 18.0 1.0 2.0 1.0 1.0 3.0 2.0 1.0 2.0 1.0 2.0 1.0 1.0
15522.0 108.0 107.0 71.0 58.0 56.0 2.0 3.0 6.0 3.0 9.0 2.0 6.0 3.0 1.0 34.0 4.0 5.0 5.0 12.0 3.0 2.0 3.0 133.0 1.0 1.0 10.0 1.0 64.0 63.0 62.0 61.0 60.0 59.0 58.0 1.0 3.0 2.0 1.0 1.0 27.0 26.0 25.0 24.0 23.0 20.0 19.0 1.0 1.0 1.0 3.0 2.0 3.0 30.0 1.0 11.0 10.0 5.0 5.0 6.0 5.0 3.0 15.0 1.0 18.0 15.0 1.0 23.0 21.0 3.0 2.0 3.0 7.0 6.0 4.0 64.0 63.0 62.0 59.0 58.0 47.0 43.0 42.0
7.0 15413.0 15403.0 2.0 1.0 1.0 31.0 25.0 18.0 14.0 4.0 1.0 10.0 1.0 36.0 5.0 6.0 6.0 13.0 4.0 1.0 138.0 134.0 4.0 2.0 77.0 66.0 65.0 2.0 1.0 10.0 9.0 8.0 7.0 6.0 5.0 1.0 32.0 31.0 29.0 1.0 4.0 3.0 2.0 1.0 1.0 47.0 46.0 44.0 42.0 38.0 37.0 33.0 2.0 12.0 2.0 1.0 6.0 7.0 5.0 4.0 16.0 2.0 19.0 3.0 2.0 24.0 5.0 4.0 5.0 4.0 8.0 67.0 66.0 65.0 9.0 8.0 7.0 6.0 4.0 10.0 3.0 2.0
