output/RioRessiOut/RioRessi_slope.asc
NCOLS 197
NROWS 299
XLLCORNER 676026.5927825759
YLLCORNER 5072481.374398034
CELLSIZE 0.9572864394182301
NODATA_VALUE -9999
[rows 138 to 160 of 299, columns 106 to 158 of 197]
0.4683333628955203 0.3427291321459131 0.22826066772622441 0.5557191661445666 0.4053128429533054 0.4993512059521354 0.6611128642183202 1.1951337232380965 0.9211127201885229 0.9454581202620289 0.9683608299608086 1.2424269170845925 0.8900497930576975 0.7866720108937171 0.9579078421473116 1.1552794016362828 1.934557624359528 1.270514295317545 1.0717836961989993 0.7689539697291099 0.8597197379868444 0.7114174455990218 0.790733031037737 0.710333550942705 1.273384945644709 0.7688638623838147 0.705105353188706 0.6320381016511116 0.5680142509742645 1.1877572677956783 0.5463466652928857 0.4763398221966564 0.38962824969130866 0.9631360399013106 0.3676953225281913 0.3740074149385071 0.3039368133330827 0.37713158188906737 0.2769965519474467 0.2585571655954764 0.2422818148055955 0.26427902061372516 1.0435355199963425 0.4157692384613032 0.4032088121498668 0.4356618933301771 0.8126659582008543 0.5087291448677715 0.5453265291457638 0.6012412136671793 0.9905421944722252 0.6485344075136753 0.6190043389059967
0.9307467172297937 0.816874019807379 0.6183937806830915 0.4018343534354806 0.1483022923878226 0.26638305141716373 0.39594034210162443 0.9307467172301954 0.5791049332299728 0.6648097583035563 0.7290545640530861 1.121958486306326 1.1988306173233327 0.776132332432057 0.7594276030229385 0.824206248365169 2.0892388293053186 1.2284989551713525 1.1574082174188065 0.796996263887852 1.1751968414842417 0.7114174455990218 0.8730981811546636 0.9129525027564772 1.273384945644709 1.1463978390168743 0.4815680199506553 0.6194776753396752 0.6090212798316774 1.2858816134469504 0.5860682165214383 0.5264540104240117 0.4795277476564118 0.9579078421473116 0.34053419761107506 0.3666751863810696 0.3091650110870816 0.47844385300009495 0.26148763041913914 0.25188472261236733 0.3008126463823926 0.38037433411142707 0.8806325290028401 0.40218867600274505 0.41366520765786463 0.41991354155898525 0.8921090606579596 0.48992038465521454 0.549470832243446 0.5202694350320862 0.9505756135898742 0.5606204628037923 0.5422023621952036
1.0863812381749867 1.0352469138005316 0.8921090606575746 0.5661755616523201 0.30431750091882576 0.2208668795557522 0.2423460934506078 0.7364745397126995 0.4408263325749809 0.5233298434734515 0.6006689151271182 0.6544855053094213 1.4979424150298815 0.8419948724306042 0.7928370618411755 0.6173736445362367 2.3211285272479287 1.1459954442728821 0.9579078421473116 0.8827010889614355 1.296338008954948 0.5709447157979273 0.653971028814229 0.8273304153157293 0.884776832100522 1.4530564245565252 0.6497629672073518 0.6194776753396752 0.6090212798316774 1.2858816134469504 0.5860682165214383 0.5828802910616828 0.5546990299974448 0.9318306118865123 0.349906698462756 0.3499704569719511 0.37815171803618913 0.33240487915177813 0.4993566440160906 0.3582380536742207 0.43582774538996866 0.4853300588727643 0.8243622969334413 0.49786343150319895 0.41143726124225244 0.39223144562870876 0.8889848937073993 0.47735995834377815 0.534870133637766 0.5578231969480052 0.5390144367354481 1.0080857888838621 0.49416653741796285
1.065532205668195 1.0164381535879827 1.0028575911294304 0.8952332276081336 0.7531792691214929 0.5515748630466465 0.386325431907173 0.5850109469515086 0.31656099815371425 0.3729235202821902 0.5076452502114547 0.676924092124468 1.477093382523081 0.8722801642982808 0.8383834440128124 0.8036687068709611 2.205215557531221 1.060240249405461 0.8775083620522797 0.7395987066632598 1.4353315590002849 0.6256316978148956 0.7667598315803761 0.8440351447248478 0.8628439049374047 1.4896538088345175 0.5881084888156818 0.5891923834719986 0.6413468439935974 1.4436839237048442 0.6090212798316774 0.5745279263571237 0.5546990299974448 0.9318306118865123 0.349906698462756 0.3499704569719511 0.37815171803618913 0.563051394702004 0.6466388002567914 0.48600631998591726 0.487539178509064 0.5066999100483974 0.7164761073484414 0.5185119374914688 0.4180646201511513 0.4564762513782386 0.7500551021712576 0.4683333628955203 0.5056049779172113 0.5609473638985655 0.5849843218651214 1.0153542589321045 0.4460545303289798
0.16921508340381824 0.14994963082311324 1.010469355273132 0.8085216551028233 0.7688001038742878 0.7270382803515096 0.6288501761910847 0.5332995138324134 0.2888085793905182 0.2737152799746012 0.41468534380498634 0.49623247706553025 1.4760094878667642 0.7698839985309364 0.7777904482743084 0.9997334241793029 2.1028193917638767 1.1264706782159675 1.0356262686824216 0.8730981811546636 1.340267621790378 1.2646082815960091 0.8147699890042929 0.8796123928557184 0.8722164057890857 1.548120361766432 0.6215817061431138 0.5975447481765579 0.639306571699354 1.411230842524534 0.7093134147955832 0.6424307386499143 0.49100427931153134 0.9338708841807557 0.5089090296846971 0.41883104941272464 0.42843395721949645 0.39813745935024447 0.6466388002567914 0.2798998553665268 0.237181654205804 0.331097938250199 0.5568030608008835 0.6570951957647893 0.31838373207240706 0.34719245549272254 0.3737469752025282 0.7563034360723783 0.5108331756712101 0.5337862389814493 0.5453265291457638 1.0968376336834533 0.4711116244426575
0.9359749149837904 0.9276225502792348 0.620497811486797 0.31758113430083595 0.21308093773005296 0.10341630191446616 0.0 0.0 0.6915247907301479 0.3553075888505579 0.26148763041913914 0.4982727493597737 1.235767425219595 0.719769810303581 0.8492633424788466 0.994505226425304 1.7914865913641616 1.0414952477020991 1.0717836961989993 0.9425276554383661 0.9513641339835646 1.6181272048626614 0.861823768790283 0.8148337475134879 0.8178941559548532 1.6808018194014531 0.8482432063317249 0.6800482590750284 0.5745279263571237 1.430103361246286 0.6894207599267094 0.6288501761913562 0.5849843218651214 0.4579640258271751 0.9035855923130791 0.4878163538517759 0.5059785648610343 0.525905725661941 0.6522313015989114 0.37077142630465526 0.3841163122708734 0.4254584083216235 0.667487832763592 0.4646364688102842 0.22978566713917142 0.31758113430083595 0.37183962562587336 0.7563034360723783 0.6570951957647893 0.549470832243446 0.5442426344894471 1.0341630191446616 0.42934980091986136
0.9401829765906657 0.8733003004450257 1.0503687609491559 0.8900050298541369 0.9056896231161269 0.8451190393807998 0.7448269044169373 0.6602193627150647 0.48898186888379025 0.11387269742246396 0.14103382233958023 0.4982727493597737 1.235767425219595 0.6006689151271182 0.8117095805629276 0.804313593496295 1.7487046316942436 1.2461238111698287 0.9202903217221976 0.7552832999252566 0.9109178208705166 2.0025272567999712 0.7823806663331777 0.7803403940389342 0.7939209564974924 1.6954025180071328 0.9433071435416318 0.7824444248423728 0.6549911649613507 1.2451399260712759 0.9676394847734455 0.7218100825978245 0.5411184675388867 0.5003767801632123 0.9234144886727579 0.5296419358837672 0.40774036715701634 0.42520549782217926 0.5985648843236796 0.3619349477594568 0.42104016904902425 0.45133666691827623 0.6596250897693836 0.389300980805046 0.38776812228189933 0.3752347496514647 0.3700500811172921 0.7657396954332544 0.49616871855633515 0.549470832243446 0.5442426344894471 1.0341630191446616 0.42934980091986136
1.154284050467748 1.0351831552913366 1.0887803921762433 1.2232707574168258 0.8712600281507831 0.8733003004450257 0.8513673732819178 0.8973372584115713 0.6790281229276136 0.45230286422990523 0.27406608712378394 0.40846171234437945 1.0237703821458588 0.7332866142529441 0.8117095805629276 0.804313593496295 0.8701761334948422 1.7622851941528017 0.9202903217221976 0.729142311155262 1.027914685243541 2.031792412520526 0.6549911649613507 0.7876088640871766 0.8148337475134879 1.6630131953360177 0.9140419878210769 0.8179579144640483 0.7082295201392663 0.6215817061431138 1.4039623724762915 0.7688001038746195 0.6602193627153496 0.4668455884465838 0.8764244673959629 0.5170815095723308 0.4805478838035335 0.3796980729982741 0.6298703123384779 0.31905999318556 0.3900223259924091 0.369328735929929 0.34421690659484955 0.6518032395015952 0.3597258281231571 0.3952069945265817 0.457242680639812 0.6906429328259988 0.4601731454634747 0.5316822081780106 0.5358902697848879 0.9882568925241834 0.4408263325749809
0.9704682684583292 0.9819448001134439 1.036267049947653 1.281559893499043 1.2660527170867253 1.3600965181494697 1.383049581459699 1.1407034880091957 0.9725085407525719 0.8148337475131363 0.5035009471135553 0.3604471733105203 0.8795486343465232 0.7925780246152528 0.8064813828089288 0.6873167291232708 0.8085854136123674 1.8238759140352767 0.8284143099720461 0.970404509949553 1.027914685243541 2.031792412520526 0.6549911649613507 0.7876088640871766 0.8148337475134879 1.6264795695672205 1.2387300229993565 0.8398908416271657 0.7959612287917358 0.7542631637781347 1.5042545074401974 0.7134577178932653 0.6476589364039133 0.4491275472819766 0.8983573945590803 0.46238226509977437 0.39485644744530757 0.39906450905218477 0.6884006237795876 0.3464260262311492 0.3235684006065796 0.3332019690536376 0.2799721008453197 0.615269613732798 0.29979251023540066 0.392752416641869 0.37077142630465526 0.634078373945355 0.44615199838410363 0.5108331756712101 0.553615135341128 0.9015453200188357 0.549529780548084
1.0832570712244276 1.103149726093293 1.2138344980559537 1.3757811114114598 1.4301033612456688 1.36424082124715 1.3496401226414765 1.3684488828540253 0.8796123928553388 0.7792782227232449 0.6967529884838461 0.3927524166416995 0.30431750091882576 1.1303108510108852 0.6737361666647126 0.8848405906097172 0.7782363632354956 1.804047017675598 0.8942130914613982 1.1803612807290456 1.017458289735543 1.889738454033824 0.6455549056004746 0.6570951957647893 0.7427228736138202 0.824206248365169 1.751828798644804 0.8398908416271657 0.7959612287917358 0.7542631637781347 1.9063794249337473 0.722382121069977 0.5776171587810364 0.44184646872210265 0.8106256859066108 0.42412160316586245 0.44191022723129775 0.4408263325749809 0.356028934037921 0.6215817061431138 0.2865994597542186 0.3395140614639533 0.3065717046293356 0.5786722294548057 0.35832282167651036 0.3619349477594568 0.31656099815371425 0.6528871341579121 0.5107694171620151 0.4631486943613477 0.47009148829553576 0.5139573426217705 0.8053974881526119
1.4864658833741204 1.5522646648634442 1.4980061735384302 1.3882777792136956 1.3789052783620188 1.2661164755959202 1.064512069521074 1.1951337232380965 0.8354078951149394 0.7666997660186001 0.6278859015254054 0.3990645090520125 0.3321818329063725 0.9767166023598687 0.676924092124468 0.7584074668758168 0.6382864355522322 2.0192319862090895 1.0101260611781055 1.0822369350777734 1.0195623205389817 1.6442044351234606 1.1035679685171877 0.6977731246312686 0.8252263845122907 0.8889848937073993 1.6181272048626614 0.9014815615096405 0.9579716006565068 0.946367551982997 1.5366438301113126 0.6194776753396752 0.5087291448677715 0.44184646872210265 0.8106256859066108 0.5214874863893418 0.5505547268997628 0.4867962177046542 0.3597258281231571 0.6006689151271182 0.31982642244713333 0.31022351464036146 0.2977522379411572 0.5912326557662421 0.3342858637099544 0.28939987323659794 0.34257446990531853 0.7918806842032489 0.5303690490087506 0.4585511981312211 0.43247396787042164 0.41889340541186354 0.8565955710362841
0.1883612620502006 1.7121710059247075 1.5982983085022928 1.5083988105372284 1.3172507999703753 1.2702607786936004 1.135307156761166 1.3096472717319954 1.370552913657463 0.8413139088364752 0.799971812785725 0.6111253106348522 0.43878606028054806 0.7445634855813936 0.6361824047487936 0.7124375817461436 0.667487832763592 1.7727415896607996 1.1971297686473592 1.1146262577488886 0.9412031127381932 0.8106256859066108 1.5638049550284288 0.7374946758598212 0.8513673732822852 0.9088137900670781 1.6107949763052238 0.8680721026914037 0.9547836751967513 0.9767166023598687 1.6452883297797776 0.620497811486797 0.47321565524609605 0.43247396787042164 0.3572389270201935 0.867051966544282 0.4209974362153021 0.4867962177046542 0.35411476006963316 0.6006689151271182 0.3133730726939588 0.260070959006848 0.38337991579018804 0.6716958943704692 0.3028748105440995 0.3060408441365213 0.3614469886270707 0.3802557488396277 0.7500551021712576 0.5003767801632123 0.4804841252943384 0.4231014670187407 0.8440351447248478
1.8678055268699005 1.0223264667904137 0.2319534564518051 0.6925449268772697 0.4032088121498668 0.3989038886118178 1.2040152858575053 1.040765853142384 1.5105419064126306 0.9329247476315943 0.8457321481090744 0.7270382803515096 0.6956690938275297 0.5096754589462704 0.5369104059320096 0.7134577178932653 0.7448269044172587 1.63795610122234 1.2823263227606165 1.145931685763687 1.1741767053371202 0.9735454984949812 1.3319152570858188 0.8649479357408433 0.9286426864267568 0.9119379570176384 1.7121710059254465 0.8816526651499618 0.861823768790283 0.8367029161674102 1.6975065488105714 1.4056763497997138 0.64041927415584 0.49046964333272675 0.3676953225281913 0.9015453200188357 0.44293036337841946 0.40476481825914334 0.35934295782363207 0.6268099038971127 0.2924602816779632 0.26427902061372516 0.2830877808262822 0.6716958943704692 0.3929978748902821 0.3060408441365213 0.3614469886270707 0.5077090087206498 0.7489712075149407 0.41889340541186354 0.4763398221966564 0.5223097073263296 0.9161460186245155
1.4144187679836788 1.4676571231615716 1.4603248946041372 1.481011837804952 1.2639486862832876 1.1197906969932092 0.7124375817461436 0.5129372064746487 1.3642408212477388 0.6435146333062312 0.4690075936392189 0.16473720716405768 0.591296414275182 0.349906698462605 0.5332995138324134 0.5316822081780106 0.6194776753396752 0.8032934573491733 1.5251672984561928 1.0414952477020991 1.0916094359294544 0.9924011956218655 1.6442044351234606 0.7172425366100147 0.8607398741339661 0.9192701855750759 1.8594531621661474 0.9078129182965149 0.9292278535463582 0.8827010889614355 0.81897805061117 1.6588688922383357 0.8117838402287966 0.7637693011949374 0.5576449139059194 0.9579716006565068 0.4575310619840993 0.3917322804947473 0.41258131300154777 0.672779789026786 0.25905082285972625 0.2371178956966089 0.31133280039971534 0.34780266765931744 0.6341421324545502 0.36348726092131417 0.35832282167651036 0.3750275510856288 0.7489712075149407 0.41889340541186354 0.4763398221966564 0.5223097073263296 0.9161460186245155
1.0091059250305483 1.0571798409636395 1.087465132831303 1.4086518986975867 1.767513391906038 1.2409391426356562 1.2837690131353428 1.1796698857839991 1.6663975509572797 1.105055742966124 0.9344125220805307 0.7165818848435164 0.2533724970613038 0.0 0.4042927068061837 0.5316822081780106 0.6194776753396752 0.8032934573491733 1.373677080608615 0.9621159037541889 1.0205824566861035 1.0300187160469796 1.5951103830432272 0.6622596350095931 0.9778004970161855 1.0070018942275454 1.5502243925698707 0.7704417441780465 0.8553801399900565 0.9639425906882094 1.0850834980910071 1.3576618107658547 0.7467726052176933 0.7770691030869453 0.8184111991376954 0.9307467172301954 0.5014606748195292 0.4878163538517759 0.4084370099038657 0.6831724260255887 0.2778595830722833 0.2622387483194817 0.29877237408827895 0.29877237408827895 0.710333550942705 0.39587658359242933 0.36565505023394784 0.38331615728099294 0.8127297167100493 0.4092281416059528 0.4512827280829787 0.48992038465521454 0.8168740198077314
1.5439123001588886 1.2242908935639472 1.1522437781735055 1.1814451753848525 1.7461963623093273 1.5076114415889679 1.5304690672135375 1.4462971006631007 1.6870911410197598 1.2091548703174677 1.1648823094430547 0.9799045278192012 0.7667598315800451 0.42201757236224174 0.3545411595889846 0.3697993533316299 0.582944049570878 0.7970451234480527 1.4812376856207632 0.9621159037541889 1.0205824566861035 1.0300187160469796 1.5951103830432272 0.6622596350095931 0.9140419878210769 0.8388707054800439 1.4373718312945283 0.976475963318644 0.7709678931872532 0.8367029161674102 0.890005029854521 1.4990900681953936 0.6485794915878855 0.6236219784373572 0.800169290398613 1.1950257378439206 0.611125310635116 0.634078373945355 0.3969604782487462 0.5766319571605623 0.24300315999295863 0.3207053012513963 0.29456431248140175 0.2862119477768425 0.8231861122180472 0.38127588498674947 0.3614469886270707 0.40110478134642824 0.9161460186245155 0.4853300588727643 0.5140936982188696 0.5022816707757982 0.44984889246933973
1.4632937966403448 1.4948182480786762 1.4864658833741204 1.281737310348715 1.4492275654867635 1.3044626031978228 1.3155532854535312 1.4256035106006206 1.656839727224718 1.077689709920535 1.0695745765626996 0.9882879907617155 0.9942390885574613 0.8848405906093354 0.4377021656242317 0.40111300824811746 0.40774036715701634 0.6790281229279066 1.3945898716246106 0.9296628225738786 1.126102789404008 1.0812167989306518 1.6034627477477863 0.7845484556458113 0.8701123749856471 0.8388707054800439 0.7667598315803761 1.3809455506568573 0.7709678931872532 0.55548087834383 0.8398908416271657 1.5627210603721118 0.6936288215335865 0.710333550942705 0.8586996018397227 1.3663448520511774 0.6090212798316774 0.5870883526685601 0.47844385300009495 0.336389894513393 0.44286660486922436 0.2925240401871583 0.24547026040116812 0.2862119477768425 0.9151258824773938 0.43139007321410483 0.35679536329949435 0.3572389270201935 0.9485353412956307 0.5557191661445666 0.5007938963268617 0.4734729473554827 0.4453855691225303
1.284535442396916 1.4343114228525442 1.2409956229730583 1.0560959463073232 1.26019004232341 1.0762019354715984 1.1397704801079753 1.2844903583227059 1.7890262328090138 1.111683101875023 1.0658776824774634 0.9632212455008462 0.9535732536198642 0.8686799418820644 0.7855685917925941 0.5661755616523201 0.4749607218044192 0.5133723530315065 1.3047541321687024 0.776132332432057 1.151159883517686 1.1648042044854392 1.9053592887866255 1.3399437696012475 0.7792564993826173 0.676924092124468 0.6037930820776785 1.4217509965417268 0.7416389789575033 0.7855685917929331 0.8398908416271657 1.5627210603721118 0.6936288215335865 0.710333550942705 0.8586996018397227 1.4363516951474067 0.9226004946374593 0.5390144367354481 0.5703836232594416 0.29979251023540066 0.4157692384613032 0.3102489057433985 0.25280248895860563 0.3572389270201935 0.8451190393811645 0.46065522893465966 0.37815171803618913 0.42412160316586245 0.9589279782944334 0.5787359879640008 0.4993061218779252 0.4727516021681195 0.48014539033859177
1.027914685243541 1.0651563372901003 1.2077121799427413 1.2389553506788158 1.5700532889295493 1.0459054376023464 1.084362152903644 1.0821530332673444 1.6819064724855872 1.6457490449690098 1.1988306173233327 1.0791774843694715 1.0112357845347055 1.0393912168986605 0.36877921718434903 0.38337991579002256 0.38860811354401925 0.42324928868532385 1.2013378302542363 0.7176020209909474 0.8565955710362841 1.065532205668655 1.121894727797131 1.983782255096609 0.7239141134012631 0.648679072551035 0.5996487789799965 1.2462238207275929 0.7834645609894946 0.7970451234480527 0.7719242708251799 1.6400601320257786 0.7740920601378135 0.7552195414160614 0.790796789546932 0.7918169256940537 1.3047541321687024 0.5390144367354481 0.5703836232594416 0.29979251023540066 0.4157692384613032 0.41889340541186354 0.2851918116297208 0.35934295782363207 0.8356827800202885 0.48571232304833734 0.5317459666872058 0.539205527553949 0.539205527553949 1.107294029191451 0.5192783667530422 0.45873045508874843 0.4564762513782386
0.7268454444167864 0.3750275510856288 0.4690075936392189 0.5724876540628802 1.1101953274260865 1.094686405897779 1.057762549119628 1.0695745765626996 1.094686405897779 1.477314943719716 1.0511351902107293 1.0023542219152968 0.9905421944722252 1.4374155380436922 1.0926295720761046 0.6528871341576303 0.15657698973201212 0.1646921230898475 1.0770087373237744 0.8494741262685207 0.7740283016286185 0.8325586130697281 1.0028575911298632 2.3932394011475964 0.7698839985309364 0.7008972915818289 0.6445347694533529 1.0864449966846506 0.6936288215335865 0.7698839985309364 0.8011894265457348 1.6672212569428948 1.0887803921762433 0.8409109777742874 0.8607398741339661 0.781424288695251 1.4530564245565252 0.5909169606730443 0.5576899979801295 0.32573243616866904 0.43036993706698307 0.2962023675609904 0.2851918116297208 0.35934295782363207 0.8356827800202885 0.5340208590197765 0.6957328523370251 0.540098331391765 0.5222539156509152 1.0195623205389817 0.44691842764567696 0.42473706313426035 0.4261797535089866
1.0644483110118788 1.0435992785050874 1.0296751708866758 1.0902681666251797 1.2468451563571918 1.798818819921599 0.7719880293343749 0.7667598315803761 0.7886927587434934 1.306794404462946 0.4616609199124112 0.9713363788586816 0.8627288440863184 1.1988757013975428 0.7541663933881655 0.7084060580648162 0.5265177689329796 0.41685313311744016 0.5111632333952069 1.1699686437302428 0.9161460186245155 0.9746125715564301 0.890005029854521 1.955537235523176 0.9725722992621867 0.8743204365925243 0.72499800805758 1.1532639143211245 0.6653838019601533 0.7281221750081402 0.7813605301860559 0.8127297167100493 1.548120361766432 0.81897805061117 0.8576157071834059 0.8472230701846031 1.6734695908440156 0.5916383058604074 0.501560325588435 0.29322681866311745 0.38853455154347266 0.26297540486807564 0.2851116853052821 0.39383631129818586 0.41366520765786463 0.884776832100522 0.5661755616525644 0.540098331391765 0.4846921869012156 1.0195623205389817 0.4053128429533054 0.37081948947875165 0.553615135341128
0.9521305632451379 1.1104181961415323 1.0991497292445884 1.0511351902107293 1.0717836961989993 1.7919566976326766 1.1360735860227393 1.1234951293180946 1.1545129723747096 1.5127510260489303 0.8283505514624935 0.5610111224077606 0.4647995320323417 1.1438914134694436 0.49616871855633515 0.4753196860495346 0.0 0.3875242188878701 0.2777178971348099 1.3674287467074941 0.8085216551031722 1.0978577698305751 0.8827365598062786 1.6515366636808981 0.9244983833290747 0.9536997805404345 0.7970451234480527 1.23583118372879 0.8930253419555705 0.705105353188706 0.6905046545830262 0.7166456433530207 1.4781135186702028 0.8388069469708488 0.9349547788370726 0.9673441015081877 1.6797179247451361 0.5756118210134404 0.38114076337300046 0.23820179035292574 0.46696732134497543 0.33979866732225034 0.2998992616462265 0.47213176058977924 0.48898186888379025 0.8011894265457348 0.40476481825914334 0.5369741644412047 0.5995850204708013 0.9997334241793029 0.4387223017715423 0.4105410407073043 0.39146501636713543
0.785504833283399 1.0798988295568346 1.1870185898802612 1.2461238111698287 1.2143846229258504 1.7816324446385416 1.1161013411476222 1.0681318861879734 1.0651563372901003 1.4034672301634141 0.9033495949497055 0.8405925636491121 0.7807209130979712 1.196621497687033 1.0665523418157767 0.6330254859853678 0.5620312585546398 0.2740210030495738 0.0177886240654353 1.3674287467074941 0.8085216551031722 1.0978577698305751 0.9182500494279541 1.6128990071086624 0.9672803429989927 0.9537635390496296 0.8158538836606097 0.639306571699354 1.3642408212477388 0.658115331911911 0.605897112881117 0.6884006237795876 1.5335196631607522 0.8680721026914037 1.0780288734708963 1.0540556740135354 1.5627210603721118 0.5160613734252091 0.37713158188906737 0.3112690418905202 0.34570468104378604 0.47844385300009495 0.32054776763449644 0.47126382771918307 0.43361862575366905 0.7751121962849353 0.4000846451993065 0.6110615521259208 0.6341421324545502 0.9505756135898742 0.41215860642961555 0.41678937460842497 0.4283296647727396
