output/RioRessiOut/RioRessiPit.asc
NCOLS 197
NROWS 299
XLLCORNER 676026.5927825759
YLLCORNER 5072481.374398034
CELLSIZE 0.9572864394182301
NODATA_VALUE -9999
[rows 72 to 95 of 299, columns 0 to 53 of 197]
-9999 -9999 -9999 -9999 -9999 -9999 -9999 -9999 -9999 -9999 -9999 -9999 -9999 -9999 -9999 -9999 -9999 -9999 -9999 611.791015625 611.6480102539062 611.2160034179688 610.6680297851562 610.1640014648438 609.552978515625 608.302978515625 608.1339721679688 608.4520263671875 608.7650146484375 609.3699951171875 609.60302734375 609.6920166015625 609.5369873046875 609.7949829101562 610.2750244140625 610.8519897460938 611.4710083007812 612.4459838867188 614.2559814453125 614.9760131835938 615.7039794921875 616.5 617.85498046875 618.427001953125 618.9810180664062 619.551025390625 620.5609741210938 621.0040283203125 621.4539794921875 621.9819946289062 622.406982421875 623.2670288085938 623.7730102539062 624.3569946289062
-9999 -9999 -9999 -9999 -9999 -9999 -9999 -9999 -9999 -9999 -9999 -9999 -9999 -9999 -9999 -9999 -9999 -9999 -9999 611.8489990234375 611.905029296875 611.3469848632812 610.9810180664062 610.469970703125 609.9240112304688 608.5880126953125 608.5650024414062 608.8400268554688 609.1279907226562 609.4760131835938 609.6090087890625 609.8049926757812 609.7979736328125 609.916015625 610.6950073242188 611.1680297851562 611.7550048828125 612.4459838867188 614.2559814453125 614.9760131835938 615.7039794921875 616.5 617.85498046875 618.2369995117188 618.7919921875 619.2990112304688 619.8809814453125 620.7899780273438 621.2559814453125 621.7550048828125 622.2130126953125 623.1179809570312 623.6400146484375 624.1630249023438
-9999 -9999 -9999 -9999 -9999 -9999 -9999 -9999 -9999 -9999 -9999 -9999 -9999 -9999 -9999 -9999 -9999 -9999 -9999 -9999 611.958984375 611.5159912109375 611.14501953125 610.7030029296875 610.35302734375 609.1690063476562 608.8309936523438 608.9290161132812 609.0780029296875 609.3660278320312 609.5170288085938 609.7550048828125 610.0089721679688 610.2050170898438 610.968994140625 611.5230102539062 612.0120239257812 612.541015625 614.2349853515625 615.0250244140625 615.6640014648438 616.260009765625 617.6209716796875 618.2369995117188 618.7919921875 619.2990112304688 619.8809814453125 620.7899780273438 621.0009765625 621.5269775390625 622.0390014648438 622.9920043945312 623.489990234375 623.9840087890625
-9999 -9999 -9999 -9999 -9999 -9999 -9999 -9999 -9999 -9999 -9999 -9999 -9999 -9999 -9999 -9999 -9999 -9999 -9999 -9999 611.9639892578125 611.7119750976562 611.3270263671875 610.9010009765625 610.5570068359375 609.3480224609375 608.927978515625 608.8670043945312 608.9199829101562 609.0809936523438 609.5130004882812 609.844970703125 610.14599609375 610.4249877929688 610.926025390625 611.2839965820312 611.7639770507812 612.3389892578125 614.0159912109375 614.822021484375 615.4569702148438 616.0170288085938 616.6409912109375 617.9569702148438 618.5369873046875 619.0570068359375 619.594970703125 620.5070190429688 621.0009765625 621.5269775390625 622.0390014648438 622.9920043945312 623.489990234375 623.9840087890625
-9999 -9999 -9999 -9999 -9999 -9999 -9999 -9999 -9999 -9999 -9999 -9999 -9999 -9999 -9999 -9999 -9999 -9999 -9999 -9999 611.8930053710938 611.9630126953125 611.6849975585938 611.2540283203125 610.906982421875 610.0170288085938 609.6170043945312 609.4089965820312 609.1909790039062 609.1580200195312 609.5579833984375 609.9940185546875 610.3519897460938 610.6920166015625 611.1939697265625 611.2919921875 611.6719970703125 612.1900024414062 613.6190185546875 614.39697265625 615.1229858398438 615.77099609375 616.333984375 617.5830078125 618.1300048828125 618.64599609375 619.197998046875 620.2260131835938 620.7410278320312 621.2940063476562 621.8150024414062 622.7020263671875 623.1489868164062 623.6820068359375
-9999 -9999 -9999 -9999 -9999 -9999 -9999 -9999 -9999 -9999 -9999 -9999 -9999 -9999 -9999 -9999 -9999 -9999 -9999 -9999 -9999 611.9630126953125 611.6849975585938 611.2540283203125 611.3560180664062 611.0070190429688 610.427001953125 610.2269897460938 609.8740234375 609.5009765625 609.4910278320312 610.1190185546875 610.5980224609375 610.9580078125 611.3460083007812 611.4609985351562 611.7150268554688 612.0430297851562 612.5189819335938 614.093994140625 614.8209838867188 615.47998046875 616.0430297851562 617.2030029296875 617.7659912109375 618.3499755859375 618.9190063476562 619.9359741210938 620.4580078125 621.010986328125 621.4210205078125 621.85302734375 622.7969970703125 623.3729858398438
-9999 -9999 -9999 -9999 -9999 -9999 -9999 -9999 -9999 -9999 -9999 -9999 -9999 -9999 -9999 -9999 -9999 -9999 -9999 -9999 -9999 612.1240234375 611.9719848632812 611.6810302734375 611.3560180664062 611.0070190429688 610.427001953125 610.2269897460938 609.8740234375 609.5009765625 609.6190185546875 610.073974609375 610.5360107421875 610.9229736328125 611.43701171875 611.6079711914062 611.823974609375 612.0230102539062 612.3419799804688 613.8419799804688 614.541015625 615.1680297851562 615.7459716796875 616.8419799804688 617.39501953125 617.97998046875 618.5889892578125 619.614990234375 620.1389770507812 620.6220092773438 621.1420288085938 621.593017578125 622.4970092773438 622.9439697265625
-9999 -9999 -9999 -9999 -9999 -9999 -9999 -9999 -9999 -9999 -9999 -9999 -9999 -9999 -9999 -9999 -9999 -9999 -9999 -9999 -9999 -9999 612.2150268554688 612.0800170898438 611.7830200195312 611.3729858398438 610.7860107421875 610.5079956054688 610.2039794921875 609.7880249023438 609.6190185546875 610.073974609375 610.5360107421875 610.9229736328125 611.2210083007812 611.6079711914062 611.9650268554688 612.1929931640625 612.427978515625 613.5570068359375 614.2239990234375 614.8309936523438 615.4229736328125 616.427978515625 616.9349975585938 617.5280151367188 618.1740112304688 618.5830078125 619.8829956054688 620.343994140625 620.7059936523438 621.1300048828125 622.1119995117188 622.7160034179688
-9999 -9999 -9999 -9999 -9999 -9999 -9999 -9999 -9999 -9999 -9999 -9999 -9999 -9999 -9999 -9999 -9999 -9999 -9999 -9999 -9999 -9999 612.5070190429688 612.4340209960938 612.2589721679688 611.8699951171875 611.0770263671875 610.7899780273438 610.4940185546875 610.2009887695312 609.8380126953125 609.885009765625 610.3489990234375 610.8070068359375 611.2160034179688 611.7050170898438 611.9650268554688 612.1929931640625 612.427978515625 613.5570068359375 614.2239990234375 614.5079956054688 615.0789794921875 616.0789794921875 616.5540161132812 617.06298828125 617.614013671875 618.06201171875 619.47802734375 620.010986328125 620.3289794921875 620.6920166015625 621.739990234375 622.2839965820312
-9999 -9999 -9999 -9999 -9999 -9999 -9999 -9999 -9999 -9999 -9999 -9999 -9999 -9999 -9999 -9999 -9999 -9999 -9999 -9999 -9999 -9999 612.7969970703125 612.8040161132812 612.7839965820312 612.3930053710938 611.5239868164062 611.2100219726562 611.0020141601562 610.7930297851562 610.4140014648438 609.958984375 610.1890258789062 610.6810302734375 611.1619873046875 611.7860107421875 612.0770263671875 612.3200073242188 612.5469970703125 613.405029296875 613.9500122070312 614.5079956054688 615.0789794921875 615.6129760742188 616.5540161132812 617.06298828125 617.614013671875 617.4429931640625 618.8690185546875 619.5079956054688 619.802978515625 620.114990234375 621.218994140625 621.8599853515625
-9999 -9999 -9999 -9999 -9999 -9999 -9999 -9999 -9999 -9999 -9999 -9999 -9999 -9999 -9999 -9999 -9999 -9999 -9999 -9999 -9999 -9999 -9999 613.1190185546875 613.1160278320312 612.9500122070312 612.2849731445312 611.9669799804688 611.6890258789062 611.4140014648438 611.0479736328125 610.3809814453125 610.2509765625 610.6300048828125 611.0419921875 611.7360229492188 612.0560302734375 612.31298828125 612.5369873046875 613.1900024414062 613.718017578125 614.2860107421875 614.8510131835938 615.35302734375 616.1519775390625 616.614990234375 617.0419921875 617.4429931640625 618.8690185546875 619.5079956054688 619.802978515625 620.114990234375 621.218994140625 621.3350219726562
-9999 -9999 -9999 -9999 -9999 -9999 -9999 -9999 -9999 -9999 -9999 -9999 -9999 -9999 -9999 -9999 -9999 -9999 -9999 -9999 -9999 -9999 -9999 613.4229736328125 613.3820190429688 613.3480224609375 613.18701171875 612.9320068359375 612.635986328125 612.27001953125 611.8359985351562 610.9920043945312 610.885009765625 610.9149780273438 611.02001953125 611.5780029296875 611.8820190429688 612.1890258789062 612.4199829101562 612.8569946289062 613.3679809570312 613.93701171875 614.4840087890625 614.9390258789062 615.677978515625 616.1500244140625 616.6270141601562 617.0709838867188 618.47900390625 619.0159912109375 619.2960205078125 619.5980224609375 620.7329711914062 621.3350219726562
-9999 -9999 -9999 -9999 -9999 -9999 -9999 -9999 -9999 -9999 -9999 -9999 -9999 -9999 -9999 -9999 -9999 -9999 -9999 -9999 -9999 -9999 -9999 613.7080078125 613.6810302734375 613.6630249023438 613.739013671875 613.6829833984375 613.3839721679688 613.0330200195312 612.635009765625 611.8790283203125 611.531982421875 611.3209838867188 611.3480224609375 611.5059814453125 611.6959838867188 612.0 612.3280029296875 612.6090087890625 612.968017578125 613.2990112304688 613.7490234375 614.2739868164062 615.1840209960938 615.7160034179688 616.3140258789062 616.8670043945312 617.9639892578125 618.4229736328125 618.8209838867188 619.2059936523438 619.72900390625 620.8880004882812
-9999 -9999 -9999 -9999 -9999 -9999 -9999 -9999 -9999 -9999 -9999 -9999 -9999 -9999 -9999 -9999 -9999 -9999 -9999 -9999 -9999 -9999 -9999 -9999 613.6810302734375 613.6630249023438 613.739013671875 613.6829833984375 613.3839721679688 613.625 613.4190063476562 612.833984375 612.60302734375 612.4420166015625 612.2839965820312 611.6740112304688 611.6530151367188 611.8930053710938 612.2020263671875 612.4920043945312 612.8369750976562 613.1069946289062 613.4030151367188 613.64697265625 614.6389770507812 615.2050170898438 615.822998046875 616.4219970703125 617.5269775390625 618.052978515625 618.5339965820312 618.9210205078125 619.3389892578125 620.2680053710938
-9999 -9999 -9999 -9999 -9999 -9999 -9999 -9999 -9999 -9999 -9999 -9999 -9999 -9999 -9999 -9999 -9999 -9999 -9999 -9999 -9999 -9999 -9999 -9999 614.0059814453125 614.0159912109375 614.051025390625 613.9630126953125 613.8499755859375 613.625 613.4190063476562 612.833984375 612.60302734375 612.4420166015625 612.2839965820312 613.0789794921875 612.1019897460938 611.9819946289062 612.1160278320312 612.3679809570312 612.7949829101562 612.968994140625 613.1539916992188 613.4030151367188 614.0889892578125 614.5969848632812 615.2529907226562 615.8709716796875 616.4760131835938 617.573974609375 618.0650024414062 618.47900390625 618.8209838867188 619.656982421875
-9999 -9999 -9999 -9999 -9999 -9999 -9999 -9999 -9999 -9999 -9999 -9999 -9999 -9999 -9999 -9999 -9999 -9999 -9999 -9999 -9999 -9999 -9999 -9999 614.2570190429688 614.3040161132812 614.3560180664062 614.3930053710938 614.322998046875 614.2210083007812 614.094970703125 613.7830200195312 613.7520141601562 613.6129760742188 613.4099731445312 613.0789794921875 612.1019897460938 611.9819946289062 612.1160278320312 612.3679809570312 612.8159790039062 612.9660034179688 613.1290283203125 613.3179931640625 613.8289794921875 614.1959838867188 614.7050170898438 615.3090209960938 615.97998046875 617.0869750976562 617.5250244140625 617.947998046875 618.3729858398438 619.2059936523438
-9999 -9999 -9999 -9999 -9999 -9999 -9999 -9999 -9999 -9999 -9999 -9999 -9999 -9999 -9999 -9999 -9999 -9999 -9999 -9999 -9999 -9999 -9999 -9999 -9999 614.5029907226562 614.573974609375 614.9420166015625 615.0189819335938 615.1179809570312 614.9609985351562 614.8729858398438 614.7269897460938 614.572021484375 614.3159790039062 613.989013671875 613.2360229492188 612.5789794921875 612.3709716796875 612.5040283203125 612.8159790039062 612.9660034179688 613.1290283203125 613.3179931640625 613.594970703125 614.1959838867188 614.3480224609375 614.843994140625 615.3419799804688 616.5759887695312 617.0440063476562 617.4840087890625 617.81298828125 618.698974609375
-9999 -9999 -9999 -9999 -9999 -9999 -9999 -9999 -9999 -9999 -9999 -9999 -9999 -9999 -9999 -9999 -9999 -9999 -9999 -9999 -9999 -9999 -9999 -9999 -9999 614.656005859375 614.7050170898438 615.14599609375 615.385986328125 615.6939697265625 615.823974609375 615.8410034179688 615.5399780273438 615.4550170898438 615.22802734375 614.9180297851562 614.2369995117188 613.4130249023438 612.9990234375 612.8930053710938 612.9650268554688 612.9739990234375 612.9840087890625 613.0549926757812 613.2490234375 613.89501953125 614.3480224609375 614.843994140625 615.3419799804688 616.5759887695312 617.0440063476562 617.4840087890625 617.0479736328125 617.77001953125
-9999 -9999 -9999 -9999 -9999 -9999 -9999 -9999 -9999 -9999 -9999 -9999 -9999 -9999 -9999 -9999 -9999 -9999 -9999 -9999 -9999 -9999 -9999 -9999 -9999 614.8419799804688 614.93701171875 615.10498046875 615.4819946289062 615.791015625 616.1589965820312 616.3980102539062 616.3140258789062 616.2650146484375 616.010009765625 615.6820068359375 615.0180053710938 614.47900390625 614.030029296875 613.7529907226562 613.6690063476562 613.6160278320312 613.3679809570312 613.1099853515625 613.1339721679688 613.5579833984375 614.0089721679688 614.4420166015625 614.823974609375 615.85302734375 616.3380126953125 616.7689819335938 617.0479736328125 617.3670043945312
-9999 -9999 -9999 -9999 -9999 -9999 -9999 -9999 -9999 -9999 -9999 -9999 -9999 -9999 -9999 -9999 -9999 -9999 -9999 -9999 -9999 -9999 -9999 -9999 -9999 -9999 615.1790161132812 615.3309936523438 615.677978515625 615.9439697265625 616.2739868164062 616.6480102539062 616.9650268554688 616.9849853515625 616.7689819335938 616.469970703125 615.875 615.6019897460938 615.2559814453125 614.9390258789062 614.7160034179688 614.3679809570312 614.1060180664062 613.7860107421875 613.5020141601562 613.6719970703125 613.9000244140625 614.0789794921875 614.3309936523438 615.0859985351562 615.4819946289062 615.9439697265625 616.14697265625 616.4249877929688
-9999 -9999 -9999 -9999 -9999 -9999 -9999 -9999 -9999 -9999 -9999 -9999 -9999 -9999 -9999 -9999 -9999 -9999 -9999 -9999 -9999 -9999 -9999 -9999 -9999 -9999 -9999 -9999 -9999 616.1799926757812 616.4219970703125 616.8200073242188 617.4520263671875 617.4910278320312 617.4290161132812 617.2080078125 616.8980102539062 616.4169921875 616.2769775390625 616.094970703125 615.8460083007812 615.3829956054688 615.0960083007812 614.7109985351562 614.2919921875 614.1699829101562 614.2540283203125 614.3469848632812 614.3579711914062 614.4539794921875 614.9329833984375 615.22900390625 615.3779907226562 615.6290283203125
-9999 -9999 -9999 -9999 -9999 -9999 -9999 -9999 -9999 -9999 -9999 -9999 -9999 -9999 -9999 -9999 -9999 -9999 -9999 -9999 -9999 -9999 -9999 -9999 -9999 -9999 -9999 -9999 -9999 -9999 -9999 -9999 617.4520263671875 617.4910278320312 617.927001953125 617.77099609375 617.5079956054688 617.1279907226562 617.0989990234375 617.0479736328125 616.9130249023438 616.2999877929688 615.9840087890625 615.676025390625 615.3880004882812 615.0170288085938 614.9829711914062 614.9500122070312 614.718994140625 614.6069946289062 614.7969970703125 615.0540161132812 615.0969848632812 615.2230224609375
-9999 -9999 -9999 -9999 -9999 -9999 -9999 -9999 -9999 -9999 -9999 -9999 -9999 -9999 -9999 -9999 -9999 -9999 -9999 -9999 -9999 -9999 -9999 -9999 -9999 -9999 -9999 -9999 -9999 -9999 -9999 -9999 -9999 617.9459838867188 617.927001953125 617.77099609375 617.5079956054688 617.1279907226562 617.0989990234375 617.7319946289062 617.5430297851562 617.1420288085938 616.9429931640625 616.7529907226562 616.5789794921875 616.0330200195312 615.9210205078125 615.77197265625 615.3469848632812 615.041015625 614.89501953125 614.9669799804688 615.0540161132812 615.1690063476562
-9999 -9999 -9999 -9999 -9999 -9999 -9999 -9999 -9999 -9999 -9999 -9999 -9999 -9999 -9999 -9999 -9999 -9999 -9999 -9999 -9999 -9999 -9999 -9999 -9999 -9999 -9999 -9999 -9999 -9999 -9999 -9999 -9999 -9999 618.35400390625 618.31298828125 618.1060180664062 617.7760009765625 617.8079833984375 617.7319946289062 617.5430297851562 617.1420288085938 616.9429931640625 616.7529907226562 616.5789794921875 617.2119750976562 616.8930053710938 616.6829833984375 616.2880249023438 615.8709716796875 615.4509887695312 615.3759765625 615.4550170898438 615.5759887695312
