output/RioRessiOut/RioRessi_rescaled_distance.asc
NCOLS 197
NROWS 299
XLLCORNER 676026.5927825759
YLLCORNER 5072481.374398034
CELLSIZE 0.9572864394182301
NODATA_VALUE -9999
[rows 144 to 167 of 299, columns 106 to 158 of 197]
274.4332254732138 269.87882242768075 251.09608401679733 244.27742266534594 234.3337127384334 224.16407284577832 213.94298343434528 205.2585235322116 195.29448406443757 196.25795707557327 205.92555741851334 216.62096084696154 231.83886821976668 243.00594646489859 255.33552988413032 267.62061601651453 286.90457548242694 305.05510535316785 318.06481570382107 330.06131021727856 343.01043183562626 364.43764904652437 376.5922449148309 388.73481543153645 400.95779449123955 419.8005128817143 432.9604280191201 445.11539999365937 456.5589312848757 471.8466891302266 459.24996522366604 471.0561047744816 481.9406208021973 492.64502208997044 505.67500336715347 516.5076652608294 563.2014911602374 573.61259474649 584.7693150926159 601.4470481129086 611.5342527776536 621.5826336123163 632.996008817841 642.8152481139169 652.5545549079881 662.3164194330551 672.3359287287919 684.3930161559992 695.079452111596 706.0022464172613 716.9010273435704 730.6722945011412 741.0901981160129
289.0530037321813 283.6571115798343 264.26270210707105 259.40252219167064 241.5825367550048 236.87348226509525 226.5152795913445 218.12045739451025 206.8656943121693 206.76448814161648 197.6616877939353 220.54944162528852 234.24936380197573 246.1201373844672 258.44972080369894 270.73480693608315 283.424563997509 277.2554094143058 290.265119764959 302.11247643442476 315.840807083292 337.5190238419616 348.96255513317794 361.1480546887149 373.49650815899753 392.0728306834029 405.04211103002984 417.409478082401 429.14000319742934 440.4114720309756 456.9121313424345 468.98705273366755 480.45808319204036 496.8813126364598 509.6104143401104 520.3873224919575 531.0081395152406 577.6826161441022 588.9961730401151 599.0132197325204 615.9783750956483 625.9661433474606 635.9002934760908 647.3271320880282 657.2026147200862 667.1115333981238 682.4359047856641 693.8031251787886 699.2957206448989 710.137537812057 720.9939353981066 734.4527552620453 744.9144896041436
302.26792073535336 282.4935987519582 278.1369167422976 263.58928304864236 257.0268915956374 246.8552278726414 242.8532907719151 232.64222589851607 220.218974994162 219.11294161190227 208.37950543275196 199.10075530562432 211.84958903504517 217.79046652162026 230.0885694149953 241.70453838970343 254.01529548909645 273.927137275744 286.3581210149297 299.69736711157344 313.4256977604407 335.1039145191103 346.5474458103266 358.7329453658636 371.0813988361462 389.35889213870314 407.9612121866621 420.4625690630573 432.69770197522314 444.688313329714 461.97994239799436 473.7394647081704 484.8775236365874 495.2836644362898 508.1521225101855 524.5256458535271 534.8177511459744 545.1247190623152 556.7465684083655 573.8225826165868 613.2423513215979 623.3326387979654 640.0247959208325 651.264483073563 661.2582763481201 671.56291042721 681.6984495361083 693.0335269801096 708.6274813973706 719.3770474275632 725.346200408177 738.2350730479868 760.3477238862722
316.3808226239724 296.74700980163783 293.1921876576606 279.8709600380868 273.7320079680949 263.04767357559723 258.93321968859834 248.86717868925297 232.96821183049698 230.94270284285082 220.04687833877009 209.38548039988007 200.51586243705026 214.96296925146328 226.5057972791935 239.28814479893268 251.41833462319863 271.1639440344247 284.00592307625436 298.8152796657563 312.47204145159424 332.93897647226123 350.62433141409105 362.078911087083 374.00332404575045 386.40864805852664 405.7185752408831 418.2199321172783 430.45506502944414 442.445676383935 463.0535489253255 478.68087876375944 489.373693701985 499.83937103863474 511.83930670272474 522.2375665809009 532.7034906079396 549.3564089579413 559.4951608034013 570.7666296369475 587.9056896356198 627.4805293513705 637.4918418631381 648.5519664360103 658.7208325773103 675.6557937868029 685.696860943394 696.9809233144352 707.7302117004087 718.2287088486373 734.1369714925356 744.9001757149412 757.1917675714575
333.5308992616275 314.4232088759273 310.4340365850017 296.2547758020565 290.0378862427723 278.49250738609163 272.91480006870427 254.06479219676635 248.58331984971883 237.10608008966008 225.37096416293627 219.69244831622473 201.52458290352513 214.90597954838364 230.78544082582457 242.79998397088823 254.1566840706796 275.7270854246856 289.3338764119881 303.43960427347025 317.11073832168603 335.5329895360496 340.9996551565547 352.6726135565088 365.08415097449193 377.8928229030894 396.102252106698 408.9907160639275 422.2473519127326 435.4273873892508 452.97806472108437 464.2389136014276 474.97933189639326 485.445009233043 497.76805610757845 515.0638992409718 525.9916940130589 536.6385551122402 563.7437755641106 574.9108538092424 584.98024732391 602.0802453570954 612.0684474509867 623.1892817720111 662.72363173535 672.6893113343497 682.808319256487 695.0191636068573 705.5884567577632 716.1197789024062 732.9216229676313 743.3004432777537 755.9052413279663
328.19935545052164 333.40436578020604 328.4822691200469 313.57945732387327 305.8697649904541 293.9684940738815 274.54679558744914 270.89107638112637 264.82453925354486 243.06294928726646 237.02940472767392 230.9113967321211 202.5699700294687 218.40311896218012 229.74899500702304 241.50284821080058 253.01236166063475 272.4964044791167 287.4285991402651 295.3689431903846 308.51504560463883 320.8380924791743 338.6072627005079 350.5019016788195 363.07419783581554 376.00976442960695 394.15952264674326 406.836067039162 420.07161011389286 433.45300675875137 451.8841238692021 463.1501185709178 479.17109631714754 489.6008352399912 499.7955604598911 512.4657052756646 522.8523242034893 533.4991853026705 543.6545338639278 554.8216121090596 564.8535112464328 574.7448185658665 584.9970844261496 596.5290106934714 637.3346791955579 676.7930321774343 686.9720256016564 697.1992013500766 709.165598341613 719.8699996293861 730.4905523038938 740.8850030273379 753.4119120604739
348.480949023257 347.55999222088974 320.9153849753896 311.08837267201403 299.4439816776759 289.1222435847312 292.08001352337453 284.3644113676724 267.58793604979087 255.5441688028317 248.64194836473004 242.74689797907706 214.23141437752773 204.08947587787318 214.9548784742974 226.71440078447338 238.65083421649499 257.02200698700904 275.82907107625704 290.5546591978609 305.3188930592685 318.1605901999672 334.042253932193 346.69921319840347 359.7632000474085 372.9060127353822 391.88716963965885 404.64931458674107 417.28672915161394 429.58496493474127 448.4450347307257 466.10585296717124 477.37018050899223 487.08255036583995 497.2820312764019 510.1709039162117 520.6407790379964 537.4573567486314 547.6915786396619 558.9895486951525 568.963412312948 578.8241928339697 588.7732440948779 600.3051703621996 610.9454863098156 620.9566201895047 631.1356136137268 641.8716074394578 653.831781432703 723.6750783738593 734.2785096018714 745.0784972272996 758.0613750446736
369.7486001155646 364.56097202657105 337.8584052058519 327.5731274918911 314.8725357167643 303.4940789991245 288.614144576823 276.86029137304547 266.1015476781555 249.90910197520208 238.52539600161353 227.95195981957002 225.35255934069002 205.10367317462845 219.4324117018806 230.2743267234408 241.535175603784 253.81414356240177 271.2728419323636 285.0946537752572 299.26640952256196 312.75314567554733 331.1753968899109 342.4212549536012 355.0518981834162 368.0549975096071 388.2661370737864 400.1612993048161 412.2731441213489 430.37794075401933 442.7514930642119 461.2938274576147 472.0037818501305 483.0714565958162 500.5525144267367 513.8091502755418 524.336405670973 534.6175647840985 544.9731890565924 556.5109040499971 566.3997578959038 576.2380589277169 586.2641348819737 596.3994734734448 607.7348777730911 617.9205268978437 635.2972788310742 645.5211950950024 657.4813690882477 667.8601893983702 678.4636206263823 689.2636082518105 702.2464860691845
383.3484528008775 356.64858009883534 346.47412162917715 338.25973178896277 334.31300255029976 317.63660656172436 298.8906238461283 287.0379997555847 276.21926528861223 258.7018886058092 246.48046951395804 239.72887716624936 241.91783148263352 206.0609596140471 216.3865823372593 227.2283995044174 238.48924838476063 250.76821634337838 267.03360520438764 280.31771640124697 293.9958240593493 307.73859882822353 325.7609675179807 337.24277067276887 350.6314193754199 364.21697279172184 381.87675595321275 394.1145496015602 412.3201525197828 425.3962816402305 439.05114143741133 454.56648415895876 466.0363646211858 485.0517568087914 496.6964126028485 509.77411371987176 520.4831621022753 531.1343011458359 541.4748594195676 553.0684027508406 563.00393822403 572.9004891511513 582.8914824538249 592.8824757564985 604.6246534344685 614.9203492842532 625.1131063362033 649.6377361615288 661.9734764314012 672.1091799564675 682.6116902915768 693.2716754277513 705.6324757061133
400.9574895048913 371.78124166220846 361.0791435331491 353.07700669609727 344.8787711141251 323.3825397280739 316.182252914411 300.02386410480716 285.25266079970083 267.722979157294 260.51302212579355 260.55588574251254 253.98085858828085 216.4513716373139 207.49733557617205 217.70378497218775 228.7844479350208 241.0260453479872 258.1346183541458 271.41872955100513 291.5509856055204 305.29376037439465 323.3161290641518 334.79793221894 347.7672125655669 360.26229098554086 377.0244770829547 394.50497634938245 406.592557173967 419.07430875708025 431.8894710835704 449.1399507713639 467.9067786415039 479.20242845064627 491.4033290269834 506.3200712701239 517.5390196860167 528.874097130018 545.6948717731474 556.7452268957118 567.1964174004636 577.2495289804988 587.2290651086989 596.8071325825468 609.2062477679458 619.4513207217278 629.2709005111013 639.5851234719872 652.5680012893612 677.021734664886 687.4672849283743 697.7615572655967 708.1164939155074
395.7754643702205 388.9977171668001 378.2292201708042 364.23897156737706 347.2197814687034 338.4342631860636 322.3952219655114 308.8273641546916 293.92227692060305 280.41636370624934 280.3788345593326 272.9736411366638 235.54203165723172 229.23371915705619 208.54230622000424 222.08389103575777 232.3239792610564 243.8951895087847 260.3228521379265 273.39348624988287 287.8104472455604 308.0780810852983 326.1682438306309 338.33563796490347 351.02499437482976 363.5200727948037 375.58309990044773 391.9047933064417 410.6669748828453 421.5087920500034 434.0101489263986 451.77057852007977 463.42088011449647 475.1630577924665 487.78096826872246 503.9896631504276 515.1981217265658 532.5522756355367 543.1643842073761 553.2643602642443 563.7339882194275 581.244262979729 591.1013185367551 601.0585576252699 614.0348406046187 624.4604652031571 633.8253068984527 643.9906776941268 657.1849858721389 667.6205259955118 678.1353736077054 702.4461513297011 712.5816889232036
411.03623618500325 405.7358623688292 393.48606612100684 378.16194065715996 360.2136508058512 342.2838037679695 329.3547496971035 315.9603143262795 308.1631913858079 300.6219428964391 292.76006053411913 254.3389800209582 247.9663986517947 241.86436238687432 220.71573065263755 210.05107110126738 237.07138769612192 247.5418300781283 263.27859237066593 275.3964223315339 289.99360948382395 304.68965201498617 325.28887700705496 331.0364954899348 343.17268547686984 366.2888200786322 377.4713274621369 394.11098129085025 406.0292104372877 407.65676129109386 420.158118167489 437.9185477611702 449.5688493555869 461.3110270335569 473.9289375098129 490.6831081162441 506.42676353384195 517.301708392823 528.3223060265534 538.3160993011105 567.5917820774298 577.6147785698379 587.4888023396416 597.6541731353157 610.187777162947 628.505160855807 638.7396172340357 649.1378771122118 662.4008479448366 672.7200497628297 683.2808212985973 693.1100636025047 717.4638954780949
424.579412680589 413.2653647267985 399.3894030299401 393.4035833473551 366.7644460579985 348.94485448163294 335.9299669618985 328.110868798062 327.11235883802823 318.8309264550788 275.473969234398 267.8845094405155 261.1179502532111 244.72608715864865 230.91879701785348 211.0762976872961 224.3917297428369 251.77214079217595 266.7352737530028 278.5178819905025 291.12268004071507 305.1113796630013 308.40137997547265 329.66820876967273 341.48614789851996 352.8966831798639 364.0587360747683 379.3545852391459 391.515577497568 403.75717491053445 415.8503478870846 439.49019927723793 451.5960638681664 463.5921905358108 475.79659612769177 488.0070615774769 503.7438238700146 514.6187687289956 525.639366362726 535.6331596372831 546.0004615491046 556.379281859227 566.3338382322253 601.849301622019 614.3247887707961 624.9674663208363 635.8095700326522 654.1203393853045 664.5185992634806 678.8014286446597 687.9745827721947 698.1753716009564 707.9919153604081
586.4588745159319 401.0009359242112 390.77701966028303 380.2035834782395 369.1729927216678 356.0025919379594 347.8173099591661 346.93530765484826 338.90355143113965 299.62514861385864 287.52584931443903 280.2862289371965 274.2298011031487 254.6245936540306 245.09775517963027 222.50880540474296 212.4465998788638 238.11217598767627 252.1811859356421 264.72780042628256 276.8332914165945 289.28962176377433 302.8470533607872 327.6767732969608 339.7580216073288 356.60992603495833 367.9989196251089 382.01751490041863 393.66781649483534 405.7490648052034 418.0154289469762 436.62628551849565 454.3384039590698 466.84604376502637 479.4766869948414 491.6256435520577 508.5112998200249 519.5267603163292 530.1198236197429 539.8775443924986 550.2993046388184 560.1199390089574 570.0744953819557 580.2466598314638 592.722146980241 610.1791324850225 621.8409253996568 632.7207972555653 669.3934786915029 683.0646127397187 693.6300154810309 702.6831982489274 712.8916335195103
600.440010049519 414.83728354838263 399.6354652331665 389.20149634108833 377.64075057455824 366.999979278373 347.2981286128549 335.2045826716836 323.1415555660396 310.9496332394959 295.19736455521314 293.1031316918213 272.5045982825686 266.2332130943198 239.4653017340016 229.03744902208317 213.52846949890673 248.48346575766857 253.3163912947119 268.049980095876 281.0328579132499 294.40018879437207 306.6954191712782 327.7211559278228 341.0748621442675 353.7906973161731 372.1798385009058 386.7922371818524 398.29058076311395 410.1321865527624 421.988998919137 434.32473918900945 451.96760008853767 464.34115239873023 476.95230567408873 489.4989201647292 508.1610970840587 524.2413301852858 534.6722465623512 544.2279132990689 554.4015647778243 564.2976742502999 574.1975101762017 584.4720128206384 594.8315988807051 607.6135419478667 618.6142367368565 629.494108592765 640.1321693110511 653.8033033592669 664.1325903917805 674.3424310383724 685.2843855508131
433.5303823566546 429.14232256674836 413.63885837006126 397.28209044848177 386.8447848039877 375.07959313183545 355.6943734329832 343.5038338555425 331.6274644156944 319.7472946057939 307.62795893187666 271.84897281275727 260.872551508785 250.31615758261626 235.77142714531598 225.08499118971926 214.48575593832538 224.7522904764458 262.53392137212523 278.7509904516732 285.15832179503894 299.37424034981365 312.0474598803863 330.529716928283 343.5667396418693 356.79511954979444 369.03671696276086 384.2550988049647 367.7849813237647 379.4982466573549 426.1868505444592 437.9641234151411 455.04791732913935 467.5426034942632 480.6477829604628 493.9666430887779 512.6801908002261 523.7256709084309 538.7293997045614 548.570099865585 559.1352573873016 568.6998684167719 578.4314473206293 589.0176174895438 599.5419227266607 611.8082868684336 622.2185744930088 633.0842658234687 644.2460048425518 657.7822751581542 668.2359011889502 678.6313382742204 688.879894384761
445.7034297536382 433.56413337532996 418.2945305531493 408.47532615964656 396.3767101604034 383.35386983505555 363.7914516012748 351.4361508190613 339.5265932115856 330.95795556330035 290.0929562131492 278.55825128435856 267.491515162527 256.88345886635176 244.50416969642907 230.50834763930504 225.4669586167064 215.88947052516951 225.46384939492475 241.68091847447272 253.99129182000826 268.20721037478296 281.20370265156845 299.3705761544495 312.6890119285661 325.9178130813307 338.27243763844336 349.6343949057368 365.82684060869025 377.28678598142926 388.47971746341756 400.1015668094679 417.6271850204698 430.3037294128886 444.3798973791819 458.28869075640455 476.0491203500858 527.5997799742795 537.8307862637733 547.856680802145 562.8943279691264 573.5064365409658 582.9164640074389 593.3975399210243 603.7736537981746 615.8854986147073 626.1960900667164 637.4147202214853 648.8966368709036 662.1043938752633 672.4251578221679 682.7962127673508 693.2102674801225
457.39983699783534 436.3523187873858 428.6513662087144 417.5961816427126 405.0310940756063 391.7834869181259 370.4632290654495 358.5399525193561 350.5771964235494 313.27148294474995 296.55035656642485 284.7415047964074 273.73833211469866 261.28994551872285 249.69089059621766 240.38219013012304 235.55089712391046 216.92735255618214 236.4060995412184 246.21744549213503 257.64461739791886 271.22281030747683 284.04487323151216 302.2117467343932 321.0328755870984 334.26167673986293 346.6163012969756 357.978258564269 374.95453126215466 385.50706955607507 396.28846665545916 408.39433124638765 427.0821872822282 439.55767443100535 453.0939447466078 466.66521372045395 485.34468335521416 496.77945200600124 507.4792142428211 552.3367560138163 562.4886457477348 578.528556962941 588.1266308298344 598.14352414349 608.4282532207072 620.3525157804909 630.7822547033345 642.0394496831263 653.1908445849516 666.2960240511512 676.5698537354413 686.9681136136173 697.8181864248772
468.5206713188633 444.51568865315625 435.411357813113 424.70119633363083 412.627900624416 400.0465159595705 378.45806330807693 369.8807560029442 332.52161546531283 320.19856859077737 302.44646341715963 289.5365690131191 277.8000439345892 266.14945131563076 264.4369557804151 250.6296656396199 246.35088474934236 218.0032269256715 246.86783388332037 255.9099128751898 267.8942789280501 275.3495760186711 287.6081319474723 300.1350409806083 319.6797165647402 332.2587414571838 344.55646120147674 356.5953894117442 372.56274364716603 383.11528194108644 393.89667904047053 406.002543631399 424.69039966723955 437.1658868160167 449.40748422898315 462.7539583105554 474.83520662092343 493.8163635252001 505.32045823161286 515.9280927669292 567.3935523175381 579.1724434768574 598.9173083979008 603.2990278371245 613.0421488964347 624.9248440979225 635.6768229318284 646.7092683245808 657.6226705338888 668.367928922201 680.7098306984499 691.3219392702892 702.4159557409441
480.4629407320296 451.892860305418 441.40821073669406 431.0612663641239 420.0673741662022 411.0452464192787 391.11574109830224 353.252552859192 340.3673688887706 327.0468228612976 323.79948573634096 303.97535626196156 292.0629418505663 280.8958636054344 274.36300980859204 260.7349487138697 219.43467536361678 228.38984585350002 257.5232581038856 270.24592529515866 272.616927278253 284.2456376670812 296.1758759998919 308.35533557534274 326.607358497287 339.16028787047065 351.6166182176505 363.82708366743566 379.5318923861522 390.49341452824126 401.45969736457045 412.6837412450054 431.1065139390082 443.23670376327414 456.1251677205036 469.47164180207585 481.5528901124439 500.53404701672054 523.2493702570027 533.8570047923191 544.6569924177473 557.34034106103 593.9083994524775 613.7295043898607 618.5535608464895 630.4606128056612 640.9422146193368 651.7584447280209 662.2201434952673 672.7322081447359 686.6334759564801 696.9389853760904 707.6507410541888
466.05129208025494 456.39589244381654 445.63268822141094 435.05068369798846 429.6422405598496 391.50429832183727 372.6699907346621 359.8426429925153 355.99378344630645 342.29386126961924 328.37618379986645 309.30007860489457 302.28770973887856 290.9365888417387 284.6729422568413 271.00877839816354 220.45918265899536 238.44893917525286 242.64360423998048 255.35943941188611 286.3708426352202 298.39165860423935 310.34598092562993 312.9832429061859 329.22396925470906 341.8681600430446 354.57756946235844 366.8940850643452 383.046683598776 394.5673913009667 406.65123692591715 418.2561540502587 433.57534066177607 451.07919201590767 463.5355223630875 476.56591771902924 488.23887611898334 506.8753865328138 518.9629673573984 530.7798785926072 541.6976800026289 559.5878843385686 569.6137788769403 579.6163784633974 589.6159743241103 603.2727361099483 620.4762183786272 656.356373482092 667.2159977873055 678.0635031116773 692.0228564913875 703.0411792548897 713.6106637266558
477.6786816350832 463.36323985401987 452.275737701939 418.47217888682457 406.49405240372073 393.79748171200737 390.9521369503587 372.09206715437426 358.8358535206474 345.1359313439602 340.9479745355857 320.93919335219306 307.8450619941168 301.0916882240675 289.96608209199013 281.8979453749875 221.56072870862616 249.32417364533777 253.45747031171024 258.42483891687647 272.28279585232576 304.17293296500503 316.14153765458104 327.8655059427404 343.28640262901706 346.2169174601328 358.45205037229863 370.60100692951494 387.90890449849775 399.35878272168765 410.8133623946796 422.1376667647634 433.86055141066583 449.18736335603785 461.12963276920084 473.0184780624401 484.8425045564308 503.4360912126972 514.8685989301406 531.6326090885825 543.0434765402719 557.2964353884911 574.325698955658 584.3145319729942 594.4609465648152 604.5649387161606 617.2743481354744 627.660967063299 638.3078281624803 649.1123403831608 663.0716937628711 675.7614508242968 719.0266630179459
488.98184125506697 469.7886787133348 435.31506174975067 424.6008704249882 412.4149932102477 409.446512483637 396.97843306448095 378.2821892884832 317.2598822931408 303.65309130583825 291.2729621046883 271.2641809212957 258.2614946522122 246.62231370429367 235.44516593994894 222.9178632224607 263.6191423780178 260.0106096009382 264.5078254342782 269.94489281890526 279.5987548992951 291.31716641456467 322.25052676093145 333.4849776405518 349.1578711769739 361.12739237298524 364.24807283613234 376.30616492426464 393.41524379685245 404.4305398475081 414.93352102669724 425.7537960491195 436.7547915644629 452.59444959236436 464.7678740249944 476.5508381206448 488.46906726708227 503.81209110187604 515.1740483691694 526.9335706793454 544.499386959637 559.3166618667689 581.8753877785963 592.3850283150298 602.7255865887614 613.0024185750215 625.8574249631066 636.6069909932992 647.4442270905224 658.36232199053 667.3297533967227 678.7896987694618 689.8351788776665
501.87725498352773 454.41949751630256 444.5997056208639 430.0877394367847 427.98378329375953 415.4047584013159 354.93363567616075 336.3996641267424 323.59307627989364 310.39204558816914 295.89450950843815 276.844267232495 264.63413158146034 253.06037406072218 241.17576391561175 235.45146725009516 224.2889582070086 225.24637820153623 235.0279619821503 245.3611510320223 259.1684411728175 275.91409735628264 309.38141871428564 339.8403787717817 354.5431980548959 367.57757313333894 380.23915058468356 383.0310538033009 393.92137304503785 407.80097009095743 418.2912139038961 428.7529482459943 439.8737825670187 456.6525064720739 468.7903591099079 480.22854253549275 491.27371817054325 506.0686432984305 517.2457910627752 528.4282984462799 539.9323931526926 563.5032088925093 577.6529263663851 588.1429205806031 598.6049011363388 609.1910713052532 623.2529263731838 634.0250726690502 651.2845332965471 661.9666323473598 677.2934442927318 682.8651166613906 694.3469198161788
