output/RioRessiOut/RioRessi_c_planare.asc
NCOLS 197
NROWS 299
XLLCORNER 676026.5927825759
YLLCORNER 5072481.374398034
CELLSIZE 0.9572864394182301
NODATA_VALUE -9999
[rows 207 to 229 of 299, columns 102 to 152 of 197]
-0.07311672504727125 0.13462018259965766 -0.08762701769750465 0.38449302765044036 0.6521599532693201 0.5355348746636086 0.9699393230914551 -0.7823894972876246 -0.3350480527832091 -0.49188573014269926 -0.1937378402758942 -0.10189480489304534 0.1704914022754549 0.29150002134135566 0.020866243951306193 0.09074453173631163 0.5348447980547054 -0.2834976908637617 0.00351288694623579 -0.1745233962409778 -0.008689869427754059 -0.6466697280622788 -0.2588711027050301 -0.12081506238034943 0.08444408131087243 -0.49583959966481483 0.3432623811325685 0.42107707694748703 0.33322591322858114 -0.018524457953790017 0.22290723828291184 -0.02709893401255517 -0.0018994272509323818 -0.21184796926165833 0.9253563537674591 0.8799449884636478 0.31206769371582244 -0.10090944766606577 -0.03930306855207868 -0.271200346086945 -0.6615708871271296 -0.5413775896445959 -0.14280272519077866 0.06705162715615957 0.07749173171211685 0.05239834799365877 0.03287644540254619 0.20351621784676668 -0.41742111941583837 -0.23304483111662086 -0.22251294090407958
0.11473628553961178 -0.026301363043001662 -0.05479783612099726 -0.5353551910779814 -0.301654841631424 -0.06702581890774247 -0.2160634367741709 0.37212565348797016 1.1267322532995085 0.713275077084551 0.7338827383974446 0.4706693642287104 1.6652085840067579 -1.4139067032094 -0.11315848449495046 -0.035429218255221405 -0.06956855516018845 -0.9755915763363802 -1.0309817819775111 -0.2029378109968694 -0.3263328369081943 -0.3206070540241188 -0.4799468012890783 -0.015663991057657926 -0.0017893525383897377 -0.07119918040671983 0.376507098869675 0.16016576623476003 0.07666688297766447 -0.24769040789669258 0.14015842221139915 -0.06166807194082097 0.019917566910355813 -0.08152650100707574 0.6096635772644254 0.5964573269384293 1.0179467758170089 0.44956086585532823 0.12184871182393477 0.004304117797015039 0.009090355719657472 -0.1044148296007521 -0.21812047064629425 -0.4149851562141243 -0.5567571296704165 -0.33975002281089417 -0.20890784266372522 -1.03638302782118 -0.148233735441142 0.0 0.05684799634421526
0.1643135078975094 -0.08377931612572642 -0.045486744027129114 -0.45482929853355103 -0.5577221669820239 -0.06222084017094192 0.16871670639510658 0.548302710294885 -0.24978450987526488 0.411092933174531 0.1602473122429554 0.07572223176969003 0.32835702617505264 0.6526892488202601 -0.04199630801989741 -0.015090833999359643 1.480680030538828 0.6514166588472908 0.8202191425216568 -1.1341499366342782 -0.37246546408410597 -1.075381963798775 -0.9347740864814508 -0.4011878690389921 0.17173049226479692 -0.07603848911054349 0.5293171451843341 -0.06100327097700667 -0.01251568002165213 -0.336226530302246 -0.06317718904845375 -0.019598832904592363 0.13606217826888167 0.19367184993274947 -0.3331582586988257 0.46644950609530433 0.44359844805282406 0.9554462160164439 0.5328002624062993 0.11835086158566199 0.286879962873925 0.38648795699134103 0.14849609908448166 0.039581787350651126 0.025667922842527224 -0.2823935299730235 -0.431574441659813 0.5333205761372332 -0.06586048097189795 -0.09304947176716588 -0.06441352148888159
0.1793348194157485 -0.32347722503898113 -0.0908320292101373 -0.2363490365104864 0.5422476760286711 0.30875717361834915 0.3511276870241512 0.264091700637518 0.13690315304165143 0.3952714249074507 0.07199686633120721 0.098221626814339 0.04487869295114911 0.31604352642291617 0.0714293287912617 -0.21663016888790637 0.616670206867866 -0.057886433584496244 0.10355833798427025 1.0201981823081472 -0.050006564516397685 -0.5380354566384434 0.8264757860664675 2.1819814502917927 -2.032431470476471 -0.8715684384303672 -0.5577093110114157 -0.7789021392262035 -0.7890812705931913 -0.6909113509069574 0.2870158654732164 -0.0254257908702226 0.17967837934332473 0.08878650464815936 -0.32074006307562714 0.4928704374958357 0.39647194887862175 0.490532417759286 0.4318616142294953 0.30078596514742734 0.19967292408560963 0.1376207338092241 0.3835743983044726 -0.2501457233591988 0.7815260075312084 0.6420309242793686 0.5015535312226517 0.36270442609316345 0.2923323408346394 0.0905456356260585 0.02119457954834734
-9999 -0.23930637944105962 -0.19145974159022652 -0.1002012685734839 -0.3276298812175685 0.24751522778069984 0.06141316314009394 0.06767709356339517 -0.07080530389016812 0.31326948636818985 0.08456104542204729 0.11747982935396802 0.03984563054845753 0.17699243392874073 0.13644208501972355 0.07058792600112941 -0.007919430253592622 0.8397032506759541 -0.18034048079962361 -0.6186469374198563 0.07070424682108875 -0.7446909707752271 0.09543222962957289 -0.5008574157775686 0.4990624890725192 0.6764736341962972 0.9575654999789096 0.8243414828724109 0.7678817691851655 1.5477254236888112 -1.5092125936932632 -0.6145177608146227 -0.7236863971944039 -0.7490921080078369 -0.9987265019395684 -0.19085773795453748 0.38545671532418885 0.34731752432191715 0.16377758354014757 0.07996161480364672 0.15418928123796607 0.2002461055512155 0.23749181111039097 0.9050542519312544 0.23211303021108634 0.7837764338097845 0.6371725564713236 0.32542107211539323 0.20413205445883043 0.34824597817705616 0.2881607690347788
-9999 -9999 -0.5212521394618792 -0.05570937635617925 -0.09526692934997337 0.38398828420469167 0.1425160042775412 0.09181920080298507 -0.08486334393348428 0.3559281166343333 0.04141794448022931 0.12490420839584798 -0.024416901989412456 0.1884214361659643 0.06892801723843983 0.05311779434972019 -0.03406059933853015 0.33118900257456146 -0.19469381820000806 -0.04693961143863104 -0.08016982181101795 -0.3539632729733068 0.14917878236144808 -0.2470215796475913 0.4092079209143799 -0.1348987747557532 0.47580282402750995 -0.03216689218897747 -0.2819548493754819 -0.42402285834476094 0.4223090064272537 0.8011665811032613 0.8557593184730258 0.8546714200082559 0.6497265438239685 2.7227220055164034 -1.9487000695232084 -0.30946816216907613 -0.1812694677257732 -1.0713099836382438 -0.46374991187269976 -0.465673234262131 -0.16236913499719227 -0.06879108648802716 -0.4679772947229409 -0.08875441015125846 0.2550916966052439 0.16242272045860304 0.00968342409803257 0.011928250809795718 0.08815018561524662
-9999 -9999 -9999 -0.6724239670684687 -0.9597550180054903 -0.30246025143059213 0.2758064941966318 0.05567695090308699 -0.14841905400835664 0.25642833994154174 0.10272662870199087 0.15265203146346668 -0.14491847814200656 0.2869439821489851 0.038813386512432144 0.0382979938786523 -0.029225559622661237 0.13212377017179036 -0.3356585554411813 0.020962920018202866 -0.04259657327903788 -0.29655157225641987 0.1530736219058607 -0.11607443181835957 0.03473311530907456 0.0971671477818481 -0.35349882190879306 0.002045221263145804 -0.09676221537497037 0.12757578826529264 0.06094201264778785 0.2608157887287438 0.06509191382477819 0.11971418106944468 -0.32663096638560224 -0.011570746462843532 0.2334791654752521 0.9293532880966311 2.3767061123997566 1.0246031910552695 0.2552551483082445 0.35825960750022173 -0.32640398148178673 -0.291806109250921 -0.4232530112932398 -0.7629229297746207 -0.7276076428657667 -0.11572573346238606 -0.050847064407404934 -0.017350810185128806 0.002002721100827919
-9999 -9999 -9999 1.0640880495056808 0.7435829346258915 3.0389600586132444 -1.9196041435520526 -0.4354653473478078 -0.7681996694564337 -0.04958903340756054 -0.35772331990017414 0.4433660109725457 0.04709596179001066 0.18518148531728257 -0.008974931111502887 0.07528800855822625 -0.1237079204406876 0.0736450656483161 -0.025459316821104687 -0.21426385192820321 -0.015646517442200483 -0.19872461434982353 0.04839581622247609 -0.13293121367198538 -0.02020200487276158 -0.047025254511968755 -0.30643811160757894 0.16573023585110325 -0.057125705349099005 0.06405559681420644 -0.16034857840240616 0.2684774514658446 0.07484198731806682 0.10132013024058478 -0.1006184914264907 0.29386315551958836 -0.1685129688011837 0.059125734901224775 1.3582918706825422 0.12196586984859137 -0.25388271978458155 -0.26360071762697534 0.2578028770628451 0.17487305769536388 0.04265888211612885 0.08496045268249708 0.2644463285678353 -0.16622176320022214 -0.9893222936154127 -0.3813458920692872 -0.4302052450994906
-9999 -9999 -9999 -0.4058335836730992 -0.3664882583180771 0.14728299196797645 0.3090569992108693 0.618080641646965 0.6079861626030224 -0.025082119834649728 0.9192665524301856 1.7363239323356419 -1.494944870206806 0.37679309903513014 -0.22496987121554388 -0.07857455843408317 -0.20173844769430493 -0.5007657967713518 0.07139880203328954 -0.10623396484918034 0.0861944300843617 0.05942194805062892 -0.404439289857024 -0.015867866144685546 0.01496679115399088 -0.022228756122326016 -0.2975913462807825 0.14838389338480276 -0.16269086911830977 -0.05820879048751832 -0.3775763741490784 0.21321344263340386 0.03758053797213152 0.0365598805680667 0.03483007656710349 -0.38976479737313235 0.055765004611369996 0.025033874520191204 0.5796442465167668 1.1285160386623225 0.27760945217144517 0.1243367840043383 -0.211789587203528 -0.2717431946091396 -0.09553080823019355 -0.13615417655527162 -0.30432099025113335 0.25507018624349853 0.8933244788555926 0.21719923723683454 0.2698537786826084
-9999 -9999 -9999 -0.35584360019428696 -0.4193288083986958 0.08037013231080037 0.11980910898201132 0.10710531915485262 0.069136664764362 -0.11819327256009819 0.20201313576513438 -0.03994097301963701 0.047117849695023646 0.39798275895385005 0.06701941547500187 0.19874520660771425 0.2185575173449652 1.3207256494101958 -1.6034632645740636 -0.040797169074316415 -0.07992779567541917 0.3997229170901089 -0.5704105347247814 0.002635911350617495 0.05972288713038669 0.005408950936436711 -0.3625622315157692 0.3128150443717852 0.18008885394832191 -0.03145026558442759 -0.3676367943703813 0.14892246429440845 0.033175109454443984 0.033265555676228895 -0.028123339733713285 -0.31365636171443595 0.2010258015084659 0.0031829679842996627 0.4043538082512249 1.4734544107303313 0.1626386618230211 0.022662414630977065 0.31843501989397954 0.19323248007645355 -0.5755900468293073 0.1571922797715934 0.21898238352512497 -0.01672656067464776 -0.026693000554908208 -0.056919970796610694 -0.005305951788593621
-9999 -9999 -9999 0.15783667189180245 -0.35217282239286507 -0.02823538063515653 0.03796022317122682 -0.05614167885579231 -0.08714710721607934 -0.2967826363353066 0.17416824516305343 0.05641812006605247 0.07138674630362436 0.21322516412839915 -0.037992599249712426 -0.04734431735745711 -0.0706873275671513 -0.3503591957169733 0.0706319817573894 0.2065087727220948 0.11406122928239225 0.41543321833965163 1.2566746590784972 -2.1415303185654664 -0.6168576808939344 -0.5747539511790526 -1.120436480436667 -0.6835922454368907 -0.5215894635477673 0.3708753800498045 0.11166515109964373 0.5079648556505677 -0.01450824339770834 2.523682771938241E-4 -0.052035848998920144 -0.21146688868262112 0.14234129232656534 -0.028545648315637297 0.11079616772764793 1.0370737606073497 0.6256604661369316 0.4837809175420209 0.15993717043002642 0.39448695600016215 0.7952812674255395 0.03308562584956172 -0.09618109365100327 -0.00699828866332424 0.05196522858791629 -0.027125575975149464 -0.0187694249794272
-9999 -9999 -9999 0.1796119214135318 -9.370055173672675E-5 -0.16303866773301076 -0.27088130208638267 -0.15324880630365964 -0.20416488126951327 -0.24753692660541418 -0.05628862482316925 0.06797266614629421 0.41793443299410366 -0.07095140207616886 -0.08138944842639731 -0.08361121944957274 -0.059677367796897 0.018292147989872626 -0.1951515403858679 0.1918479100214693 0.07371251015312137 0.06772245124307094 -0.20478696978024175 -0.20945885471114678 0.7245796939171552 0.7960853472233534 0.589034196943633 1.0083040232639398 1.9296442904146658 -2.23686031437474 -0.46769480289768506 -1.0439724051185488 -0.7574944406813219 -0.7952304305688874 -0.5639382272594736 -0.21725292205988922 0.13338463635753608 0.04827381603325836 0.1664083536822012 0.28953842415430714 1.1422612492249602 0.4670365866755743 0.15172402513597932 0.15106671066644947 0.1852874288618471 -0.031186391989188444 0.1105871134686443 -0.05700952937470801 -0.1393559659334072 -0.3595514670584762 -0.7358262867313103
-9999 -9999 -9999 -9999 0.2198317681655894 0.11388536607655879 -0.6320326321853513 -0.13952257927002776 -0.0992639053937405 -0.2941222852506649 0.21557382986704124 0.2141204088274491 0.35301502345274544 -0.0353659754470348 -0.11722884342623964 -0.0770469995964255 -0.01973902952800913 0.03704729729046479 -0.3458682850235424 0.22299381602983856 0.012368851893716308 0.07354710681034275 0.07012396115144895 -0.1279666255930959 -0.19437243498106258 -0.012244353045350464 -0.3425965385760674 0.3673146987646441 -0.4726346727691735 0.4817976191628997 0.8617087086679667 0.562733488836196 0.8518480377715599 0.7660213574486371 1.7084561828701061 -1.3732609301029395 -0.5475921347020479 -0.6918688300288884 -0.5721042483904606 -0.10687080724814901 0.6744631366202195 0.47265606990374986 0.3948140073759367 0.1570595834717702 0.21909449412832763 0.25466016576559675 0.3615562868411971 0.1783522975149647 -0.028238487730006007 -0.18556470482233786 -0.05988730267183972
-9999 -9999 -9999 -9999 -0.6266683136695944 0.029541333804226005 -0.7006123625462922 -0.12457190552841806 -0.10575446703565831 -0.24373590328099412 0.18397323473496605 0.049187130294259425 0.08258957494675105 0.07076888742281012 -0.12349959133883515 0.06888224955541114 -0.04690999225440861 0.06257000403787763 -0.31008728210817943 0.18000110839480138 -0.1962986946475515 0.19964578913120953 0.1547087236558712 -0.07299740569744032 -0.06938048125877977 -0.18988536297306852 0.010587737660029609 -0.5201652243013847 0.17907639235825107 0.10012429301731675 0.05634294673204835 -0.43685838466113697 -0.036041455910675174 -0.20892569112472087 -0.38531472038415604 0.3929262239990869 0.7797432871312846 0.8672278922318812 0.9157463618903119 2.326772942693475 -1.3883421123100896 0.991798271703183 -0.4300155055189384 -0.5213709207139995 -0.4129390643826663 -0.5455343664550916 0.02063428538207425 0.5269222926348475 0.3933312159621768 0.471780149172024 0.529942429357031
-9999 -9999 -9999 -9999 1.3572262394507668 -0.6997463056187286 -1.3032491825177497 -0.3661155872693999 -0.3677455800676822 -0.8457858694422263 0.670582723825546 0.022938643186591487 -0.04364291567357799 0.13366625569168164 -0.01483755387486004 -0.0034797739847333637 -0.027830609460663236 -0.01600446271599214 -0.2452891543776668 0.10519214692850616 0.0460821857591313 0.05043874274800036 0.06683909495352842 -0.08259583134529667 -0.1025438295516149 -0.25659730429775757 0.03843215138794547 -0.1684243204446931 0.19264272249952416 0.061322569102569745 0.018868092824848026 -0.3701326462172847 0.0695261865928603 0.023498914742674768 0.09624379385394735 0.09312945203341413 0.5044231560363353 -0.03754608736356585 0.22975325016762357 -0.010294987667667116 0.06503358456259885 1.0747685376177198 1.1330847837629334 0.7587612636865028 0.38694194497970863 0.46882579365886895 -0.6019038431140452 -0.6488328953649184 -0.2387460182865675 -1.0202310576907105 -0.14563359523754046
-9999 -9999 -9999 -9999 0.2827567196677149 1.688197046658086 0.32008726148798394 -0.3174724436779525 -0.1826194789598899 0.16497888377832093 1.64149716683202 -1.5813314658428275 -0.0946483183744411 0.18104775690811625 -0.07319295687665815 -0.16888057481556992 0.12216100581028654 0.1430827971033843 -0.338846476067896 0.004901431321887497 0.18285277679139852 -0.03465862347189362 0.0774787357483754 -0.17181287138515564 -0.1912857885136021 -0.005713645181259199 0.04980269472534501 -0.2771970410352013 0.3560080960244372 -0.03490109413046871 -0.11196380124924375 -0.32244814901631014 0.36330335712475026 0.13255420095338027 0.09679361677734431 0.23132477449779396 -0.4947060093297354 0.4016382019082609 0.2619442419273632 -0.009973576847080974 -0.16359367608237974 0.5525682841844637 0.4542501133007123 0.43169344720663244 0.1213672766609795 -0.2559547379104016 0.9338064449925537 0.7328061299486445 1.0417329959044406 1.6572958991673628 0.44309498427568883
-9999 -9999 -9999 -9999 0.1117258362231727 0.747630636350519 -0.47120468138847793 -0.27574017820067925 -0.15180383604735068 -0.07255862318820543 -0.2766713374356811 0.23245996135275815 0.16634621195082386 0.2246687244274479 -0.062001284261479904 -0.10326601119428883 1.6515412571912635 -1.4315320723612162 -0.6713728144769529 -0.1697563222541259 -0.21680532656050722 0.019794366102703166 0.1215630858167857 -0.33356329008288255 0.13306368878471245 -0.035343221790308355 0.01707647875407484 -0.24236951625778388 0.05499846114580605 -0.10647588565947802 0.015898243689202205 -0.0055435617996379225 0.3028479763004595 -0.10825250645931388 0.03429505227096679 0.0902990881645135 0.1806953804233384 0.5095309854894713 0.09810274504382269 -0.08968767412592288 -0.2735672064008752 0.3390636622396858 0.45669756699494346 0.48443074116452306 0.30825621499016376 -0.7057392294313484 -0.41552699372406193 -0.16729233805931704 -0.08710435877749237 0.08870873524935584 -0.1882052683082743
-9999 -9999 -9999 -9999 0.03886621431675688 0.1874933321388553 0.6891878247295173 -0.5503312140007992 -0.17228454686419017 -0.07343943386472136 -0.27805717320521495 0.18754194711836028 0.03320013618101874 0.08363110717346377 -0.25676483438958475 0.15596225849328585 -0.019684852016508696 0.18695221280478877 -0.22317652531226462 -0.24352607130998039 0.7684388842095765 1.7005097863920524 -1.7796843876904695 -0.7897396429817612 -0.6108947834577495 -0.7374793477984172 -0.6388505618746433 -0.5717827032922755 0.4341026259893712 0.03298898754125684 0.1036205025736929 0.24871783597968694 -0.4081951774141459 0.14879826755792827 0.13242140155232557 0.38198766081207486 -0.034122545380100566 0.1846343904787785 0.025091353941539035 0.025344286862737687 -0.37185136684674686 0.21838362880724752 0.30160402252856616 1.2179873249618 0.18476229229059865 0.7004126819327889 -0.14876570172574385 -0.10964449061244606 -0.10609125046350942 -0.036745410178873034 -0.41284672056682403
-9999 -9999 -9999 -9999 -0.08165480554771054 -0.034127904620662786 0.4490559087302084 -0.24687286249863058 -0.18303685552611187 -0.12993351841549305 -0.27416996879463795 0.16406254196711495 0.004224347622610595 0.12210381864261764 -0.19595691931460768 0.1845381648678513 -0.11138927398802928 0.11356952324268196 -0.06495333120391296 -0.22026723682355576 0.1047983804300975 -0.2366637891175158 0.15182410441765376 0.23214242534739304 0.6139455646345024 0.5157877964608192 0.64201921855826 1.6484682203726848 -1.3089142355040355 -0.7282162490105992 -0.5948391931324897 -0.6251623995883211 -1.0219243800786073 -0.2536531326531121 0.36427591634437734 0.17469870500364645 -0.27764149514782926 0.2537370991107008 0.08955677234026435 -0.09031702319123165 -0.14883569164104962 0.18682324732384112 0.09219355543326167 0.8334150047398114 0.49231528782319844 0.06398079952445228 -0.20098498892805877 0.04652986660757152 0.09433492528250806 0.18746090066487578 -0.528764637781398
-9999 -9999 -9999 -9999 0.010742500578931658 -0.04094378183375425 -0.004364040448834235 0.06856098622825975 -0.01681409458689837 -0.1533291918995762 -0.22250567759510081 0.06824827411710965 0.0019838431858774323 0.00802409385685664 0.06458038192884118 0.02700745937909346 -0.1617429655751733 0.09565689852222334 -0.05469737006510252 -0.2100863637503468 0.11965778692578422 -0.03864021995429264 -0.07920685318079086 -0.0396620572915535 0.00641327869076659 -0.06921757990249883 0.1313327744771096 0.010771555203847514 -0.368885414890943 0.9114344932694972 0.7143720996959401 0.6807165404073054 0.6397920430981099 3.3680312114371795 -1.6743342408167117 -0.10777500176801666 -1.0730691524807963 -0.6627018954086589 -0.36764157012123105 0.28352879592799635 0.012163697193789715 -0.33585031961354156 0.20635996674142343 0.49673741163123036 0.6381457402399802 0.3394013586171111 -0.2696437757930555 -0.22526980424538393 -0.04026431407444122 0.09207443501518084 -0.43499836690432087
-9999 -9999 -9999 -9999 -9999 -9999 -0.18028758121876043 0.13677691750912968 -0.02078547885466016 -0.14513781614174323 -0.04500482359791665 0.09458666870781346 -0.09025995181008395 -0.194701987479839 0.24922652462129996 -0.14631851824967645 -0.06415157252279305 -0.02553667904048337 -0.014687881585774155 -0.11488258183873694 0.0818228261135188 -0.0049961109843842345 -0.048490641663855125 -0.14007769348787388 0.0800600970392327 -0.19443746403510795 0.12734373275767877 0.003479917391885032 -0.2096694491365548 0.1977780945587434 -0.02800498485173658 0.002143613548962927 -0.25945740282438623 0.23011447923123973 0.14399378337758528 0.26473323487733075 0.4315993082529786 0.7518950002684927 2.115622339023704 -1.7728410943403103 -0.16686014352275558 -1.1525548789255795 -0.5133233659785128 -0.15120488422421896 0.7806584709755995 0.7433378195356963 -0.1851569637586691 -0.45409806457664736 -0.34660109117584803 0.029412458399188948 -0.9236283950988646
-9999 -9999 -9999 -9999 -9999 -9999 -9999 -9999 -9999 -9999 -9999 -0.14067361537901768 -0.1771050601812453 -0.2654392278707206 0.25769646213050745 -0.25945067966016233 -0.0013111700091337022 -0.013043654337663036 0.029447037273387062 -0.1382193322935868 -0.02230551553147367 0.02416319215396934 0.06156530267678525 -0.31663937238635703 0.18773294896901105 -0.17039556597987937 0.04737359069173268 -0.04071386474179083 -0.11206400530552828 0.4026610303533563 -0.039650036745182624 -0.012480246303595047 -0.09832879407420284 0.33707572069472486 0.04817045937660651 0.012507350207646456 -0.05864947822053768 -0.6719307362133559 0.1236778633358888 0.27639834138542607 0.4852703295335098 0.334317312284824 1.1017540018621295 0.5876170910374338 1.8325520360842271 -0.534957185921449 -0.14674567614396453 -0.20324433302976982 -0.38295626022816287 -0.3742504316749685 0.2804379418146045
-9999 -9999 -9999 -9999 -9999 -9999 -9999 -9999 -9999 -9999 -9999 -9999 -9999 -9999 -9999 -9999 0.10451884478920744 -0.08136982559666363 0.0635539926101014 -0.3200774654923855 0.01025718252338557 0.07283268438886277 0.12163011714862715 -0.05697242564666529 -0.39358452789899184 0.3651254366651709 -0.07296115333456835 0.015667695618305378 -0.04291569882694907 0.3055777701058932 -0.05044044023199829 -0.009299655098750411 0.03768160860901793 0.11757137848019007 -0.049144515722723124 -0.07545268071359013 -0.06712660103156377 -0.515806709611158 -0.07828031004900557 -0.02779898037783369 0.06913951690962902 -0.22285967105220042 0.29021091065112814 0.1142240608229775 -0.026936451563717958 2.3523447790637797 0.6622416223843757 0.3530037326624484 0.3768495127482395 0.2824121510850239 0.17596728037722342
