output/RioRessiOut/RioRessi_c_tangenziale.asc
NCOLS 197
NROWS 299
XLLCORNER 676026.5927825759
YLLCORNER 5072481.374398034
CELLSIZE 0.9572864394182301
NODATA_VALUE -9999
[rows 161 to 183 of 299, columns 51 to 101 of 197]
-9999 -9999 -9999 -9999 -9999 -9999 -9999 -9999 -9999 -9999 -9999 -9999 -9999 -9999 -9999 -9999 -9999 -9999 -9999 -9999 -9999 -9999 -9999 -9999 -9999 -9999 -0.11866638922057399 -0.13798673401813868 -0.14517194586452986 0.12219505527812563 -0.44612645417660524 -0.08348775746118976 0.0926090751335903 0.08579131190824626 0.030739904367433415 0.182436296645553 0.5062365342918499 0.50018720695095 0.3494576167757183 0.13061719058107124 0.039432181036095026 0.7864967336423953 -0.8705130848356771 -0.2911243080021912 -0.8538760811804351 -0.39136650271045437 0.2670284631688934 -0.5067317147295866 -0.24396370933655476 0.036485579296457286 -0.0961006124404414
-9999 -9999 -9999 -9999 -9999 -9999 -9999 -9999 -9999 -9999 -9999 -9999 -9999 -9999 -9999 -9999 -9999 -9999 -9999 -9999 -9999 -9999 -9999 -9999 -9999 -9999 -0.13290429440234633 -0.26707087555032355 -0.20444574920210462 -0.1114841317791856 -0.14113790391763245 0.13930110365086648 0.09722012474416834 0.0253142202979004 0.00417950735402119 0.2345369721120345 0.08460784852216638 0.09694221210070318 0.2880381571595787 0.1048779394280771 0.048460666912317846 0.08916094696860064 0.3064055465034772 0.6802321477261443 0.1722402785139936 -0.24083887059403256 0.37786702639508646 0.9937478009035869 -0.7042902120679914 -0.36513285557280445 -0.35044194874760987
-9999 -9999 -9999 -9999 -9999 -9999 -9999 -9999 -9999 -9999 -9999 -9999 -9999 -9999 -9999 -9999 -9999 -9999 -9999 -9999 -9999 -9999 -9999 -9999 -9999 -9999 -0.3997476385899781 -0.1342926265945937 -0.070884454146102 -0.11597945473440152 -0.1601629160980323 0.14008788649211834 -0.12065461520741366 -0.07730719869150665 0.019958372054747847 0.42006534222968334 0.18559747968138046 0.10273871962930628 0.02210007748235829 0.1704801952102739 0.07703341316480723 0.05070597170390444 -0.05169385396444314 0.4184237088025676 -0.4738451941882366 -0.2745529887582666 0.16655120057800418 0.3729354907423848 0.7049774883925364 0.3181354054124101 0.33072624889178703
-9999 -9999 -9999 -9999 -9999 -9999 -9999 -9999 -9999 -9999 -9999 -9999 -9999 -9999 -9999 -9999 -9999 -9999 -9999 -9999 -9999 -9999 -9999 -9999 -9999 -9999 -0.33547595541709124 -0.07603309745897488 0.04974522674888351 0.09331572582376525 0.08948686885947141 0.06518605959189427 -0.02296796980275338 0.06468580967334649 0.15525520857781064 0.6580312777905195 0.11782995092749791 0.04705532797186306 -0.01727183785323342 -0.07909444260841371 0.1164835020611326 0.10411052151190824 0.06376397819170403 0.3992619064480385 -0.38207147404689074 -0.252491801059439 0.04183218964407416 0.3216298529167763 -0.1360402306083989 -0.1556926459767894 -0.05582617135034665
-9999 -9999 -9999 -9999 -9999 -9999 -9999 -9999 -9999 -9999 -9999 -9999 -9999 -9999 -9999 -9999 -9999 -9999 -9999 -9999 -9999 -9999 -9999 -9999 -9999 -9999 -0.4791205890012984 -0.1526375996831049 -0.15351108420501158 -0.1396578239136586 0.13647417314050483 0.03677099347365627 0.05317470288697326 0.3183604655551637 0.4609519505632107 0.2399458831102783 0.12544272864148437 0.013126932916450439 -0.008017954198693653 -0.0695438861905503 -0.04190808162090715 0.13548941538136128 0.20011467328559987 0.24721504137850403 -0.17685131803186238 -0.024878306226146757 0.02184046623871096 -8.82361940519538E-5 0.3875273940872504 -0.3008924071895722 0.023447199236078808
-9999 -9999 -9999 -9999 -9999 -9999 -9999 -9999 -9999 -9999 -9999 -9999 -9999 -9999 -9999 -9999 -9999 -9999 -9999 -9999 -9999 -9999 -9999 -9999 -9999 -9999 0.2833068563048035 0.25737487230165823 0.25845486943626145 0.2955679775360998 -0.2426778935623704 0.26932823955895996 -0.3220738968951117 -0.146222061139725 0.34366230258241126 0.059400520839307615 0.08833796612636048 0.10883887207421906 0.042706503601283134 -0.05483759280431519 -0.25625040633741825 0.11856249703965048 0.25466852119020916 0.21079753493031791 -0.2395584942019469 0.03149288065821263 0.03399013380023072 -0.1038434182642728 0.332996798166413 -0.19177563736299374 -0.06100816616446181
-9999 -9999 -9999 -9999 -9999 -9999 -9999 -9999 -9999 -9999 -9999 -9999 -9999 -9999 -9999 -9999 -9999 -9999 -9999 -9999 -9999 -9999 -9999 -9999 -9999 -9999 -0.3501575442274367 -0.09137327534180674 -0.002827000966361605 0.00958187597144787 0.32160622283602863 -0.25255740318360237 0.43878730918004466 0.6019638291188797 1.086224942383813 -0.9955021659408695 9.283906833990255E-4 0.06285186095873527 -0.012557378116345405 -0.2807466819428248 -0.9639042989148467 -0.035691613592457254 0.09169116682820812 -0.05362146510320244 0.3259887945132091 -0.026245149438257835 -0.020887673615939274 -0.10840201291443928 0.24318498339440486 -0.0859106323740811 -0.09272874563678685
-9999 -9999 -9999 -9999 -9999 -9999 -9999 -9999 -9999 -9999 -9999 -9999 -9999 -9999 -9999 -9999 -9999 -9999 -9999 -9999 -9999 -9999 -9999 -9999 -9999 -9999 -0.025681264546818856 0.5260581131601476 -0.23440893085526254 -0.11937192944490811 0.0099383898253223 0.08288219011445438 0.734964131190376 0.11145369025765377 0.02328878042914655 0.06415266784750971 0.011211490734137202 0.11232580728512112 0.22743839141184122 0.75130868018171 0.5311992813164653 -0.9905378139734603 -0.15302051712853257 0.08945366652097551 0.015703026877229152 -0.2977584895750966 -0.4635407940571977 -0.17607014753795328 0.09196985825959805 -0.19352289717507787 0.0863933619383077
-9999 -9999 -9999 -9999 -9999 -9999 -9999 -9999 -9999 -9999 -9999 -9999 -9999 -9999 -9999 -9999 -9999 -9999 -9999 -9999 -9999 -9999 -9999 -9999 -9999 -9999 -0.2281171514175635 -0.7315787742152755 0.0790999186362909 0.172412657068136 0.17234821153862956 0.24613355732652187 0.5512541579755855 0.13494943028592887 0.04050500255553147 0.011090798876636346 -0.016987721632008367 0.017655392264985997 0.008370661916384291 0.08767647036769009 0.38153533738941353 0.23602465153484606 -0.104987466751302 0.11174320865705498 0.32819358590603787 0.2352928766885525 0.8774158697726706 -0.6815889694389959 -0.18179266345801764 -0.16771876952044038 0.009203027510987826
-9999 -9999 -9999 -9999 -9999 -9999 -9999 -9999 -9999 -9999 -9999 -9999 -9999 -9999 -9999 -9999 -9999 -9999 -9999 -9999 -9999 -9999 -9999 -9999 -9999 0.014711955313197939 0.10831544706621354 0.13080879770247555 0.2427523404955983 0.17822790582509182 0.20785251698901647 0.17912753459018244 0.4705739690475682 0.13994471423631294 -0.028273325179173005 -0.18750482381333797 -0.06868564319111312 0.06780162037153495 0.07685353933641476 0.03120684959476641 0.08140107166345137 -0.10866796212550998 -0.12439631910138751 0.17386725230505232 0.11212254969915404 -0.1469672689727769 0.13661302764216873 0.6142838598973006 0.28286097220291395 -0.056099606610664994 0.02655814597226104
-9999 -9999 -9999 -9999 -9999 -9999 -9999 -9999 -9999 -9999 -9999 -9999 -9999 -9999 -9999 -9999 -9999 -9999 -9999 -9999 -9999 -9999 -9999 -9999 0.05444701962277272 -0.05585121273592656 0.1972496625660177 0.1887224215274133 0.3209789829405719 0.1265162967583111 0.19367736864377783 0.204445102141425 0.24067667291773157 0.03302157101619125 0.040685499149847835 0.04333892838128109 -0.2715951628703017 0.03500936571986332 0.036489469052314795 -0.018259175303501633 0.15694022245701533 -0.20341858571140728 -0.13380906160379083 0.20363091379989964 0.1523717622418246 -0.14248485022127216 0.05028864660298776 -0.06648144740020064 -0.06297239584292817 -0.18985914632611 0.022419137568163133
-9999 -9999 -9999 -9999 -9999 -9999 -9999 -9999 -9999 -9999 -9999 -9999 -9999 -9999 -9999 -9999 -9999 -9999 -9999 -9999 -9999 -9999 -9999 -9999 -0.3166334677071336 -0.49327662890947166 -0.4428346523764268 -0.4422369189168401 -0.24775748886524543 0.20898386299069752 0.0734749161676649 0.16194491570748515 0.16064798610070727 0.03171728306185008 0.07905698492098576 0.07834770102708483 -0.08727165412174266 -0.06264521582444636 -0.007734733919809941 -0.001027872120341013 0.14099697934495195 -0.11356809865313469 -0.04377863269836914 -0.018880750895398046 0.02136866699291769 -0.09431341824381607 0.0030202191810336588 0.06630683015899139 -0.14876927028676207 -0.17539279381020886 0.19433139393088097
-9999 -9999 -9999 -9999 -9999 -9999 -9999 -9999 -9999 -9999 -9999 -9999 -9999 -9999 -9999 -9999 -9999 -9999 -9999 -9999 -9999 -9999 -9999 0.014512045162332938 0.4715963731404051 0.32989201582928374 0.4794077377415717 0.42201285943757816 0.9818967789648171 -0.562211025919006 -0.08774081675978447 0.18688801641992994 0.07620658531603697 -0.4051638606546182 -0.05848040468492794 0.020859852150734774 0.03181941644764579 -0.0032987852423546652 -0.022419590620277423 -0.05629384988379382 0.04893380811510027 -0.09962491210698671 -0.030041911263287834 0.06968248047866753 -0.0779456707922037 0.004522118568062079 0.018878867597939594 -0.08019588540709836 -0.06998934380315247 -0.07433996929593947 0.06634618302593959
-9999 -9999 -9999 -9999 -9999 -9999 -9999 -9999 -9999 -9999 -9999 -9999 -9999 -9999 -9999 -9999 -9999 -9999 -9999 -9999 -9999 -9999 -9999 -0.13179674292291302 0.13045448448296065 -0.18542887233417069 0.037382045584504114 -0.05668551897299358 0.1780658316051067 0.2576183160163869 0.18471529124633027 0.19305951080900205 0.3030562481978994 0.7428297340467601 -0.8570059123392657 -0.06840373983923315 0.008169764830441347 -0.20640738487423588 -0.13236223803943026 -0.20926406825937496 -0.12881208303074773 -0.0809823554209038 -0.026068665996899446 0.10889915043443484 -0.09503263575614246 0.16534207441252904 -0.04535631280606676 -0.10158873579165582 -0.1649860689136842 -0.15204510632722068 0.36362189882231616
-9999 -9999 -9999 -9999 -9999 -9999 -9999 -9999 -9999 -9999 -9999 -9999 -9999 -9999 -9999 -9999 -9999 -9999 -9999 -9999 -9999 -9999 -9999 -0.028156396915541393 0.07350720282039888 -0.21828707387282506 0.0930246390193793 -0.0646431096942564 0.5062443238757209 -0.01805822769796414 0.10540352234530195 0.174339402895749 0.3854654655620834 -0.13253158004655208 0.22406786783484586 0.03249433564701895 0.23941842816855524 0.1522353510492434 0.15065994752904702 0.63974123843067 -0.7033180461607134 -0.010752291181540422 -0.06272096413959116 -0.07134794917939875 -0.012516217548642109 0.1237632999485432 -0.15454942081947448 -0.09019580996322588 -0.10724628996066582 0.07582978661716905 0.2093845241217536
-9999 -9999 -9999 -9999 -9999 -9999 -9999 -9999 -9999 -9999 -9999 -9999 -9999 -9999 -9999 -9999 -9999 -9999 -9999 -9999 -9999 -9999 -9999 -0.08225648043839684 0.03427408925916505 -0.22038906788572488 0.14878261762828043 0.0959666982496225 -0.22203325330811716 0.21498355917711892 0.21666235289182093 0.1585844483990235 0.27958720766122097 -0.12747268905823714 -0.02183616102111162 -0.028282465556402046 0.09337338121010184 -0.06219752103427764 -0.01540112435700919 -0.005813364605001463 -0.11789918863377492 0.010098120259039669 0.11986045792808839 0.05056109572612386 0.08462919682697524 0.7680174568124937 -0.6494772040600262 -0.07299841637295121 0.034647218987727296 -0.10585276603646698 0.09949361960160888
-9999 -9999 -9999 -9999 -9999 -9999 -9999 -9999 -9999 -9999 -9999 -9999 -9999 -9999 -9999 -9999 -9999 -9999 -9999 -9999 -9999 -9999 -9999 -0.08300839308350252 0.08830574716327122 -0.024100121544619664 -0.04068019180529286 -0.07205002164074982 -0.09478667980672442 0.36248092863343956 0.12653110276854848 0.08196445200138575 0.11282388788178475 5.964293706859005E-4 0.03210259365600962 -0.008485213500085277 0.0073982005790490385 -0.058536861638957625 -0.01666281786360763 0.005710996826710881 0.017038037685980095 -0.05332901355528209 0.010640345361551246 -0.03345978811309718 0.11622821733597588 -0.0012024700668918117 -0.12346923617114093 0.024883753490100368 0.07491817639426052 -0.03289003280935911 0.7743108660163093
-9999 -9999 -9999 -9999 -9999 -9999 -9999 -9999 -9999 -9999 -9999 -9999 -9999 -9999 -9999 -9999 -9999 -9999 -9999 -9999 -9999 -9999 -9999 0.08681629109668304 -0.03691313928908752 0.07658805253570042 -0.009908990615712666 -0.04270114972356275 -0.03330792620851707 0.21359747084665437 0.044860551946414445 0.02038384538492777 0.1398457935695138 -0.12379086807025728 0.05815221449647374 0.026301567953396558 -0.054838344142500675 0.01708237000661479 -0.019038289514577707 0.029019288608331813 0.0682895581241138 0.013165364735120026 -0.09205118758139386 -0.05149762699549042 -0.004100312780215766 -0.1094062464903201 0.08526525365477997 -0.008221638168906767 0.06869692316700947 -0.0381371200595312 -0.18614009120129715
-9999 -9999 -9999 -9999 -9999 -9999 -9999 -9999 -9999 -9999 -9999 -9999 -9999 -9999 -9999 -9999 -9999 -9999 -9999 -9999 -9999 -9999 -9999 -0.09275637353943865 -0.05958014217375222 -0.14884624743043368 0.03426300452068024 0.07160411448814107 -0.12899625282685845 0.15335738060650952 -0.017104647455084717 0.019801918250003166 0.014962528272074041 -0.047964773815652256 0.08014385301155671 0.023023302694212232 -0.05268718302999372 -0.02811873271672274 0.07599289186364379 0.012188637897244994 0.08484585000978394 0.039868275992908986 -0.07747028362015866 -0.02178723318035031 -0.10890434823273261 -0.021623467439170065 0.11120891101796672 -0.00828234113486906 -0.027492376221684794 -0.059898827428879614 -0.27144191282666547
-9999 -9999 -9999 -9999 -9999 -9999 -9999 -9999 -9999 -9999 -9999 -9999 -9999 -9999 -9999 -9999 -9999 -9999 -9999 -9999 -9999 -9999 -9999 0.09252027200543096 0.12381761107676123 0.08352151392136398 0.672688603114207 -0.6629658280764424 -0.3917454578290147 -0.01353026898817357 -0.19989462363732505 -0.17130766309078785 0.017138412585405084 0.028911104556114293 0.12429689754785103 0.056301606543898146 0.06525438076457203 -0.09182597195883511 0.06091790620275452 0.02644528142216069 -0.05609083364193625 0.16815826860082633 -0.11675574439415017 -0.010217458482753282 -0.08814264269442305 0.027240848286112826 0.08429533153142969 -0.007875781288083925 -0.10821679071877897 -0.07147499777387 -0.16169962296561363
-9999 -9999 -9999 -9999 -9999 -9999 -9999 -9999 -9999 -9999 -9999 -9999 -9999 -9999 -9999 -9999 -9999 -9999 -9999 -9999 -9999 -9999 -9999 -0.030415073126501466 0.0037196346165943675 0.010838450288195982 -0.1112160892656549 0.004918129191127796 0.12802808173959623 0.3893548796802909 0.013801855894187087 0.2174052885380926 0.6875560855186325 -0.6567397117870021 0.009463030145247232 -0.02957781136758567 0.013078919022167684 0.1208099112979422 -0.1492039337280747 -0.020009701826876995 -0.009866545459787575 0.0960657402790881 -0.0794497542172913 -0.006809399279391869 -0.030705307807872104 -6.211161738640419E-4 -0.04420316661557535 0.059531550652810065 -0.07968899679587726 -0.041891852274279974 -0.17503420797791083
-9999 -9999 -9999 -9999 -9999 -9999 -9999 -9999 -9999 -9999 -9999 -9999 -9999 -9999 -9999 -9999 -9999 -9999 -9999 -9999 -9999 -9999 -9999 -0.0882107774274818 -0.06932936298343834 0.04072009399769998 0.04824439685771899 -0.06617261810859187 -0.14162486918222772 0.18058279238531247 -0.0257450610822889 0.03661399095451711 -0.014884196183568016 -0.012681553722751017 0.047725502894474026 0.029176988492317396 0.056098833400372625 0.13480638979813125 0.6585311437709517 -0.6622877168308829 0.0018387459381827343 -0.033840546959395285 -0.1192989551472115 -0.08624771305814692 0.08451478575047179 -0.029355651866560063 0.07736266436452674 -0.045881879468346994 -0.0516266458932394 -0.03027114982159173 -0.11353891244698833
-9999 -9999 -9999 -9999 -9999 -9999 -9999 -9999 -9999 -9999 -9999 -9999 -9999 -9999 -9999 -9999 -9999 -9999 -9999 -9999 -9999 -9999 -9999 -0.018587912755998026 -0.09582855895651946 -0.09678128134784196 0.08425414530171779 -0.022603587201156797 -0.007185273577676778 -0.077101380070415 0.08025845808710665 0.004650275888378217 0.02949430314520886 -0.055806598803701084 0.15189517314526474 0.02296553605694546 -0.01467268013026982 -0.02251046543228204 0.03426184529153246 0.06740703267464136 0.06065102003718656 0.006308467481276067 -0.08113424364429452 -0.04038889146906583 0.5615778016627466 -0.5702701155508693 0.04410352746718702 0.008211550770773604 -0.17059542084730817 -0.02510453214384007 -0.02451606736855512
