output/RioRessiOut/RioRessi_slope.asc
NCOLS 197
NROWS 299
XLLCORNER 676026.5927825759
YLLCORNER 5072481.374398034
CELLSIZE 0.9572864394182301
NODATA_VALUE -9999
[rows 46 to 68 of 299, columns 53 to 105 of 197]
0.5275379050803286 0.47735995834377815 0.42724577011642273 0.8210820814146086 0.5797561241111225 0.5066888725735281 0.47735995834377815 1.1522437781740027 0.639306571699354 0.5358902697848879 0.5306620720308889 1.0278509267343459 0.3575167084868575 0.3091650110870816 0.3259334990053952 0.38337991579018804 1.121894727797131 0.6351622686016719 0.5813140528662725 0.5598991176164292 0.9976293933758643 0.5369104059320096 0.5327661028343275 0.5943568227168025 1.2295190913184744 0.35519865472595 0.35309462392251145 0.40741687375674396 0.3551348962167549 0.497252613212652 0.2585571655954764 0.29764505793571666 0.30431750091882576 0.48992038465521454 0.2829025656689825 0.21865775991945258 -9999 -9999 -9999 -9999 -9999 -9999 -9999 -9999 -9999 -9999 -9999 -9999 -9999 -9999 -9999 -9999 -9999
0.47321565524609605 0.47735995834377815 0.42724577011642273 0.8210820814146086 0.5797561241111225 0.5098130395240884 0.5013969163103341 1.1146262577488886 0.7008972915818289 0.6685717274199088 0.6121454467822377 0.8179579144640483 0.339032238060677 0.3290576659559555 0.4095209045601826 0.4439504995255412 1.1470155804200037 0.6382226770430371 0.5505547268997628 0.5191217818665742 1.0289985798998578 0.5233298434734515 0.5160613734252091 0.568279592456003 1.2086063003024787 0.5562473076054033 0.3538198144016214 0.3666751863810696 0.3207053012513963 0.49514858240921344 0.2726313853182844 0.278879719219405 0.2954810223736273 0.5400345728825698 0.271090538225911 0.21347309138527998 -9999 -9999 -9999 -9999 -9999 -9999 -9999 -9999 -9999 -9999 -9999 -9999 -9999 -9999 -9999 -9999 -9999
0.4261797535089866 0.32280933205483486 0.3865040827407484 1.0247905182929806 0.46798745749209714 0.48367205075409386 0.5013969163103341 1.1146262577488886 0.7008972915818289 0.6685717274199088 0.6121454467822377 0.6006689151271182 0.5139573426217705 0.29354417633428004 0.41156117685442606 0.6069172490282388 1.1637203098291222 0.6518669980107904 0.5369104059320096 0.4742357913932178 1.11252222694545 0.534870133637766 0.5787359879640008 0.6086350018376515 0.5864536373262349 0.8848405906097172 0.39383631129818586 0.3567502792252842 0.31094485982772463 0.49514858240921344 0.2851116853052821 0.2777178971348099 0.27185696748748434 0.5891286249628035 0.24895425778870456 0.22158822474311535 -9999 -9999 -9999 -9999 -9999 -9999 -9999 -9999 -9999 -9999 -9999 -9999 -9999 -9999 -9999 -9999 -9999
0.4231014670187407 0.3719033841350685 0.4408263325749809 1.0592201132583392 0.5192783667530422 0.5096754589462704 0.4697760532702466 1.0467234454560979 0.8531710203537568 0.6350985100924768 0.5296419358837672 0.48992038465521454 0.5139573426217705 0.29354417633428004 0.41156117685442606 0.6069172490282388 1.1637203098291222 0.8085216551031722 0.615269613732798 0.47789118662808194 1.0540556740135354 0.7497030700413561 0.6048769767339953 0.6915247907301479 0.5517839842585939 0.790796789546932 0.3917322804947473 0.32722021061760553 0.28200388616996536 0.5390144367354481 0.2932719027373276 0.2888085793905182 0.301387036095163 0.5692997286031247 0.26148763041913914 0.2260064640157146 -9999 -9999 -9999 -9999 -9999 -9999 -9999 -9999 -9999 -9999 -9999 -9999 -9999 -9999 -9999 -9999 -9999
0.47844385300009495 0.2976884794319621 0.5160613734252091 1.0289348213906626 0.38440005193730975 0.5035009471137727 0.540098331391765 0.5421386036860084 1.2242908935644754 0.6278300400442344 0.5337862389814493 0.4398061964278592 0.6027091874213616 0.34263822841451363 0.4512827280829787 0.6675515912727871 1.151159883517686 0.6183937806833584 0.615269613732798 0.4408263325749809 0.5286217997366455 1.060240249405461 0.6842563206819056 0.7207899464507028 0.5233298434734515 0.7500551021712576 0.41678937460842497 0.30431750091882576 0.2851918116297208 0.5515111045376895 0.25265115187394066 0.2924602816779632 0.3133730726939588 0.30652662055512536 0.5191855403757694 0.22826066772622441 -9999 -9999 -9999 -9999 -9999 -9999 -9999 -9999 -9999 -9999 -9999 -9999 -9999 -9999 -9999 -9999 -9999
0.4575310619840993 0.4000846451993065 0.5724876540628802 0.9735924354093084 0.4575310619840993 0.549470832243446 0.4882605236964271 0.48890024850809277 1.1751968414842417 0.5640715308491259 0.5390144367354481 0.4617391235909765 0.5432224983423253 0.3467825315121957 0.43247396787042164 0.5787359879640008 1.596194277699544 0.6293285919001317 0.5672929057869014 0.389300980805046 0.5567393022916883 1.0247905182929806 0.5818601549145611 0.7207899464507028 0.5233298434734515 0.7500551021712576 0.41678937460842497 0.3008764048917175 0.4512827280829787 0.5306620720308889 0.2496756029760677 0.29692371274835355 0.2932719027373276 0.27052735451484583 0.5358902697848879 0.19057038168650023 -9999 -9999 -9999 -9999 -9999 -9999 -9999 -9999 -9999 -9999 -9999 -9999 -9999 -9999 -9999 -9999 -9999
0.41991354155898525 0.45963509278753795 0.5599272277514438 1.0237066236366636 0.6234225781785959 0.5568030608008835 0.52543387427689 0.5108331756712101 1.0895054051260158 0.52543387427689 0.4815680199506553 0.42412160316586245 0.6518669980107904 0.4439504995255412 0.540098331391765 0.627119472263832 1.236851319875912 0.8309896558423402 0.5787359879640008 0.4533867588864173 0.5076452502114547 1.0258106544401024 0.6121454467822377 0.6215817061431138 0.534806375128571 0.8493271009880418 0.41366520765786463 0.331097938250199 0.31910507725977016 0.5306620720308889 0.22898201291358755 0.29354417633428004 0.28729584243315937 0.27052735451484583 0.6048769767339953 0.1785875842554992 -9999 -9999 -9999 -9999 -9999 -9999 -9999 -9999 -9999 -9999 -9999 -9999 -9999 -9999 -9999 -9999 -9999
0.46798745749209714 0.43145383172329993 0.5463466652928857 0.5306620720308889 0.8921090606579596 0.5995850204708013 0.5212895711792079 0.5056049779172113 1.117750424699449 0.5390144367354481 0.4334941040175434 0.3687792171845082 0.8450552808719695 0.42412160316586245 0.45440689503353904 0.5358902697848879 0.6716958943704692 1.2995259344147037 0.5285580412274503 0.45026259193585694 0.4763398221966564 1.0070018942275454 0.4930445516057748 0.7302262058115788 0.5118533118183318 0.8806325290028401 0.4439504995255412 0.37081948947875165 0.3488865623156343 0.29322681866311745 0.42514173931298416 0.3207053012513963 0.2969687968225637 0.27181188341327417 0.49100427931153134 0.1785875842554992 -9999 -9999 -9999 -9999 -9999 -9999 -9999 -9999 -9999 -9999 -9999 -9999 -9999 -9999 -9999 -9999 -9999
0.6197256840933598 0.43145383172329993 0.5463466652928857 0.5306620720308889 0.975696466212747 0.5400345728825698 0.4753196860495346 0.5191855403757694 1.174112946827925 0.4795277476564118 0.39485644744530757 0.3801919903304326 0.9934850902781823 0.6396528448942667 0.5056049779172113 0.5362750627302862 0.5340659430939867 1.1866733731393613 0.577652093307684 0.4147491023141815 0.4575310619840993 1.0457033093089763 0.5452627706365688 0.5149774787688922 0.5589070916043221 1.0341630191446616 0.6906429328259988 0.3740074149385071 0.32274557354563976 0.2862119477768425 0.4920244154586531 0.28831597858028113 0.25280248895860563 0.24757429120460672 0.5244137381297682 0.18069161505893777 -9999 -9999 -9999 -9999 -9999 -9999 -9999 -9999 -9999 -9999 -9999 -9999 -9999 -9999 -9999 -9999 -9999
1.108377923847768 0.4757271510659925 0.542181076451822 0.49340010815638946 0.8085854136123674 0.5400345728825698 0.4753196860495346 0.5191855403757694 1.174112946827925 0.4795277476564118 0.3446785007087571 0.43770216562442055 0.5724876540628802 1.1281430616982517 0.474239376617056 0.4752559275403395 0.4638431543944151 1.1334350179614456 0.47213176058977924 0.43457799867386027 0.4690075936392189 1.089569163635211 0.497252613212652 0.5212258126700129 0.5745279263571237 0.5568030608008835 0.961032009097872 0.39594034210162443 0.35309462392251145 0.29354417633428004 0.4460545303289798 0.2903562508745246 0.265362915270042 0.25069845815516706 0.5358902697848879 0.2350138648931703 -9999 -9999 -9999 -9999 -9999 -9999 -9999 -9999 -9999 -9999 -9999 -9999 -9999 -9999 -9999 -9999 -9999
1.0759248426674577 0.41997730006818035 0.5546990299974448 0.5473668014400074 0.8409109777742874 0.4533867588864173 0.4564471673277825 0.5610111224077606 1.1657605821233656 0.5805927076789094 0.3624671247741924 0.43770216562442055 0.5724876540628802 1.1281430616982517 0.44713842498529666 0.4752559275403395 0.47219551909897434 0.9965454987195475 0.4617391235909765 0.47321565524609605 0.5149774787688922 0.9621159037541889 0.8723768359673005 0.5916833899346177 0.48970321407115336 0.5562022235311931 1.126102789404008 0.43213085130473256 0.3562187908730718 0.35825906316731526 0.5620312585548823 0.2089366346323709 0.23290983408973173 0.26427902061372516 0.5327661028343275 0.3789316437367008 -9999 -9999 -9999 -9999 -9999 -9999 -9999 -9999 -9999 -9999 -9999 -9999 -9999 -9999 -9999 -9999 -9999
0.9255185194761965 0.4753196860495346 0.6079373851753606 0.6121454467822377 0.9370588096405111 0.43661827096810374 0.49514858240921344 0.5411184675388867 0.5390144367354481 0.8148337475134879 0.37706782337987227 0.4753196860495346 0.6455549056004746 1.1658243406325608 0.43457799867386027 0.40110478134642824 0.40218867600274505 0.9965454987195475 0.4617391235909765 0.47321565524609605 0.5149774787688922 0.31464175391296073 0.9652400707047492 0.605897112881117 0.44707466647610156 0.5306620720308889 1.117750424699449 0.5170815095723308 0.4053128429533054 0.36355101943050927 0.5839004272088046 0.20387018357850817 0.23297359259892683 0.25803068671260454 0.26638305141716373 0.5191855403757694 0.2350138648931703 -9999 -9999 -9999 -9999 -9999 -9999 -9999 -9999 -9999 -9999 -9999 -9999 -9999 -9999 -9999 -9999
0.8430150085777259 0.45230286423010047 0.6131655829293594 0.6268099038971127 1.018478425882665 0.6610677801441099 0.47742371685297325 0.4846921869012156 0.4512827280829787 0.6915247907301479 0.46065522893465966 0.5453265291457638 0.6069172490282388 1.2200828319575983 0.4387860602807374 0.37183962562587336 0.3802557488396277 0.8231861122180472 0.6943398269112349 0.4528244413672127 0.5429475057133953 0.569502025423201 0.9652400707047492 0.6396979289684769 0.5990320940308796 0.5850109469515086 1.117750424699449 0.4468733435714668 0.46071898744385475 0.35934295782363207 0.5755480625042454 0.3523320399526849 0.26638305141716373 0.2611548536631648 0.23820179035292574 0.572423895553685 0.2559266559091659 -9999 -9999 -9999 -9999 -9999 -9999 -9999 -9999 -9999 -9999 -9999 -9999 -9999 -9999 -9999 -9999
0.9151258824773938 0.4982727493597737 0.5797561241111225 0.5149774787688922 0.4795277476564118 0.9234144886727579 0.5285580412274503 0.41889340541186354 0.35832282167651036 0.7385785705161381 0.5243499796205732 0.5787359879640008 0.5923165504225589 1.1438276549602484 0.4231014670187407 0.38962824969130866 0.38334988300930006 0.40106792417390724 0.7886927587434934 0.4003465789865441 0.4557549061908755 0.552505329445957 0.9965454987195475 0.6234676622528061 0.6411406193432031 0.627119472263832 1.1699686437302428 0.6625555545930464 0.5458779705370581 0.41955239460008775 0.33091710470284164 0.4982727493597737 0.26638305141716373 0.20791649848524915 0.23290983408973173 0.5641352893583209 0.2631951259574083 0.21837289399324697 -9999 -9999 -9999 -9999 -9999 -9999 -9999 -9999 -9999 -9999 -9999 -9999 -9999 -9999 -9999
0.9234144886727579 0.6840155739170999 0.5640715308491259 0.5212895711792079 0.4460545303289798 0.7552195414160614 0.47742371685297325 0.40945714605098743 0.3875879773970652 0.7228939772541414 0.6308904484855996 0.6759039559773463 0.605897112881117 0.9234144886727579 0.6071923114629252 0.369328735929929 0.386325431907173 0.4490824632077664 0.7855685917929331 0.41513415532748854 0.40111300824811746 0.42771261203213334 1.0059179995712284 0.6788309053829273 0.616795219269697 0.616795219269697 1.2107103311059173 1.1663249998177811 0.6470917171389491 0.4823545099748914 0.386325431907173 0.6048132182248002 0.24445012425404639 0.23507762340236543 0.23290983408973173 0.5641352893583209 0.2631951259574083 0.21837289399324697 -9999 -9999 -9999 -9999 -9999 -9999 -9999 -9999 -9999 -9999 -9999 -9999 -9999 -9999 -9999
0.45542703118066075 0.9673441015081877 0.5640715308491259 0.5839641857179997 0.43661827096810374 0.7490349660241359 0.4105410407073043 0.38127588498674947 0.41991354155898525 0.8973372584119585 0.605897112881117 0.6277662815350393 0.5557829246537617 0.45868537101453827 0.6936288215335865 0.34421690659484955 0.3671196162936293 0.4417337591115044 0.8139929598650961 0.51188457858257 0.464591384736074 0.4209950849748141 0.8660318303971601 0.7024549602690703 0.7024549602690703 0.6042167625650523 0.6227012329912328 1.2723010509883923 0.7268454444167864 0.5598991176164292 0.4416886750372942 0.691588549239343 0.24859442735172846 0.24132595730348608 0.25069845815516706 0.5379943005883264 0.2726313853182844 0.24445012425404639 0.20977619730004388 -9999 -9999 -9999 -9999 -9999 -9999 -9999 -9999 -9999 -9999 -9999 -9999 -9999 -9999
0.5244137381297682 0.9318306118865123 0.5578231969480052 0.5358902697848879 0.43661827096810374 0.7490349660241359 0.4105410407073043 0.38127588498674947 0.41991354155898525 0.7228939772541414 0.5902125196191204 0.5891286249628035 0.5338499974906443 0.43763840711522545 0.7500551021712576 0.33312622433914124 0.32059285170870666 0.32649886543024237 0.7855685917929331 0.5303690490087506 0.5399719568155223 0.4764484962533556 0.7865887279400549 0.6005198684798162 0.7216607758826139 0.6197256840933598 0.6123318959228876 1.254576185432152 0.8583106048137192 0.6781095601955641 0.49119098852008986 0.753179269121818 0.28206764467916046 0.2684233237114072 0.265362915270042 0.4941284462620917 0.4018343534354806 0.27334474193642083 0.26374183412964897 -9999 -9999 -9999 -9999 -9999 -9999 -9999 -9999 -9999 -9999 -9999 -9999 -9999 -9999
0.549470832243446 0.9589279782944334 0.5035647056229677 0.5504909683905677 0.49094052080233624 0.8555754348891623 0.4042927068061837 0.3446785007087571 0.336389894513393 0.8022733212020515 0.8413589929106854 0.5891286249628035 0.5338499974906443 0.43763840711522545 0.5453265291457638 0.27575555226884474 0.26427902061372516 0.28729584243315937 0.634078373945355 0.35832282167651036 0.39587658359242933 0.5517839842585939 0.8376620988254493 0.8804919693251358 0.6654475604693485 0.7165211914226515 0.6345132604343042 1.084340965881212 0.8252263845122907 0.755654167837102 0.6234676622528061 0.8137498528571712 0.30282972646988926 0.2821812204816193 0.2732996578622106 0.26950721836772407 0.42514173931298416 0.23399372874604857 0.24865818586092356 0.2607212011575658 -9999 -9999 -9999 -9999 -9999 -9999 -9999 -9999 -9999 -9999 -9999 -9999 -9999
0.5358902697848879 0.9266024141325133 0.5108331756712101 0.5462829067836905 0.4867962177046542 0.9056896231165177 0.31758113430083595 0.2809837500228436 0.3040005718422778 0.3572389270201935 1.027914685243541 0.5818601549145611 0.5306620720308889 0.45963509278753795 0.6957328523370251 0.3523320399526849 0.336056689162804 0.3412413576969766 0.634078373945355 0.4129250356911889 0.2156822110215796 0.3446785007087571 0.41889340541186354 0.9882568925241834 0.44809480262322327 0.6664676966164702 0.6372662994051105 1.103085967584574 0.7228939772541414 0.7604477391700604 0.7637693011949374 0.9292729376205684 0.33091710470284164 0.3072930498166987 0.3043625849930359 0.31689595762347056 0.43036993706698307 0.21206080158293122 0.22149706094380728 0.2266615001886111 -9999 -9999 -9999 -9999 -9999 -9999 -9999 -9999 -9999 -9999 -9999 -9999 -9999
0.4533867588864173 0.861823768790283 0.5431587398331302 0.5181654042286477 0.5024170524574558 0.8827365598062786 0.48600631998591726 0.2674669460734806 0.32059285170870666 0.42104016904902425 1.0706966449134587 0.5275379050803286 0.4575310619840993 0.43140950611736945 0.7113536870898267 0.35679536329949435 0.3338926536007146 0.3427291321459131 0.5870883526685601 0.5864987214004451 0.376001178913038 0.40625259270807984 0.47419429254284584 0.9882568925241834 0.5502962098096573 0.6728798075871814 0.454267131741939 1.3182709361180656 0.4617391235909765 0.629934070847673 0.6632797711567148 1.1303108510108852 0.5791049332299728 0.38186210856036357 0.2851918116297208 0.2799636138757219 0.5306620720308889 0.22774539484492792 0.1911480105669356 0.20791649848524915 0.35303086541331635 0.14111315227791477 -9999 -9999 -9999 -9999 -9999 -9999 -9999 -9999 -9999 -9999 -9999
0.4533230003772222 0.8586996018397227 0.52543387427689 0.4575310619840993 0.469071352148414 0.4575310619840993 0.6852764568290273 0.22876553099195096 0.3375895476859507 0.4417337591115044 1.1083141653385729 0.5177905923041057 0.4468733435714668 0.4320857672305224 0.7593510619223381 0.43582774538996866 0.40327704381020685 0.37446832038989136 0.3464260262311492 0.6027091874213616 0.38186210856036357 0.3915101004413456 0.42694618277055996 0.9819448001138676 0.5163479019293794 0.6800482590750284 0.6424307386499143 1.3182709361180656 0.6714371172124551 0.629934070847673 0.6861796094791893 0.712057868075842 0.6862246935533995 0.43036993706698307 0.3186012704479577 0.20995677077949262 0.5923165504225589 0.27161124917116264 0.2688814185896114 0.1957550502206728 0.3687154586753131 0.22010045029417885 0.17506146015819266 -9999 -9999 -9999 -9999 -9999 -9999 -9999 -9999 -9999 -9999
0.6108441214739512 0.81029606577986 0.5089541137589072 0.2939932479246908 0.4940646877528966 0.5003767801632123 0.497252613212652 0.23711789569650657 0.3545411595889846 0.44615199838410363 1.0457033093089763 0.55548087834383 0.5214874863893418 0.4631036102871375 0.7955084894389156 0.7460512600303302 0.42992173166843295 0.3989038886118178 0.37595609483882786 0.5589070916043221 0.3382658087991037 0.3597258281231571 0.3900223259924091 0.9850689670644279 0.5411184675388867 0.6194776753396752 0.643450874797036 1.079112768127213 1.158931211647309 0.6699944268377288 0.6625555545930464 0.6943398269112349 1.0082602356368324 0.5864987214004451 0.4202737397874509 0.2548151874360301 0.5923165504225589 0.18980395242492687 0.22564136404148935 0.13682576073270306 0.3520744877753897 0.2673936441406749 0.1504063231912612 0.13268145763496375 -9999 -9999 -9999 -9999 -9999 -9999 -9999 -9999 -9999
0.5745279263571237 0.40218867600274505 0.7772162270883739 0.2987086155790838 0.42412160316586245 0.4147491023141815 0.349906698462756 0.039721551228552664 0.3112690418905202 0.46756693363394697 0.9495554774427525 0.44840620209461346 0.5207661412019787 0.5406933020028856 0.5842896017641455 0.8058778265072608 0.47126382771918307 0.4594518002761116 0.4594518002761116 0.5620312585548823 0.31094485982772463 0.34421690659484955 0.4398061964278592 1.0425153838492207 0.4882605236964271 0.5200447960146156 0.6419070486047764 0.6360010348832408 1.2200828319575983 0.6936184817238717 0.6655311034909194 0.6818064542808002 1.0584838943069912 0.664088413116193 0.5628746665143022 0.40774036715701634 0.49100427931153134 0.30210838128252615 0.3050388461061889 0.2385849207203594 0.1794796994307919 0.37815171803618913 0.22821558365201422 0.1167226681301985 0.14938618704413947 -9999 -9999 -9999 -9999 -9999 -9999 -9999 -9999
