output/RioRessiOut/RioRessi_c_longitudinale.asc
NCOLS 197
NROWS 299
XLLCORNER 676026.5927825759
YLLCORNER 5072481.374398034
CELLSIZE 0.9572864394182301
NODATA_VALUE -9999
[rows 46 to 68 of 299, columns 0 to 50 of 197]
-9999 -9999 -9999 -9999 -9999 -9999 -9999 -9999 -9999 0.3733049132577687 0.2724727085949008 0.4073942013258983 -0.47964742354756024 -0.23285036466724476 -0.3634771982301789 -0.5085145583793997 -0.528108760082131 0.16329188687045365 0.25444949553923074 0.42385005761528854 0.22858266540293476 -0.05870935460673963 0.13113931501081763 0.14084767835979248 0.15599679124994478 -0.23222426451304856 -0.03392420962558079 0.07694151769513018 0.2063310507314361 0.24402448387861728 -0.2703769142123576 -0.03708619678715711 0.09403947154565118 0.24422321998973792 -0.1989163158860546 -0.020744785583410388 0.03719456781427684 0.22726441294104854 -0.3310085471210221 0.22272487636142715 0.1610703302410127 0.11443336960620323 0.15919837666937525 -0.3093291470250433 -0.03290858792563502 -0.041171934476686316 0.31114731584676397 -0.27014265373810853 -0.03189651103776502 -0.04350207461476735 0.25198791684020877
-9999 -9999 -9999 -9999 -9999 -9999 -9999 -9999 -9999 -9999 0.011032137650945708 0.04584870285055996 0.39225773614956105 0.33004070435702537 0.36870426461129363 0.3429710948794447 0.1546701883234613 -0.2903777506955162 -0.1337907274147477 -0.03582074222199943 -0.09653778976843227 -0.04065260982884481 0.05167749366776212 0.1372471866136888 0.38921991807933815 -0.22369680996585845 -0.09913887142019372 -0.07037239098619902 0.15034807932835045 0.334921736741111 -0.18463211129289847 -0.031384348318125886 -0.017213713950416674 0.2650468457584014 -0.2689732543731752 -0.053992257245339834 -0.021962548139444718 0.2177073666911522 -0.2996242741625128 0.2603450198984504 0.14002742633642304 0.04512458611068601 0.17621578072536834 -0.3248092081992567 -0.01861904942263537 -0.014947954514542427 0.25797846282121645 -0.2867037389399594 0.08916727422023726 -0.10695651647265068 0.27236137334932997
-9999 -9999 -9999 -9999 -9999 -9999 -9999 -9999 -9999 -9999 0.049040032829459776 0.06945789430069339 -4.725074903316599E-4 0.031559169572421275 -0.1357706575769049 -0.23978731730595765 -0.33204258542655757 0.2553798789690085 0.20084621980986883 0.36605457663229085 0.72122369594411 0.05712074043288677 0.01319233529622987 -0.10321280691393271 0.18458147421230933 0.4268618347241676 -0.4096094322812321 -0.028822291233458194 0.13630001314315365 0.3119429481908864 -0.12121600932081476 0.011661217534057893 -0.031085768930238716 0.22081384156811798 -0.27362379803083037 -0.13155408017621703 -0.08703233930484268 -0.05489354405790541 0.3436258446087721 -0.14479734514470233 -0.05158286135927065 -0.05623895830521269 0.1991938887225076 -0.3135571911911647 0.029536792521009478 0.028244319303806012 0.1204075577859311 -0.25098472203470007 0.0656668337024721 -0.058852084493333866 -0.010772917755357304
-9999 -9999 -9999 -9999 -9999 -9999 -9999 -9999 -9999 -9999 -9999 -0.25209797772773235 -0.21082659537807907 0.024865521756700915 0.14879698143117806 0.18310508451125762 -0.26608718801151476 -0.07204229561385961 -0.12029311063965924 -0.09742887955773953 -0.019862162101009936 0.21861458165315845 0.26167221339364577 0.1470822666856628 0.053114586159302674 0.5081442299157298 -0.4005861528091581 -0.029293704257800177 0.08804554624220733 0.29145359174508656 -0.2007361748488557 0.09453936221630865 0.1594752316959225 0.23879140375683178 -0.28561684996880926 -0.10889019259269557 -0.1010771426289068 -0.04247380959192376 0.4358661071977947 -0.18730392562148782 -0.0954262137551464 -0.06395465428043863 0.29056367282608864 -0.28272354519899373 0.03788523699051289 0.028553133480617877 0.03374850559654314 -0.21347792359036363 0.1033818110132648 -0.035248389099345204 -0.012048654081400935
-9999 -9999 -9999 -9999 -9999 -9999 -9999 -9999 -9999 -9999 -9999 -0.164487045198028 -0.2837046523646533 -0.16148545355305852 -0.1130201073962367 0.021323904381788203 0.06405463482135293 0.05750954526552128 -0.004851625804530847 -0.04861436225550487 -0.053322684366331904 0.07707748223595538 -0.055164089672187694 0.08522473374819713 0.222094748630487 0.4148980769782059 -0.41176292453491325 -0.0579252200958381 0.051635464085450895 0.3620031707741571 -0.22587043544209923 0.025953519786295315 0.14453167793289187 0.2434815632517069 -0.19141325810324925 -0.13261233694704117 -0.06668981639805734 -0.01574343989708572 0.3836658151662535 -0.2403104550922909 -0.04817392936047235 -0.02011877029998533 0.29406797773330523 -0.27986069395861995 -0.0031587596343453065 -0.010028221118865387 -0.1421893213811338 0.2630997849369099 -0.1736451206602383 -8.740142239479976E-4 -0.027565790271533712
-9999 -9999 -9999 -9999 -9999 -9999 -9999 -9999 -9999 -9999 -9999 -9999 -0.13482935573722807 -0.17197531337438127 -0.12278977184517154 -0.1264629917154374 -0.1682786772433603 -0.05235158515839888 -0.07142750540219647 -0.08859401522011627 -0.10276120614976249 -0.011860011560295217 0.1649047614760566 0.08832913706167381 0.1585243770136072 0.3541915762903737 -0.3000223131504468 -0.03385355021432453 0.15300331059152145 0.36175422901470805 -0.24257893684931162 -0.0338545011669227 0.2041690631978696 0.08271393263876864 0.14071218916888345 -0.32260674547579893 -0.18782151901860197 -0.13336246453747377 0.37491135224113636 -0.3480509702626897 0.059188062247653966 0.03721370592862628 0.2619650632166365 -0.2815479072284231 0.007963261217236391 -0.0029337057372589323 -0.13722641088153628 0.30782236309081995 -0.24328291319477174 -0.030074429047052088 0.016275546343707786
-9999 -9999 -9999 -9999 -9999 -9999 -9999 -9999 -9999 -9999 -9999 -9999 -0.0826073941799015 0.044414529721780796 -0.03309499257330413 -0.05709073661415228 -0.12499060240022278 -0.014733198572784057 -0.03465826873337088 -0.010560252223340193 -0.014557250290959703 -0.03535047486477969 0.05735690221801056 -0.02178792022601789 -0.1477265352967426 0.008992295997831494 -0.15747066443600516 -0.03012281781457771 0.10335247138595056 0.024952940358473584 -0.1858087874546837 -0.05912908091005898 0.13186119675401117 0.08969616528486182 0.22809454021885217 -0.16933337396589965 0.03610855213140921 0.004574533070613709 0.23436120731819168 -0.28166391609057395 -0.033706427790862616 0.03885516464115116 0.260116836612286 -0.24915265388950197 -0.0030836279119391186 -0.0742307247337278 0.03466103661447065 0.22056206836240788 -0.20373962155519865 -0.16296257053019766 0.07330104075113826
-9999 -9999 -9999 -9999 -9999 -9999 -9999 -9999 -9999 -9999 -9999 -9999 0.18259052181431315 -0.13790808005907526 -0.2917046064653486 -0.37877199456543165 -2.2210739540901484E-4 -0.08354220393805636 0.04034845732396746 2.3585243302238237E-4 -0.01067465615847368 -0.05129145208525763 0.020491119520742108 -0.04248185742326378 -0.0015784720427409035 0.0968284563135014 -0.07822065839365376 -0.02730717486976745 0.0606967032613632 -0.113626072548235 0.02575843514045738 -0.16725991709534715 0.05320193727372337 0.16462829497093953 0.32893665992297716 -0.11912913444126819 -0.02986320779213715 -0.03966334660694381 0.18532779619951817 -0.22205081399203028 0.03051321216291762 0.01688909415145911 0.012692260187591132 0.13596962964317544 -0.25951495425234244 0.03805055857603549 -0.04848348563976486 0.2144969745252523 -0.19845193681007425 -0.16419077181987152 0.11890877668393522
-9999 -9999 -9999 -9999 -9999 -9999 -9999 -9999 -9999 -9999 -9999 -9999 0.24452341060017263 0.04901271108846743 0.42258639148846877 0.4048150286995486 -0.4334826196024903 -0.26977872406032716 -0.26967800425470745 -0.3387595977828528 -0.25306044272498046 -0.20868696255633917 -0.0011553236966112617 -0.06042522475703829 0.03982367200717289 0.2108713006352306 -0.06021462513682871 -0.10616516839153335 0.22290020391929918 -0.0861312561906316 -0.041870369831889964 -0.002128280514386657 -0.06363030125994015 0.09865555334086146 0.24024755533701597 -0.03905662820281343 -0.04189070038463214 -0.07654577066206975 0.18058058682372094 -0.22023141049136696 -0.030810352954171477 0.050376506629434804 0.07858600452125708 0.1811350439803084 -0.3134793609570359 -7.509073224941194E-4 0.04255492201937611 0.24647649964395388 -0.23512436094491074 -0.3152499861742072 0.2090742839406064
-9999 -9999 -9999 -9999 -9999 -9999 -9999 -9999 -9999 -9999 -9999 -9999 -9999 0.23844254584356855 -0.10191063122323424 -0.0541311938988357 0.35009291540813353 0.19188216355580662 0.2906049741811852 0.23224537477885207 0.05268223230170066 0.13534617052559125 -0.003984704781642999 -0.2716439670012691 -0.31887415740075914 0.14123312998031037 0.5897020823936406 -0.29478884688733337 0.17164467789924232 0.15726896597010703 0.2047973266167519 0.0582092868031982 -4.1331348807979094E-4 -0.021546148613222182 0.27510052218842235 -0.09760911072230397 -0.140352734954404 -0.01606540159643811 0.07713129883373628 0.16731980416523778 -0.27746618693850944 0.048404526103648884 0.09079910541017931 0.17674778922079082 -0.2501672199961175 -0.05019924564020949 -0.040057224695874014 0.3228088954753152 -0.2830060348675063 -0.2545475307350011 0.17425577451805627
-9999 -9999 -9999 -9999 -9999 -9999 -9999 -9999 -9999 -9999 -9999 -9999 -9999 -0.040248045212608004 0.05626793163382942 0.008375420992160085 -0.017405896686218718 0.023990889699895133 0.03293103835765057 0.013231081944906596 -8.870504735996161E-4 -0.026789357697932 0.4098921570212328 0.05576236606978769 -0.24593872154291246 0.28007746287582064 0.45438167128097856 -0.17015010371658854 -0.12163229178823438 -0.02675519471484269 0.43912232011123575 0.10002643820291021 -0.09074037261850774 -0.1275823461315321 0.24495369392651842 -0.05042249107033229 -0.15968806638524324 -0.03471958734645499 0.06723875622160395 0.2671839339942296 -0.24289778160150066 0.03045623879063301 -0.036195694865409064 0.23475736754075574 -0.27344656550799734 -0.0306458444371743 0.05402107831950071 0.2268348370896007 -0.305954593713003 0.006382415701610503 -0.040226606715600195
-9999 -9999 -9999 -9999 -9999 -9999 -9999 -9999 -9999 -9999 -9999 -9999 -9999 -0.05365685608677934 0.08594645970090706 0.16234997214480407 0.12020744687542412 0.003840549696868875 0.005162690802530182 2.2042741406604917E-4 -0.016712957427541687 0.01783725990255964 0.20162470957951817 0.1317508536306482 -0.14848019022299166 -0.0463009175461372 0.13769664645074256 -0.047717302021661925 0.15497458583269175 0.2120985063925469 0.41012989916971787 0.08812953668273514 -0.06404161096818131 -0.20144778595443105 0.02783797480450099 0.3157132705671864 -0.21643040579617073 -0.043644610837266735 0.0014288252628599093 0.27901744605642936 -0.23374374146154323 -0.03465218362715057 -0.06300889174111944 0.29869223285966995 -0.24404626240553381 -0.04624551470295769 -0.02837707837964455 -0.018162558932658137 0.1962333693282894 -0.25462345117417984 0.025623133569315924
-9999 -9999 -9999 -9999 -9999 -9999 -9999 -9999 -9999 -9999 -9999 -9999 -9999 0.07909509716251571 -0.06934786201425719 -0.1453879406578081 -0.14622815894197955 -0.14718559367047096 0.11243086069053691 0.03219996757331205 -0.03901059609985865 -0.02724438386903217 0.19024955638324798 0.11559874945934356 0.03337251858164336 0.3303080163197003 0.38528847439796376 -0.12225715939352919 -0.11199141729382035 -0.09567837446067597 0.1649564761593514 -0.05377652961989435 -0.057023534027889046 -0.09770154524900528 0.046240559255756285 0.3307939365711445 -0.21295037700449607 -0.042865234338209664 0.07517895351310121 0.20473522890038667 -0.2554257660535709 -0.019986250939570058 0.027091870008254228 0.2399544508207493 -0.28564722337707243 -0.04124062085810517 0.023408047066595987 0.11285613177744283 0.19497011434155506 -0.2898212369753186 0.03755394756432348
-9999 -9999 -9999 -9999 -9999 -9999 -9999 -9999 -9999 -9999 -9999 -9999 -9999 -0.07463142756992976 -0.0885112507231026 -0.08296037971586268 -0.055311652352259884 -0.055284982683205836 -0.3079646198591272 0.15260297988246582 0.029504055851837806 0.04828516341002651 -0.29877899499120336 0.3496513655776041 0.17790440065063193 0.22915004624028543 0.10795993683433966 -0.04622691852199536 -0.0323028760214501 -0.04913207949599199 4.340850222726447E-4 0.39643084990683103 -0.23696834164129268 -0.007215872555506749 0.027772099049835436 0.3081010055449085 -0.1833736183419861 -0.040554101449544334 -0.04021040328006523 0.2899843972886786 -0.25411716088100766 -0.018599491541234577 0.02749102831966971 -0.007573410656781645 0.22499182369074008 -0.35274521615445215 0.015057503545102149 0.11028741760141984 0.19111285858549582 -0.2672201112816291 -0.02248509027743209
-9999 -9999 -9999 -9999 -9999 -9999 -9999 -9999 -9999 -9999 -9999 -9999 -9999 -9999 -9999 -9999 -0.025734546625997487 -0.02376256346062067 -0.23176655524924425 0.13569216799176242 0.03633537349202093 0.16808650877544914 -0.24974215644447237 0.36702210245770384 0.306637989059935 0.2169797241449188 0.06524986805616495 -0.0031146410546511252 0.09127664390640529 -0.010031787290936402 0.03783977693054407 0.39029318691636367 -0.27679656566414623 -0.01994592930245337 0.006079338252853691 0.34407074620387296 -0.16013334265375373 -0.05065479207286951 -0.027532903255377373 0.24104297105213288 -0.23652457570852012 -0.00879759433556767 0.01644394717603342 0.038837235360114825 0.1651753610445216 -0.33933395466369715 0.015836931028770342 0.11207843523202378 0.19156619338926226 -0.22936582183781423 -0.024659654990260058
-9999 -9999 -9999 -9999 -9999 -9999 -9999 -9999 -9999 -9999 -9999 -9999 -9999 -9999 -9999 -9999 -0.2146605121124895 -0.22446210878199885 -0.42470417182594555 0.01494819029973586 -0.18920327279505514 -0.08333695552294104 -0.2402817987032098 0.3634198136514529 0.20186935414515605 0.0990749130093172 0.16113932129263797 -0.24313884605183464 -0.06154863024316206 -0.17423776776613425 0.21090668413494862 0.4745757391406019 -0.3078740580980884 0.013393078953395815 0.034060588286114565 0.3124954166876234 -0.15747430887037545 -0.06621712584581263 -0.011253200605502554 0.1937483920443726 -0.26355210406522245 0.062346712610886146 0.01448044508399707 0.06953022486677873 0.11500862853879018 -0.35542780915463906 0.12424730991863273 0.031378081196066915 0.20314498706682962 -0.25888987948958925 0.009972134666128035
-9999 -9999 -9999 -9999 -9999 -9999 -9999 -9999 -9999 -9999 -9999 -9999 -9999 -9999 -9999 -9999 -9999 0.30652358651214706 -0.20639447135821884 0.1666511908673608 0.44610837613612747 -0.42198433310422284 -0.2312734187106748 0.3536432034543903 0.09621150521618195 -0.21502659517360648 0.026880030632555833 0.021657535662512245 -0.1074356495231924 -0.06832151472740412 0.14993659449391578 0.5240813436169633 -0.18713219202126521 -0.10799164833179242 0.03814769395639504 0.25845998426071254 -0.14238198297753 0.007585332022589691 -0.009770606036029932 -0.062147057498339126 0.19658110649198704 -0.19913816411030008 0.0220084469614051 0.0899002446546882 0.08537931457969646 -0.2669475183373707 0.03314526741411664 -0.016994623821492468 0.18586036945926196 -0.2584552470901848 0.03417876945722032
-9999 -9999 -9999 -9999 -9999 -9999 -9999 -9999 -9999 -9999 -9999 -9999 -9999 -9999 -9999 -9999 -9999 -0.04762989275227599 -0.16516226791178734 -0.04043946970916496 0.007256780721926032 -0.010208343926174998 -0.24749417006030094 0.3479524168600708 0.2181907322762876 0.1746565971618566 0.22567415879012948 -0.2857780342702522 -0.03984268043639092 0.08747775600282064 -0.0462450089887303 0.6050959194000752 -0.17711744513787994 -0.07158935853196194 -0.037600696655648615 0.25168875180619776 -0.14816378936615648 0.04084307704425981 0.004684389468370428 -0.004521716717132302 0.14661452067424288 -0.27708199239155823 0.00569485087645806 0.06272904884474827 0.1197427798862941 -0.24775946764545131 -0.017190589574099194 -0.08604214206727354 0.22694252301546003 -0.2357057258784991 0.03484986896572409
-9999 -9999 -9999 -9999 -9999 -9999 -9999 -9999 -9999 -9999 -9999 -9999 -9999 -9999 -9999 -9999 -9999 -0.07874310124176746 -0.13166413167192695 -0.04494227332130511 -0.04125455565406588 0.0013273874969999694 -0.05951706290171114 -0.18476634718645785 0.5051562992525394 0.2301236653606312 -0.03503260036437249 -0.023918027596063852 0.1859952850916139 0.03849604906845958 -0.035303704528495974 0.6059529965069896 -0.27606881987196086 -0.033946529767825216 0.010168578110903137 -0.026267642287009455 0.2598249051341358 -0.12427651699605333 0.04973061394698299 -0.01555954759195931 0.058315569888544624 -0.2562249452368778 0.0514618073760381 0.05061513263812916 0.11125964776278449 -0.27114861230724724 -0.00664721740731663 -0.08432652861566647 0.05563643441628441 0.23497835630293762 -0.20011597718329904
-9999 -9999 -9999 -9999 -9999 -9999 -9999 -9999 -9999 -9999 -9999 -9999 -9999 -9999 -9999 -9999 -9999 -9999 -0.3511799123340711 0.10149982787635282 -0.007521162408297027 -0.024875492854248008 -0.030220568509522098 -0.10256392463917845 0.34839232437749534 -0.21123825624605622 -0.09801708966015844 0.022350975206241956 -0.16850887607348197 0.02070641314551821 0.1769296710099858 0.40533040121255326 -0.21204066898458457 -0.03469768241552931 0.010349499685804571 -0.005448858068788562 0.27128158562559357 -0.2377483623169881 0.14868904298385885 0.03118478942064158 0.12000404723200293 -0.3298840656004203 0.0678653785468593 0.07118422995665273 0.09765348610766293 -0.3400674857181879 -0.023177857727448115 0.030588307840764366 0.04539990260134997 0.29211193447620165 -0.2622353807055803
-9999 -9999 -9999 -9999 -9999 -9999 -9999 -9999 -9999 -9999 -9999 -9999 -9999 -9999 -9999 -9999 -9999 -9999 -0.03251097434395504 -0.41791964272783844 0.23021538274342213 -0.049807683882101626 -0.03857389821328106 -0.06552414689725353 0.5361802382413818 -0.12119541087595252 0.15808598838042298 0.10677220186992849 -0.06606388738500056 0.09207372715835417 0.16043622109059288 0.00146757223616406 0.32106539110704085 -0.23535929275034215 -0.03395954455948 -0.015428805106075949 0.2566251542196265 -0.13210978941553086 0.06298822571357558 0.02726564216013749 0.1282431886970218 -0.32636341198154223 0.06639939719867677 0.01592970363716386 -0.12035563992934252 0.233816299663462 -0.27198634921614195 0.04200192466877759 0.04748141158353601 0.23552021324835135 -0.2524437630221998
-9999 -9999 -9999 -9999 -9999 -9999 -9999 -9999 -9999 -9999 -9999 -9999 -9999 -9999 -9999 -9999 -9999 -9999 -9999 -0.6999925574940099 0.19466357782134103 -0.038039156922078876 0.012299875090358856 -0.13134239307101842 0.6658509783521612 0.13939088578765763 0.24822370082268538 0.1439437778483021 -0.3918840992210278 0.08299571437518463 0.15673363564478968 0.011606598451698442 0.3408855506142764 -0.20699482571680275 -0.0729070205113114 0.0064598447425419595 0.30026165129859794 -0.1956556791692129 0.08530359527010259 0.04260901693371434 0.13347900710388758 -0.31222440807031177 0.06532624562689221 -0.027943173792324395 -0.06044680526396283 0.22349848139915557 -0.25690178275300946 0.04387174824959778 0.04326233454605923 0.24801693419549783 -0.2537735162789496
-9999 -9999 -9999 -9999 -9999 -9999 -9999 -9999 -9999 -9999 -9999 -9999 -9999 -9999 -9999 -9999 -9999 -9999 -9999 -0.45630900552523346 -0.08088448923120693 -0.0095512443891203 -0.07126889255576055 -0.11274981533365698 0.5079435310512261 0.2659659695119073 0.2573578108279777 -0.022383016846329398 0.11838457887768775 -0.0430089508609407 -0.08056846500400923 -0.18197902910895847 0.5089926682038002 -0.15150397712286223 -0.09333754813810435 -0.007910590268834308 0.314443914407364 -0.1713936685212342 0.041349782828871376 0.007582181455310428 -0.01954876441206062 0.12594645916304587 -0.33092461154383 -0.09724591851234561 0.0437787525478381 0.24436381590173886 -0.2526768353123194 0.07728516117243885 0.0618337404622628 0.20471736647701552 -0.2510775622408454
