output/RioRessiOut/RioRessi_rescaled_distance.asc
NCOLS 197
NROWS 299
XLLCORNER 676026.5927825759
YLLCORNER 5072481.374398034
CELLSIZE 0.9572864394182301
NODATA_VALUE -9999
[rows 120 to 143 of 299, columns 53 to 105 of 197]
-9999 -9999 -9999 -9999 -9999 -9999 -9999 -9999 -9999 -9999 425.70977784388674 424.31451436837455 415.44644239768866 412.0449612613473 397.34588614724345 389.5534240410538 392.8256062525004 384.3992017019969 376.48462546712403 360.91318810662875 345.2069683035132 340.0531081103246 333.154441437984 334.7025293053758 331.4334350647875 357.12943705106005 346.8276295812182 343.64905163203497 335.0873921317257 343.6515081671055 345.6100594067163 362.5653309217685 230.07464799805268 219.8901458250711 215.37440122458122 201.60498986692738 195.77255082423176 178.89504705906674 173.98157297457786 156.61374097279855 172.48400863982704 183.60981621219258 195.00973418620202 206.9268358457435 225.13626504935212 237.93804548718117 250.95478440003313 264.6975591689074 284.9522535724076 302.06152789110206 313.76319801786127 326.0613009112363 337.1413675085708
-9999 -9999 -9999 -9999 -9999 -9999 -9999 -9999 -9999 -9999 437.64621127591164 440.8149814310295 436.76446399187756 427.15304851265154 417.19849213965335 407.617686112215 398.02347521016577 396.4471002528686 380.7285588974875 365.60620201208116 360.1851176471381 354.26647315901977 349.66305591455165 350.202026206801 347.79618638082746 372.858449509864 362.1391932898382 359.52909989676425 350.344713342568 359.18270666256115 385.8704803800943 377.7211668958097 245.35526873722694 235.1004630055174 224.56963049906625 217.4368686146092 195.76738857910058 190.11777309600197 184.82826504233608 157.61966905329018 172.69536276899106 184.00371800525795 196.03635704422936 211.21670796959765 229.22253144585306 241.91870120227242 254.11062352881612 267.03265227380393 281.451431495096 298.7104794542603 309.48738760610746 321.44170992749804 332.393952712856
-9999 -9999 -9999 -9999 -9999 -9999 -9999 -9999 -9999 -9999 -9999 452.2258488827223 449.0247244390635 440.0484622411123 429.9279961410894 419.59617947000896 409.5943425977649 415.794565948392 405.2420276544716 394.8554087266469 384.57802965676365 374.07551932165444 364.11542014833066 366.52421396532134 362.07176972184095 387.68317972172844 377.4350424542183 373.4960069437967 364.0084416780883 374.1223974266968 401.8556693153853 392.76890184353385 259.3292884261731 248.39854679742896 237.04197796339668 218.3545958611844 207.33038109207183 201.10165126442286 195.2860640224921 158.62078244125948 172.9957587691985 184.47756192398663 200.0800710566355 211.6286998940096 228.8705488213484 239.3677774994764 251.2863702383391 263.61680058312135 276.6878502790232 295.29870685054266 303.3631116904112 314.95665502168424 326.0196880435783
-9999 -9999 -9999 -9999 -9999 -9999 -9999 -9999 -9999 -9999 -9999 463.49184358444154 460.97320020434984 447.25847276465026 443.17028490707196 432.6738805870352 422.0764858573208 422.78055061662684 414.41729812477087 408.66313871173844 398.9053063130713 390.6822400996263 381.8260105194236 380.9524950905831 412.56888001698525 402.7704244723526 392.9389805824909 383.1755576859429 373.5813060722747 389.52522210174953 417.82203442693526 413.40380440700847 267.1882984359397 255.58382790647957 237.88698730686033 231.02816188575258 218.67826117888097 212.4554137084445 174.5269332924478 159.64816540968886 173.28679705418287 184.47941226450223 195.8740304292374 207.73903182874415 219.19897720148316 235.07074796994195 246.41662401478487 255.36824493177235 267.8128821574928 287.48859861864645 298.02811440359784 308.7450839590083 320.2950015729882
-9999 -9999 -9999 -9999 -9999 -9999 -9999 -9999 -9999 -9999 -9999 474.9243513018884 472.7444320106402 459.36433735558205 454.6356017863539 444.41605826500864 434.2499102899541 434.92312113333566 426.1017939504206 416.31762712918345 412.2241664413894 399.96968729973474 402.056566034919 395.9846952098436 421.89640490848444 412.02275649600637 402.3438363699283 397.9700174513193 388.38321290230135 392.17830021284556 290.4416552369117 280.4676202750603 263.6723506919891 252.64691137183277 251.24859176220704 245.2463619156395 231.05240784901537 191.83266925080477 175.719253923046 169.5600578402159 161.02597251011818 171.78917673252377 183.46807574012885 195.43410651347082 213.99510966307705 227.37650630793556 238.50791637290078 250.12718238191928 262.3763832547856 280.9014707865945 291.9377170527143 303.87591026766603 317.71277300812943
-9999 -9999 -9999 -9999 -9999 -9999 -9999 -9999 -9999 -9999 -9999 487.0421812627597 491.31517619943776 470.8536573017082 460.79553704747815 450.3748276300156 450.9404916547501 441.7412153117612 431.96683634825945 427.37286374283246 424.23870958645637 411.9602986542289 413.9631388999064 409.0557449057485 435.6821585906889 426.5596767572469 417.4684633527607 414.0499463680025 403.53147912771993 405.8703653308623 303.1574904088204 289.50420770087516 272.2807350497774 264.99536484211853 226.84045239654242 215.70935379166175 197.42354072004557 185.43329689474626 173.7256563728818 162.37978032803886 170.74508166719315 175.04219983648568 186.4967795094776 198.54756149174594 209.89868238888585 223.28690438604158 233.52503541605574 244.6714246340334 256.51303042368187 273.3820984912753 285.3065114499428 300.0913152801563 312.3292576958146
-9999 -9999 -9999 -9999 -9999 -9999 -9999 -9999 -9999 -9999 -9999 -9999 502.2621600296323 481.55369220103216 471.8209763676381 462.2103288769716 462.93073548005265 453.3516555693379 443.25929913178857 438.3391465791653 434.9971747313017 422.77416472595866 424.888651134362 420.5764526079426 447.0549775743193 438.3135299610278 429.697896766669 420.5001108751125 416.664203013091 417.5380871691258 305.4789901671354 295.22122474338516 284.26284521889335 245.860669903523 234.8353342277936 224.54397565146058 205.63152191039802 192.57094172589882 179.76066983298637 172.72033860177436 163.74384815805132 173.51331684162358 184.9678965146155 197.01867849688384 202.84200290720196 216.2302249043577 226.40590290395758 237.2713055003818 248.3467465406977 263.9015067556278 281.8939007201136 293.50434097768687 297.54816619335094
-9999 -9999 -9999 -9999 -9999 -9999 -9999 -9999 -9999 -9999 -9999 -9999 -9999 -9999 483.3867034987471 473.46603805621527 469.4118992766288 459.5547333628212 454.66452281408067 449.34495720202113 445.8959556576144 433.7066727259509 436.3981645841996 464.08377353172597 459.7776447655955 450.63004556301775 441.93302967883807 432.5386689775237 429.0061047893431 430.01357431790615 312.1777210726438 306.26189323178437 264.7761512344344 254.10324890313063 247.62415521078228 232.96059422540384 220.02656217369963 200.3854969223619 192.14521599671534 184.1093321919284 173.94332906861715 165.12900558924014 175.7628105673022 187.16239713032417 198.7504344787186 219.49470383705824 229.99721417216747 240.8626167685917 251.9380578089076 263.21468506041407 269.8167590584576 280.21120978190174 292.65466249621915
-9999 -9999 -9999 -9999 -9999 -9999 -9999 -9999 -9999 -9999 -9999 -9999 -9999 -9999 492.7371880716754 483.10579586961785 475.69624953107586 470.8550741369251 466.2834624187295 461.29343296730747 457.6789197532682 445.25530156332843 447.77625895659537 475.6549837794577 471.9078345898647 462.83445115490196 454.43438655523636 445.1760835423997 446.7499656587571 442.7559605784538 324.4007001323501 286.22771418259975 271.6161899145264 265.6884075105032 251.83392481407645 240.38109111454332 233.16022709160043 212.96736173188253 203.88106743162726 191.68058280497416 185.02399203145376 166.14027509088416 179.76816973706622 190.06425910793985 201.16990241176904 216.17106574222998 218.05775011571097 228.7799630347982 239.62665510255277 250.506236922949 265.3388913351084 278.7905302184804 291.2339829327978
-9999 -9999 -9999 -9999 -9999 -9999 -9999 -9999 -9999 -9999 -9999 -9999 -9999 -9999 504.3531570463869 494.18615145970017 503.9056379857754 493.93723920092145 484.0608174168245 474.01993444756147 464.40483090261915 454.82816595751484 466.69893954000634 486.83244662003307 483.2429120338695 474.360935086089 465.94390000507394 457.0058447733482 458.9294252342112 342.54478327052465 304.8657684424788 294.08338926078744 283.37410728607676 268.899441794632 257.47712547381917 250.8204251651748 242.49299256574082 223.03552417541763 211.56961173467664 205.08175073493388 197.87248268626993 176.41056344868912 167.55393323410837 177.43291284804528 187.4737958173083 202.2608112169308 209.10093164475572 220.17943499404942 237.80295934614153 248.27281082471364 262.5778498430766 281.98389359278525 294.22069943786045
-9999 -9999 -9999 -9999 -9999 -9999 -9999 -9999 -9999 -9999 -9999 -9999 -9999 -9999 -9999 520.6833935509558 511.2555288640014 506.50953535792064 491.5011689839441 488.066595837422 477.3137484906572 467.43296400773056 470.07791999344147 503.1352049981462 493.5367762072539 483.9337994802754 493.50691674147487 504.8906227150634 470.72985190548627 322.4872261704519 312.6527880785107 305.9530097379536 291.2232101250613 275.04750884104453 271.97262253864665 259.8364325517116 247.4312382958666 229.81400428183062 222.92950011030484 216.09643168387242 200.58373994593504 187.06170249225352 177.32340191768466 168.91475606936456 179.1421055814992 189.5249392132872 203.54259353656056 221.79666970337706 232.70319981999538 250.6703479518358 264.14290384881707 276.97713816800353 288.8895525793988
-9999 -9999 -9999 -9999 -9999 -9999 -9999 -9999 -9999 -9999 -9999 -9999 -9999 -9999 -9999 532.9749854074753 524.1239869379002 520.2448674248476 505.1440079691553 501.46933379317215 490.0690339066275 486.4687448909908 482.3259872852956 514.6613489727247 504.71928359076213 495.48242831765293 504.85803763861827 508.3806686018024 344.76811169309894 335.13563964430057 324.7568193341781 313.68137829386217 302.2870911711533 289.15436728578516 277.10459359705203 264.50855081152935 252.21695895501298 239.96459208493522 232.91538049382333 217.4266228088611 207.05335093643188 193.56906924872902 188.83867906289225 179.7195513074057 170.38404748126396 193.0601600162035 204.6823554622752 215.75258184211526 233.73771008380567 245.51765941046574 259.1813877459831 278.8824307413024 290.18853283444827
-9999 -9999 -9999 -9999 -9999 -9999 -9999 -9999 -9999 -9999 -9999 -9999 -9999 -9999 -9999 544.7754120787504 536.2248361231483 532.4803804527427 518.1466942382418 507.7225709352242 502.1872381021706 498.2517089866446 494.21447064582304 526.6215229659732 515.9746717420904 506.38120924396566 515.8786352723523 519.522058446691 356.00779884583295 340.8331723855556 330.88795710823194 319.97279094672683 313.5200305957598 296.7082074875354 284.65742550526704 272.4779659298162 260.1863740732999 243.424187975886 232.11550781285297 223.55192894078567 212.41435460174606 207.38339845370442 201.43038325076057 191.61419028572064 181.54610037617192 171.80210114087674 207.59526046284137 217.6452082331954 228.52508008910394 247.08852956233372 261.5580492787614 273.87064318360837 230.08285026639544
-9999 -9999 -9999 -9999 -9999 -9999 -9999 -9999 -9999 -9999 -9999 -9999 -9999 -9999 -9999 556.0517167504978 547.3715380115727 533.4710013895793 529.5086515055388 518.8763880212906 513.7021760275203 509.6952402778644 542.2310828573114 538.329163487841 527.2300598934187 517.0587081897481 526.456481525593 529.9637049238078 355.68199989249933 345.9888317431437 335.9207387379716 330.4106030574815 319.43146475845043 302.8283534987184 290.53104034375315 278.1319251583542 265.664273062011 249.1143600550243 234.91575486822543 223.95423272613635 213.41015380405457 203.33233724893745 192.81344585603154 182.75734770213933 173.16441915890312 182.37165301446868 186.169331334613 221.71473792269424 231.53366797689247 241.6528737213055 255.8394878076088 212.67091328370765 223.02696832161794
-9999 -9999 -9999 -9999 -9999 -9999 -9999 -9999 -9999 -9999 -9999 -9999 -9999 -9999 -9999 -9999 558.1760502322569 544.3413160823562 534.505734797682 530.059355920836 525.3982325834857 521.6733667609716 554.2515296793738 544.2955768739743 539.8870191596322 528.0892989463234 536.9221588622464 539.97198531884 360.4034591064449 350.55225104654613 346.05491606517074 335.99906052875605 325.5996784691982 310.1070327752217 297.5712516558382 284.8537358232595 272.74656065666886 257.81585910244 241.82785972200625 230.74711021550377 224.55685569247902 214.90354749666918 199.95150216932254 196.068995775297 184.48872352899045 174.55021235964932 175.50806601326508 176.47539683384053 186.28665379203227 196.4058595364453 192.67207808783192 205.30272131764693 215.87201446855275
-9999 -9999 -9999 -9999 -9999 -9999 -9999 -9999 -9999 -9999 -9999 -9999 -9999 -9999 -9999 -9999 569.8493579081075 556.1886727518254 546.2077559538012 542.1101379031076 537.2429777656898 533.3351596756094 565.8056239538291 556.0832637009951 546.1932082302153 540.1765071153513 555.5812413882255 550.7351895412493 365.7111691426846 360.7054857463122 351.6332895225707 342.3475605746187 332.8141165446072 317.32870382023316 304.3865672349869 292.0140410334437 276.8502296646789 264.65566146093585 248.74564917301313 242.42370980775786 231.2326905436532 216.69363703015065 211.25433726414045 207.63438039909548 196.76157803445767 186.94893964549567 185.8791209584518 189.26074132085995 177.84316827301015 178.82475073493455 188.83018636307276 201.46082959288776 202.54705254795942
-9999 -9999 -9999 -9999 -9999 -9999 -9999 -9999 -9999 -9999 -9999 -9999 -9999 -9999 -9999 -9999 -9999 570.4981184194386 560.8762506652045 551.2015339826803 546.9206299063973 545.7914900227925 578.0100295457133 568.1096192318383 558.0111380273261 552.2943370762226 567.7856469801097 382.81951084184755 378.2820956607703 367.0474483853258 358.60437022503106 349.77649481037975 340.0436284950665 333.81296175037284 314.2902787756493 298.6999705536869 285.7831524382811 273.1125829383047 261.62745247451676 249.89803446321542 243.18701286504708 227.87983420698328 221.9814932146606 211.7877863573542 202.78722861546632 203.10417496240237 199.09402882599232 200.1932493208522 187.95271950842186 191.84153788449171 180.1929604705947 181.2823429400489 191.09816755929288
-9999 -9999 -9999 -9999 -9999 -9999 -9999 -9999 -9999 -9999 -9999 -9999 -9999 -9999 -9999 -9999 -9999 582.8716707296344 567.7403303345834 563.871678798457 559.9916796023022 561.5408241952659 611.4006696923013 601.7399316426018 591.9685089675385 581.5227144627063 580.2995741820336 396.3838593763968 388.0141788606046 380.7329692457736 371.79153990121654 357.69089958108077 351.6802141746629 337.7995692636217 319.13712690096145 307.22666772323396 294.7426482712302 286.40338901285486 269.09485222681616 261.7768946897543 244.72852864875935 244.3018026315696 232.17760807352445 217.07574299395648 213.14285288796412 214.06094304571926 218.34383573888013 212.79129972605648 200.17569856812818 203.5319863318344 191.38051864683905 194.9250624192393 182.6372275826229
-9999 -9999 -9999 -9999 -9999 -9999 -9999 -9999 -9999 -9999 -9999 -9999 -9999 -9999 -9999 -9999 -9999 595.0326629880598 580.1200725157845 576.5878226955474 572.7207813059558 574.5911134504537 624.6775890717146 609.0217706035772 599.8680968200694 593.8020646689616 596.2234675587604 405.46711762453486 395.63567373467316 386.93048744701366 376.18536042486477 365.9402874710828 355.33809222577696 340.7168372323395 324.82899613225095 313.25741234638804 305.9507444403183 296.81391090076016 279.5141484261113 262.14084946487145 260.492353954414 249.08608122590255 243.19337055016055 226.829566398369 222.93279330771554 224.1232281412078 228.58823862483666 225.25427151602221 213.23304207392047 216.24782150374313 204.00479332800347 207.3685151335599 194.41450045330814
-9999 -9999 -9999 -9999 -9999 -9999 -9999 -9999 -9999 -9999 -9999 -9999 -9999 -9999 -9999 -9999 -9999 -9999 591.6407802179787 588.3882493668225 591.6689007359395 641.4315817012996 637.4070930731507 621.5553746312117 612.7521065451999 608.5658338658069 611.4575123194783 419.74994700571676 405.78256757195203 396.3098638205253 388.7126631423561 377.7876441405519 356.09263770899037 344.9409297425818 329.0530886424932 317.6911313751998 306.0581960520807 293.84128674350256 279.7431778738884 277.6430248542349 265.4264947460364 258.2632804561828 242.05187970732763 237.03539974857543 233.25841603093158 237.47145111968246 239.40210469656643 237.86542479138387 226.6563010406812 229.89762017106307 217.69031418845123 220.91169162914562 207.8939297302963
-9999 -9999 -9999 -9999 -9999 -9999 -9999 -9999 -9999 -9999 -9999 -9999 -9999 -9999 -9999 -9999 -9999 -9999 602.4455754560198 599.4787614953303 603.1234804089348 652.9302634044888 637.8508088622443 634.0630144371714 626.1047448578614 621.9472305106683 436.9750010096673 432.4132969794096 418.3810147609369 408.6379381476248 395.5185899166035 373.54263680536883 362.26531120512277 351.15647639473536 334.49235138273446 322.84172182278263 326.91113665452843 315.1167740900763 297.9084145521016 285.6729015242098 273.4563714160113 261.472005363151 251.0060813361123 247.99692189066812 245.02964783722194 249.55865928871032 251.97440085356564 253.1536585202861 242.78482027321945 245.3501187589424 231.98809799524153 235.09110004367105 221.41596718398074
-9999 -9999 -9999 -9999 -9999 -9999 -9999 -9999 -9999 -9999 -9999 -9999 -9999 -9999 -9999 -9999 -9999 -9999 613.4264791050559 610.445342095174 668.1802984025317 664.015847742576 649.1168035639636 645.679329141925 637.8292761214778 634.5978033795868 448.92311153522724 435.29534038657124 425.58231430958284 404.1127580213863 390.54148904754015 379.6017950800717 367.9400021654373 371.9864141936402 355.0348318498809 343.0742919574573 330.9146388117083 319.1664493323358 308.2149780394171 289.7582974787194 277.3273137395337 265.8508998238683 261.0623664363017 264.6754830680285 274.35457322803677 284.1259959031001 294.08879604240576 305.82532112093566 315.50887515075493 263.47447484650047 249.92573594660723 251.39697831834846 235.915260031309
-9999 -9999 -9999 -9999 -9999 -9999 -9999 -9999 -9999 -9999 -9999 -9999 -9999 -9999 -9999 -9999 -9999 -9999 624.4371113911017 621.1497433829509 679.0598802229315 675.2606554164842 660.4092663474927 657.0845528242171 648.9759780099023 465.10295882797544 460.263748711477 446.11403658700067 419.87864469591074 409.5317795906126 395.95315381910285 384.62379989455997 389.0215061682706 377.63201076471313 359.52475447927725 346.8153450599634 335.16785646850366 324.9923730895956 313.2694955424636 294.4698686727361 281.98145620392984 275.67106580045623 279.0225958835936 276.28040019237346 286.6710888300267 292.2477413774913 303.9271090567455 318.86473258074386 333.1850742250444 334.81939728626355 283.92205174025105 274.0050768442635 263.4399193225468
-9999 -9999 -9999 -9999 -9999 -9999 -9999 -9999 -9999 -9999 -9999 -9999 -9999 -9999 -9999 -9999 -9999 -9999 640.3051107934197 630.7226077771373 641.7827323500095 687.0728707207061 672.3698062399196 668.6444603336329 660.8233346793713 476.819742303472 462.3045879098451 436.0691960187552 425.4324858388677 430.53163010392024 416.2038993276305 404.7823903041264 393.6154376480657 382.3122780280855 376.7357714708622 357.22567451787575 345.6489755126353 334.2599819224847 321.91808014623587 303.4185907977969 292.0618906980056 286.761577928964 290.41721404833226 289.33774369816575 293.6674157850747 304.5267093361123 316.00835736711684 322.75160167879767 346.358818397818 350.1934448207664 293.9375182756155 288.9907382824671 277.24720946334486
