output/RioRessiOut/RioRessi_Tca.asc
NCOLS 197
NROWS 299
XLLCORNER 676026.5927825759
YLLCORNER 5072481.374398034
CELLSIZE 0.9572864394182301
NODATA_VALUE -9999
[rows 74 to 110 of 299, columns 0 to 82 of 197]
-9999 -9999 -9999 -9999 -9999 -9999 -9999 -9999 -9999 -9999 -9999 -9999 -9999 -9999 -9999 -9999 -9999 -9999 -9999 -9999 -9999 1.0 2.0 4.0 3.0 4.0 20144.0 1.0 1.0 2.0 127.0 125.0 124.0 2.0 1.0 1.0 1.0 2.0 1.0 2.0 1.0 23.0 22.0 1.0 1.0 1.0 2.0 1.0 38.0 23.0 22.0 15.0 14.0 13.0 2.0 1.0 1.0 41.0 4.0 2.0 1.0 3.0 159.0 4.0 4.0 6.0 5.0 11.0 10.0 3.0 66.0 5.0 4.0 3.0 4.0 36.0 3.0 2.0 2.0 3.0 3.0 2.0 50.0
-9999 -9999 -9999 -9999 -9999 -9999 -9999 -9999 -9999 -9999 -9999 -9999 -9999 -9999 -9999 -9999 -9999 -9999 -9999 -9999 -9999 1.0 1.0 2.0 2.0 7.0 13.0 20130.0 20127.0 133.0 5.0 4.0 3.0 123.0 118.0 6.0 5.0 4.0 3.0 25.0 24.0 1.0 4.0 2.0 2.0 3.0 40.0 39.0 1.0 1.0 2.0 1.0 1.0 1.0 58.0 57.0 55.0 13.0 8.0 5.0 4.0 1.0 164.0 5.0 7.0 6.0 12.0 1.0 71.0 67.0 6.0 5.0 6.0 5.0 37.0 4.0 4.0 3.0 4.0 4.0 1.0 53.0 2.0
-9999 -9999 -9999 -9999 -9999 -9999 -9999 -9999 -9999 -9999 -9999 -9999 -9999 -9999 -9999 -9999 -9999 -9999 -9999 -9999 -9999 -9999 1.0 1.0 4.0 3.0 2.0 2.0 2.0 19989.0 4.0 3.0 2.0 2.0 4.0 111.0 28.0 27.0 26.0 1.0 7.0 5.0 4.0 3.0 4.0 41.0 3.0 2.0 5.0 3.0 3.0 2.0 2.0 59.0 1.0 1.0 1.0 1.0 1.0 189.0 188.0 187.0 185.0 20.0 7.0 13.0 2.0 72.0 1.0 13.0 6.0 46.0 39.0 38.0 5.0 5.0 6.0 5.0 5.0 2.0 54.0 4.0 3.0
-9999 -9999 -9999 -9999 -9999 -9999 -9999 -9999 -9999 -9999 -9999 -9999 -9999 -9999 -9999 -9999 -9999 -9999 -9999 -9999 -9999 -9999 1.0 3.0 1.0 1.0 1.0 1.0 1.0 1.0 19983.0 2.0 1.0 1.0 1.0 3.0 82.0 11.0 10.0 8.0 6.0 5.0 6.0 5.0 42.0 4.0 7.0 6.0 1.0 4.0 1.0 65.0 62.0 2.0 2.0 4.0 2.0 2.0 190.0 1.0 1.0 1.0 1.0 1.0 1.0 154.0 138.0 65.0 63.0 49.0 48.0 1.0 1.0 12.0 6.0 7.0 1.0 9.0 3.0 55.0 5.0 6.0 5.0
-9999 -9999 -9999 -9999 -9999 -9999 -9999 -9999 -9999 -9999 -9999 -9999 -9999 -9999 -9999 -9999 -9999 -9999 -9999 -9999 -9999 -9999 -9999 1.0 2.0 5.0 8.0 12.0 17.0 19975.0 5.0 4.0 3.0 2.0 1.0 1.0 2.0 70.0 8.0 7.0 8.0 7.0 49.0 48.0 5.0 8.0 1.0 2.0 5.0 68.0 66.0 1.0 1.0 8.0 5.0 4.0 3.0 193.0 2.0 2.0 1.0 2.0 2.0 3.0 155.0 1.0 1.0 1.0 1.0 1.0 1.0 16.0 14.0 1.0 77.0 69.0 67.0 57.0 56.0 6.0 7.0 5.0 4.0
-9999 -9999 -9999 -9999 -9999 -9999 -9999 -9999 -9999 -9999 -9999 -9999 -9999 -9999 -9999 -9999 -9999 -9999 -9999 -9999 -9999 -9999 -9999 1.0 2.0 2.0 3.0 4.0 15.0 7.0 19935.0 2.0 1.0 5.0 4.0 2.0 1.0 1.0 61.0 60.0 51.0 50.0 2.0 1.0 9.0 2.0 3.0 75.0 69.0 1.0 2.0 2.0 9.0 1.0 5.0 195.0 194.0 1.0 3.0 1.0 4.0 1.0 6.0 156.0 4.0 2.0 2.0 2.0 4.0 2.0 17.0 1.0 1.0 79.0 1.0 1.0 1.0 29.0 28.0 21.0 13.0 7.0 6.0
-9999 -9999 -9999 -9999 -9999 -9999 -9999 -9999 -9999 -9999 -9999 -9999 -9999 -9999 -9999 -9999 -9999 -9999 -9999 -9999 -9999 -9999 -9999 1.0 1.0 2.0 3.0 14.0 6.0 4.0 19890.0 38.0 6.0 26.0 25.0 24.0 23.0 21.0 3.0 2.0 1.0 14.0 11.0 10.0 83.0 80.0 76.0 3.0 2.0 3.0 3.0 12.0 2.0 6.0 196.0 3.0 2.0 4.0 1.0 2.0 13.0 7.0 162.0 5.0 7.0 6.0 3.0 5.0 19.0 18.0 2.0 82.0 80.0 3.0 2.0 2.0 30.0 1.0 1.0 1.0 1.0 1.0 7.0
-9999 -9999 -9999 -9999 -9999 -9999 -9999 -9999 -9999 -9999 -9999 -9999 -9999 -9999 -9999 -9999 -9999 -9999 -9999 -9999 -9999 -9999 -9999 -9999 1.0 2.0 3.0 10.0 5.0 3.0 4.0 19885.0 31.0 4.0 3.0 2.0 1.0 1.0 17.0 16.0 15.0 2.0 1.0 85.0 1.0 1.0 1.0 230.0 226.0 222.0 218.0 205.0 204.0 197.0 4.0 1.0 7.0 2.0 3.0 14.0 164.0 163.0 1.0 8.0 1.0 1.0 6.0 20.0 1.0 3.0 83.0 1.0 4.0 4.0 3.0 31.0 2.0 2.0 2.0 2.0 2.0 8.0 90.0
-9999 -9999 -9999 -9999 -9999 -9999 -9999 -9999 -9999 -9999 -9999 -9999 -9999 -9999 -9999 -9999 -9999 -9999 -9999 -9999 -9999 -9999 -9999 -9999 1.0 2.0 9.0 4.0 2.0 3.0 1.0 15.0 19868.0 19861.0 2.0 1.0 1.0 1.0 2.0 1.0 3.0 1.0 86.0 1.0 2.0 2.0 231.0 2.0 1.0 1.0 1.0 1.0 1.0 35.0 30.0 28.0 20.0 19.0 15.0 165.0 1.0 1.0 10.0 2.0 2.0 7.0 21.0 2.0 4.0 86.0 2.0 5.0 5.0 33.0 32.0 3.0 3.0 3.0 3.0 3.0 9.0 91.0 2.0
-9999 -9999 -9999 -9999 -9999 -9999 -9999 -9999 -9999 -9999 -9999 -9999 -9999 -9999 -9999 -9999 -9999 -9999 -9999 -9999 -9999 -9999 -9999 -9999 1.0 1.0 7.0 3.0 1.0 2.0 8.0 6.0 3.0 3.0 19858.0 4.0 2.0 3.0 7.0 6.0 2.0 87.0 2.0 3.0 3.0 232.0 3.0 3.0 2.0 2.0 2.0 38.0 36.0 1.0 1.0 1.0 1.0 1.0 1.0 170.0 3.0 1.0 11.0 3.0 3.0 29.0 3.0 5.0 87.0 7.0 6.0 6.0 34.0 1.0 4.0 4.0 4.0 4.0 4.0 10.0 92.0 3.0 3.0
-9999 -9999 -9999 -9999 -9999 -9999 -9999 -9999 -9999 -9999 -9999 -9999 -9999 -9999 -9999 -9999 -9999 -9999 -9999 -9999 -9999 -9999 -9999 -9999 -9999 6.0 1.0 1.0 1.0 7.0 2.0 3.0 2.0 2.0 32.0 19821.0 13.0 9.0 1.0 89.0 88.0 7.0 4.0 4.0 233.0 4.0 4.0 1.0 3.0 3.0 39.0 1.0 4.0 2.0 2.0 2.0 2.0 2.0 171.0 1.0 1.0 1.0 12.0 1.0 150.0 114.0 110.0 104.0 16.0 8.0 7.0 35.0 2.0 5.0 5.0 5.0 5.0 5.0 11.0 93.0 4.0 4.0 4.0
-9999 -9999 -9999 -9999 -9999 -9999 -9999 -9999 -9999 -9999 -9999 -9999 -9999 -9999 -9999 -9999 -9999 -9999 -9999 -9999 -9999 -9999 -9999 -9999 -9999 5.0 3.0 1.0 6.0 1.0 1.0 1.0 1.0 1.0 1.0 30.0 19807.0 357.0 90.0 10.0 9.0 1.0 1.0 243.0 5.0 5.0 2.0 4.0 4.0 40.0 2.0 5.0 1.0 3.0 3.0 3.0 3.0 172.0 2.0 2.0 2.0 1.0 13.0 152.0 1.0 1.0 1.0 1.0 1.0 1.0 57.0 21.0 18.0 12.0 6.0 1.0 11.0 12.0 99.0 5.0 5.0 5.0 6.0
-9999 -9999 -9999 -9999 -9999 -9999 -9999 -9999 -9999 -9999 -9999 -9999 -9999 -9999 -9999 -9999 -9999 -9999 -9999 -9999 -9999 -9999 -9999 -9999 -9999 1.0 2.0 3.0 1.0 4.0 8.0 15.0 22.0 26.0 28.0 1.0 1.0 19448.0 266.0 255.0 254.0 253.0 251.0 7.0 6.0 3.0 5.0 5.0 44.0 3.0 6.0 2.0 4.0 4.0 4.0 4.0 173.0 3.0 3.0 3.0 2.0 14.0 1.0 153.0 3.0 2.0 2.0 2.0 2.0 58.0 1.0 1.0 1.0 1.0 2.0 1.0 144.0 132.0 20.0 19.0 13.0 7.0 95.0
-9999 -9999 -9999 -9999 -9999 -9999 -9999 -9999 -9999 -9999 -9999 -9999 -9999 -9999 -9999 -9999 -9999 -9999 -9999 -9999 -9999 -9999 -9999 -9999 -9999 -9999 1.0 2.0 3.0 3.0 1.0 5.0 6.0 3.0 1.0 5.0 12.0 19447.0 19420.0 21.0 20.0 19.0 18.0 17.0 16.0 12.0 6.0 45.0 1.0 7.0 3.0 5.0 5.0 5.0 5.0 174.0 4.0 4.0 1.0 4.0 3.0 16.0 154.0 1.0 6.0 1.0 5.0 3.0 59.0 2.0 2.0 2.0 2.0 3.0 2.0 145.0 1.0 1.0 1.0 1.0 1.0 110.0 14.0
-9999 -9999 -9999 -9999 -9999 -9999 -9999 -9999 -9999 -9999 -9999 -9999 -9999 -9999 -9999 -9999 -9999 -9999 -9999 -9999 -9999 -9999 -9999 -9999 -9999 -9999 9.0 1.0 2.0 2.0 2.0 2.0 5.0 2.0 4.0 1.0 5.0 14.0 12.0 19386.0 19367.0 19361.0 1.0 1.0 1.0 1.0 72.0 26.0 24.0 16.0 12.0 6.0 6.0 6.0 1.0 179.0 1.0 6.0 5.0 4.0 17.0 155.0 2.0 7.0 2.0 6.0 4.0 60.0 3.0 3.0 3.0 3.0 4.0 3.0 146.0 2.0 2.0 2.0 2.0 2.0 111.0 1.0 1.0
-9999 -9999 -9999 -9999 -9999 -9999 -9999 -9999 -9999 -9999 -9999 -9999 -9999 -9999 -9999 -9999 -9999 -9999 -9999 -9999 -9999 -9999 -9999 -9999 -9999 -9999 8.0 1.0 1.0 1.0 1.0 1.0 4.0 1.0 3.0 4.0 2.0 11.0 6.0 5.0 18.0 5.0 19359.0 19347.0 75.0 73.0 1.0 1.0 1.0 1.0 1.0 1.0 15.0 2.0 189.0 9.0 7.0 6.0 1.0 5.0 18.0 158.0 1.0 8.0 9.0 5.0 1.0 64.0 4.0 4.0 4.0 5.0 4.0 147.0 3.0 3.0 3.0 3.0 3.0 112.0 2.0 2.0 71.0
-9999 -9999 -9999 -9999 -9999 -9999 -9999 -9999 -9999 -9999 -9999 -9999 -9999 -9999 -9999 -9999 -9999 -9999 -9999 -9999 -9999 -9999 -9999 -9999 -9999 -9999 -9999 6.0 5.0 4.0 1.0 1.0 2.0 2.0 3.0 1.0 3.0 7.0 5.0 4.0 17.0 4.0 6.0 5.0 19269.0 19219.0 4.0 2.0 2.0 2.0 2.0 16.0 1.0 190.0 1.0 1.0 1.0 203.0 195.0 189.0 170.0 11.0 9.0 1.0 10.0 6.0 66.0 5.0 5.0 5.0 6.0 1.0 5.0 151.0 4.0 4.0 4.0 4.0 113.0 3.0 1.0 74.0 3.0
-9999 -9999 -9999 -9999 -9999 -9999 -9999 -9999 -9999 -9999 -9999 -9999 -9999 -9999 -9999 -9999 -9999 -9999 -9999 -9999 -9999 -9999 -9999 -9999 -9999 -9999 -9999 -9999 -9999 -9999 2.0 1.0 1.0 1.0 2.0 2.0 5.0 1.0 4.0 3.0 16.0 3.0 5.0 4.0 6.0 43.0 19213.0 19209.0 4.0 1.0 19.0 1.0 2.0 192.0 1.0 3.0 204.0 1.0 1.0 1.0 1.0 1.0 1.0 111.0 99.0 92.0 25.0 19.0 13.0 7.0 8.0 6.0 152.0 5.0 10.0 5.0 5.0 114.0 4.0 2.0 1.0 78.0 7.0
-9999 -9999 -9999 -9999 -9999 -9999 -9999 -9999 -9999 -9999 -9999 -9999 -9999 -9999 -9999 -9999 -9999 -9999 -9999 -9999 -9999 -9999 -9999 -9999 -9999 -9999 -9999 -9999 -9999 -9999 -9999 -9999 -9999 1.0 1.0 2.0 2.0 3.0 2.0 14.0 1.0 2.0 4.0 3.0 5.0 38.0 4.0 3.0 19202.0 19192.0 3.0 2.0 3.0 194.0 1.0 4.0 206.0 2.0 1.0 3.0 2.0 1.0 113.0 1.0 1.0 1.0 1.0 1.0 1.0 181.0 172.0 171.0 18.0 12.0 1.0 6.0 115.0 5.0 3.0 81.0 79.0 8.0 34.0
-9999 -9999 -9999 -9999 -9999 -9999 -9999 -9999 -9999 -9999 -9999 -9999 -9999 -9999 -9999 -9999 -9999 -9999 -9999 -9999 -9999 -9999 -9999 -9999 -9999 -9999 -9999 -9999 -9999 -9999 -9999 -9999 -9999 -9999 1.0 1.0 1.0 1.0 1.0 13.0 1.0 3.0 2.0 2.0 2.0 37.0 3.0 2.0 4.0 5.0 19169.0 1.0 201.0 3.0 1.0 211.0 3.0 2.0 4.0 1.0 4.0 1.0 115.0 2.0 2.0 2.0 4.0 2.0 182.0 1.0 1.0 1.0 1.0 1.0 225.0 218.0 102.0 96.0 92.0 10.0 9.0 35.0 2.0
-9999 -9999 -9999 -9999 -9999 -9999 -9999 -9999 -9999 -9999 -9999 -9999 -9999 -9999 -9999 -9999 -9999 -9999 -9999 -9999 -9999 -9999 -9999 -9999 -9999 -9999 -9999 -9999 -9999 -9999 -9999 -9999 -9999 -9999 -9999 1.0 2.0 6.0 11.0 1.0 1.0 1.0 1.0 1.0 1.0 36.0 2.0 1.0 3.0 2.0 2.0 19167.0 18905.0 18847.0 18842.0 18841.0 13.0 7.0 2.0 5.0 2.0 116.0 3.0 3.0 3.0 5.0 1.0 183.0 2.0 1.0 3.0 2.0 2.0 226.0 1.0 1.0 1.0 1.0 1.0 1.0 70.0 69.0 33.0
-9999 -9999 -9999 -9999 -9999 -9999 -9999 -9999 -9999 -9999 -9999 -9999 -9999 -9999 -9999 -9999 -9999 -9999 -9999 -9999 -9999 -9999 -9999 -9999 -9999 -9999 -9999 -9999 -9999 -9999 -9999 -9999 -9999 -9999 -9999 -9999 1.0 2.0 3.0 1.0 4.0 9.0 15.0 22.0 34.0 1.0 1.0 1.0 1.0 1.0 1.0 60.0 57.0 3.0 1.0 2.0 18614.0 18609.0 9.0 3.0 117.0 4.0 4.0 10.0 6.0 189.0 187.0 3.0 2.0 4.0 3.0 230.0 227.0 2.0 2.0 2.0 2.0 2.0 2.0 71.0 1.0 1.0 1.0
-9999 -9999 -9999 -9999 -9999 -9999 -9999 -9999 -9999 -9999 -9999 -9999 -9999 -9999 -9999 -9999 -9999 -9999 -9999 -9999 -9999 -9999 -9999 -9999 -9999 -9999 -9999 -9999 -9999 -9999 -9999 -9999 -9999 -9999 -9999 -9999 -9999 1.0 2.0 3.0 4.0 5.0 4.0 2.0 5.0 6.0 5.0 6.0 14.0 22.0 58.0 1.0 56.0 1.0 1.0 1.0 2.0 2.0 18599.0 139.0 21.0 16.0 11.0 191.0 190.0 1.0 4.0 3.0 5.0 4.0 1.0 231.0 3.0 3.0 3.0 3.0 3.0 3.0 72.0 2.0 2.0 2.0 2.0
-9999 -9999 -9999 -9999 -9999 -9999 -9999 -9999 -9999 -9999 -9999 -9999 -9999 -9999 -9999 -9999 -9999 -9999 -9999 -9999 -9999 -9999 -9999 -9999 -9999 -9999 -9999 -9999 -9999 -9999 -9999 -9999 -9999 -9999 -9999 -9999 -9999 -9999 1.0 2.0 3.0 4.0 3.0 1.0 4.0 5.0 4.0 7.0 1.0 6.0 12.0 23.0 55.0 52.0 41.0 38.0 1.0 1.0 18264.0 195.0 194.0 193.0 192.0 1.0 2.0 5.0 1.0 6.0 5.0 2.0 232.0 4.0 4.0 4.0 4.0 4.0 4.0 73.0 3.0 1.0 8.0 3.0 3.0
-9999 -9999 -9999 -9999 -9999 -9999 -9999 -9999 -9999 -9999 -9999 -9999 -9999 -9999 -9999 -9999 -9999 -9999 -9999 -9999 -9999 -9999 -9999 -9999 -9999 -9999 -9999 -9999 -9999 -9999 -9999 -9999 -9999 -9999 -9999 -9999 -9999 -9999 -9999 1.0 2.0 3.0 2.0 3.0 3.0 1.0 3.0 6.0 5.0 5.0 6.0 22.0 2.0 10.0 2.0 34.0 3.0 8.0 18263.0 18239.0 2.0 1.0 5.0 3.0 22.0 16.0 14.0 7.0 1.0 235.0 5.0 5.0 1.0 5.0 9.0 5.0 74.0 4.0 2.0 9.0 1.0 4.0 509.0
-9999 -9999 -9999 -9999 -9999 -9999 -9999 -9999 -9999 -9999 -9999 -9999 -9999 -9999 -9999 -9999 -9999 -9999 -9999 -9999 -9999 -9999 -9999 -9999 -9999 -9999 -9999 -9999 -9999 -9999 -9999 -9999 -9999 -9999 -9999 -9999 -9999 -9999 -9999 -9999 1.0 2.0 1.0 2.0 2.0 2.0 4.0 1.0 4.0 4.0 5.0 21.0 1.0 9.0 1.0 33.0 2.0 7.0 1.0 14.0 18236.0 30.0 24.0 23.0 1.0 1.0 1.0 1.0 250.0 249.0 13.0 7.0 1.0 6.0 15.0 75.0 5.0 3.0 10.0 2.0 5.0 510.0 2.0
-9999 -9999 -9999 -9999 -9999 -9999 -9999 -9999 -9999 -9999 -9999 -9999 -9999 -9999 -9999 -9999 -9999 -9999 -9999 -9999 -9999 -9999 -9999 -9999 -9999 -9999 -9999 -9999 -9999 -9999 -9999 -9999 -9999 -9999 -9999 -9999 -9999 -9999 -9999 -9999 -9999 -9999 1.0 1.0 1.0 1.0 3.0 3.0 3.0 3.0 1.0 20.0 4.0 4.0 4.0 28.0 1.0 6.0 1.0 10.0 2.0 18205.0 18149.0 18139.0 4.0 2.0 2.0 251.0 1.0 1.0 1.0 1.0 1.0 123.0 100.0 24.0 18.0 14.0 3.0 6.0 511.0 3.0 3.0
-9999 -9999 -9999 -9999 -9999 -9999 -9999 -9999 -9999 -9999 -9999 -9999 -9999 -9999 -9999 -9999 -9999 -9999 -9999 -9999 -9999 -9999 -9999 -9999 -9999 -9999 -9999 -9999 -9999 -9999 -9999 -9999 -9999 -9999 -9999 -9999 -9999 -9999 -9999 -9999 -9999 -9999 -9999 -9999 -9999 1.0 1.0 2.0 2.0 2.0 1.0 18.0 3.0 3.0 3.0 27.0 4.0 1.0 5.0 4.0 1.0 7.0 48.0 9.0 18133.0 18128.0 257.0 3.0 1.0 2.0 2.0 2.0 125.0 1.0 1.0 1.0 1.0 1.0 1.0 1280.0 762.0 758.0 754.0
-9999 -9999 -9999 -9999 -9999 -9999 -9999 -9999 -9999 -9999 -9999 -9999 -9999 -9999 -9999 -9999 -9999 -9999 -9999 -9999 -9999 -9999 -9999 -9999 -9999 -9999 -9999 -9999 -9999 -9999 -9999 -9999 -9999 -9999 -9999 -9999 -9999 -9999 -9999 -9999 -9999 -9999 -9999 -9999 -9999 -9999 -9999 1.0 1.0 1.0 14.0 3.0 2.0 2.0 2.0 26.0 3.0 3.0 1.0 3.0 5.0 1.0 47.0 3.0 5.0 4.0 17870.0 17866.0 17635.0 17632.0 17627.0 17615.0 17614.0 3.0 2.0 2.0 2.0 2.0 1281.0 1.0 1.0 1.0 1.0
-9999 -9999 -9999 -9999 -9999 -9999 -9999 -9999 -9999 -9999 -9999 -9999 -9999 -9999 -9999 -9999 -9999 -9999 -9999 -9999 -9999 -9999 -9999 -9999 -9999 -9999 -9999 -9999 -9999 -9999 -9999 -9999 -9999 -9999 -9999 -9999 -9999 -9999 -9999 -9999 -9999 -9999 -9999 -9999 -9999 -9999 -9999 -9999 2.0 13.0 1.0 1.0 1.0 1.0 1.0 25.0 2.0 2.0 2.0 1.0 3.0 43.0 3.0 2.0 4.0 3.0 3.0 72.0 158.0 1.0 4.0 7.0 3.0 17485.0 17477.0 3.0 1285.0 1282.0 2.0 2.0 2.0 2.0 2.0
-9999 -9999 -9999 -9999 -9999 -9999 -9999 -9999 -9999 -9999 -9999 -9999 -9999 -9999 -9999 -9999 -9999 -9999 -9999 -9999 -9999 -9999 -9999 -9999 -9999 -9999 -9999 -9999 -9999 -9999 -9999 -9999 -9999 -9999 -9999 -9999 -9999 -9999 -9999 -9999 -9999 -9999 -9999 -9999 -9999 -9999 -9999 -9999 1.0 3.0 7.0 2.0 8.0 18.0 23.0 1.0 1.0 1.0 1.0 1.0 1.0 42.0 2.0 1.0 3.0 2.0 2.0 71.0 155.0 1.0 3.0 3.0 2.0 2.0 3.0 17471.0 16176.0 3.0 3.0 3.0 3.0 3.0 3.0
-9999 -9999 -9999 -9999 -9999 -9999 -9999 -9999 -9999 -9999 -9999 -9999 -9999 -9999 -9999 -9999 -9999 -9999 -9999 -9999 -9999 -9999 -9999 -9999 -9999 -9999 -9999 -9999 -9999 -9999 -9999 -9999 -9999 -9999 -9999 -9999 -9999 -9999 -9999 -9999 -9999 -9999 -9999 -9999 -9999 -9999 -9999 -9999 -9999 2.0 6.0 1.0 5.0 9.0 3.0 1.0 4.0 8.0 12.0 20.0 40.0 1.0 1.0 1.0 1.0 1.0 1.0 70.0 152.0 2.0 2.0 2.0 1.0 1.0 2.0 6.0 3.0 16172.0 8.0 4.0 4.0 4.0 132.0
-9999 -9999 -9999 -9999 -9999 -9999 -9999 -9999 -9999 -9999 -9999 -9999 -9999 -9999 -9999 -9999 -9999 -9999 -9999 -9999 -9999 -9999 -9999 -9999 -9999 -9999 -9999 -9999 -9999 -9999 -9999 -9999 -9999 -9999 -9999 -9999 -9999 -9999 -9999 -9999 -9999 -9999 -9999 -9999 -9999 -9999 -9999 -9999 -9999 1.0 5.0 3.0 1.0 8.0 2.0 3.0 2.0 1.0 3.0 7.0 17.0 2.0 4.0 40.0 41.0 56.0 68.0 1.0 1.0 150.0 1.0 1.0 1.0 1.0 2.0 3.0 2.0 443.0 15717.0 15714.0 142.0 133.0 4.0
-9999 -9999 -9999 -9999 -9999 -9999 -9999 -9999 -9999 -9999 -9999 -9999 -9999 -9999 -9999 -9999 -9999 -9999 -9999 -9999 -9999 -9999 -9999 -9999 -9999 -9999 -9999 -9999 -9999 -9999 -9999 -9999 -9999 -9999 -9999 -9999 -9999 -9999 -9999 -9999 -9999 -9999 -9999 -9999 -9999 -9999 -9999 -9999 -9999 -9999 1.0 3.0 2.0 7.0 1.0 2.0 1.0 2.0 6.0 5.0 11.0 1.0 3.0 35.0 7.0 7.0 8.0 3.0 40.0 149.0 100.0 21.0 1.0 1.0 1.0 1.0 1.0 1.0 441.0 2.0 15571.0 15569.0 10.0
-9999 -9999 -9999 -9999 -9999 -9999 -9999 -9999 -9999 -9999 -9999 -9999 -9999 -9999 -9999 -9999 -9999 -9999 -9999 -9999 -9999 -9999 -9999 -9999 -9999 -9999 -9999 -9999 -9999 -9999 -9999 -9999 -9999 -9999 -9999 -9999 -9999 -9999 -9999 -9999 -9999 -9999 -9999 -9999 -9999 -9999 -9999 -9999 -9999 -9999 -9999 2.0 1.0 3.0 3.0 1.0 1.0 5.0 4.0 6.0 4.0 2.0 34.0 6.0 5.0 1.0 7.0 2.0 39.0 8.0 4.0 74.0 19.0 3.0 1.0 1.0 3.0 439.0 1.0 1.0 1.0 1.0 15553.0
-9999 -9999 -9999 -9999 -9999 -9999 -9999 -9999 -9999 -9999 -9999 -9999 -9999 -9999 -9999 -9999 -9999 -9999 -9999 -9999 -9999 -9999 -9999 -9999 -9999 -9999 -9999 -9999 -9999 -9999 -9999 -9999 -9999 -9999 -9999 -9999 -9999 -9999 -9999 -9999 -9999 -9999 -9999 -9999 -9999 -9999 -9999 -9999 -9999 -9999 -9999 -9999 1.0 2.0 2.0 1.0 4.0 3.0 5.0 3.0 1.0 33.0 1.0 4.0 4.0 6.0 1.0 37.0 1.0 7.0 3.0 9.0 64.0 15.0 1.0 1.0 2.0 426.0 7.0 4.0 3.0 5.0 15542.0
-9999 -9999 -9999 -9999 -9999 -9999 -9999 -9999 -9999 -9999 -9999 -9999 -9999 -9999 -9999 -9999 -9999 -9999 -9999 -9999 -9999 -9999 -9999 -9999 -9999 -9999 -9999 -9999 -9999 -9999 -9999 -9999 -9999 -9999 -9999 -9999 -9999 -9999 -9999 -9999 -9999 -9999 -9999 -9999 -9999 -9999 -9999 -9999 -9999 -9999 -9999 -9999 -9999 1.0 1.0 2.0 2.0 2.0 2.0 2.0 1.0 31.0 3.0 3.0 1.0 4.0 3.0 33.0 5.0 1.0 2.0 8.0 63.0 9.0 5.0 1.0 237.0 188.0 2.0 3.0 2.0 1.0 7.0
