output/RioRessiOut/RioRessi_rescaled_distance.asc
NCOLS 197
NROWS 299
XLLCORNER 676026.5927825759
YLLCORNER 5072481.374398034
CELLSIZE 0.9572864394182301
NODATA_VALUE -9999
[rows 96 to 119 of 299, columns 53 to 105 of 197]
125.54301752586731 130.0875599452663 126.4398404769488 117.91398601362901 121.52630378516812 109.97520991987314 120.63090220394376 131.27776330312503 142.03650699801497 152.6528339691862 172.61366609190554 182.9769889996616 181.1167781451651 191.36626881051552 207.86692812197447 219.70093659764532 230.00270145037138 213.98561715387999 218.75186725530085 230.76381528643233 242.07437300173686 211.07932909613197 216.12754318794097 222.4394318502336 228.06717976365775 239.70197363470152 250.12152089394937 266.85445674517894 272.4778570444897 282.914344594888 276.12655577005376 282.06671421122235 294.5988907253814 306.22074007143175 317.44037710472753 327.9746111525204 343.5216753452059 354.12290028655633 364.76724117983514 374.8171889501892 387.08393473017003 397.0678936631096 407.16767513577116 417.2612474203871 427.6248041419268 439.50749934341457 449.9572057817326 460.25672537273965 470.97893829182686 484.5363698888397 495.59160650248515 506.97531247607367 525.4086804161349
144.0651700985008 153.70927376568343 163.35584177432742 128.61838730140585 132.14263075634307 111.00115924649627 124.30923752412204 134.3623491041573 144.6879718273695 155.125478943085 155.8141619816156 165.9531890170851 175.8455534351372 186.35484262674285 197.33783827269284 212.3941300333365 197.72880750346764 203.16232105653975 213.14196685191013 225.9818711511266 195.13105868452746 200.21080940923324 205.55469714933423 212.46278240325063 223.09417202612127 233.7475371697604 244.0088415583057 253.66014856716384 267.3099472344809 260.3912394815098 266.83965407517115 277.5396889744914 290.2885227039123 301.6024049041308 312.77955266847556 323.53243830464874 338.8125833132524 349.7839316480489 360.86292613886235 371.54042508464113 382.04142050252375 393.6239574843911 403.75265128696117 390.2556025019594 400.2526117017345 412.4196291033755 423.2617328151914 434.14624884290714 475.3443741853711 489.26025379735364 500.359157389247 511.71552911409356 523.1494799645118
156.28207940708216 165.34255588373634 174.06024306210423 177.58178250425345 121.55984959329334 111.95844568591491 112.9211498125303 122.97426139256555 133.29988411577776 137.84856385362465 149.9361446782092 159.58333521634725 169.87925574193866 180.35705588903033 191.25117191547093 204.62574685540076 185.1045328223032 195.0246787772646 205.30403997492806 213.969670801574 182.34911561736283 186.64646087468398 192.73459787613592 207.0823443473932 217.2489591654066 227.93775304494855 237.81678895075382 248.1108380696683 244.69158190043703 251.15511940164674 262.3700887469564 273.15086570623265 286.3929233415742 297.2396154093288 308.2502476953709 319.9106369939689 334.65211478571007 345.7174398928403 356.5592570599984 367.1843075375738 377.7199588014373 389.3988578090424 375.8376187273781 386.07207510560676 396.5338094477049 408.7008268493459 419.5429305611618 430.42744658887756 441.2274342143058 455.1433138262883 467.3659133862637 479.160632496512 527.6060000170133
170.08189418021422 178.03231294516527 185.91335586695746 189.86686863664085 133.61693702050394 123.24573141314166 125.61047700851867 114.30715194599297 124.04776122071972 133.9887078860486 144.3791199093116 134.53077796299954 144.62836695804486 155.37294958446972 158.26248228668217 161.91220097434552 172.11505617324121 182.32850902084215 192.25333588662997 168.4138202392653 167.0998725294432 172.882650919705 184.09304594762975 194.59818788313635 209.9460497679878 220.73900166526803 231.73135928719879 225.53755693208421 234.70765797037166 245.82533010506324 256.86086487317345 268.29549623513435 283.0216629217807 294.09188930162077 305.24860964774666 316.46215091417173 327.6861947946067 342.0512028063283 352.95962639906213 340.13662967765526 350.44722112966423 361.7238483811707 372.0568076529791 382.4984541300921 393.1851613801023 405.3461536385244 416.15066585920493 427.3696142750978 445.9577229733532 456.9980304849612 470.54811667873935 482.34283578898766 493.53576727097595
184.53631651052842 204.42811994211525 200.1076293332508 204.135208941503 147.3094385288025 144.13190416489763 137.13118471071277 139.98774782769226 115.68019143678215 116.64160519531697 117.62230481062144 128.45954090784474 138.50060806443588 140.71736109571506 146.6345384674373 159.33934887571738 150.3944664222444 149.17303820838094 153.87020183774226 154.13678723473 152.85414730028444 163.603713330477 175.45106999994277 186.46170228598487 200.3917640916487 211.8570809709272 206.94056279151332 214.02982679417312 228.65598041911085 239.7525231740105 251.93283348966 263.70325556111925 279.5511814837525 290.46924586724214 278.1736712740305 289.2402502451484 300.65621978589616 314.4194856685423 325.33259480783704 336.6108674129379 346.8899727751385 359.13157018810494 369.72635525633945 380.2454996349474 397.2423762827386 410.47791935746943 421.36737724343806 432.5922371829831 443.51033208299066 461.50267581441796 475.5792912609486 486.4280506320703 497.89908109044313
199.26990531169517 219.4603200613757 215.38777434185707 166.66265918825536 162.57388980216405 159.38319498236544 153.5340563505377 152.7365815571162 126.8991398526785 129.88177402339483 130.60016141230741 119.04035847023422 120.00275035181657 129.70190059940717 139.77040912714534 151.85761729616993 138.28262160570836 136.34447632878945 141.24592715657784 138.5430303433371 149.532775175588 155.72549448622084 163.96856182506392 166.66200190685 181.46610347124243 188.09806229765377 194.3162881103489 206.30065416320917 221.76081989704974 233.1011298428756 246.24054106637635 258.7418979427715 270.11471692639844 261.15079732969355 272.07690499971056 283.3941192769776 294.8650847092764 310.10371777655206 321.1967085501828 332.1339364665077 327.6879447784454 341.31360538886173 351.90839045709623 362.5815672956043 373.33585748075006 384.263357898368 398.0131410356654 437.2002834720516 448.0801553279601 458.62014073860837 472.6668021284661 491.1044860330921 502.2306046444566
216.02407591812874 236.0510849756385 231.1642896581131 181.94280419686163 179.9932913783715 175.20729665217655 169.77527575436372 145.4890216773857 140.11404772021902 142.8038027683857 143.01169883029374 145.2240456190826 132.80192901026612 121.37290181644629 122.3349906485782 123.45428379677703 124.43390850918229 125.39749249859491 126.38085984672172 127.34503520510565 137.3533156001339 143.3658277820305 145.62621330367432 157.71118121996844 167.95187247979487 178.76142652490765 182.34181196513987 190.1643817089036 206.25469517325564 217.89604232449216 222.566868517381 231.25996146741866 240.0542169634242 254.76508418631818 265.8555963148224 277.01733533390546 288.44984305134886 305.2696949289366 301.7925851617641 312.77680916042874 323.0892477963362 337.551446033032 348.25814406041894 359.081393381942 370.0695991348982 381.05558978753277 395.3606288058957 400.83736112487 412.0407432172142 423.28555089111876 437.4870363371684 448.6954949133066 459.9721221648131
234.51520947740894 254.0734536653979 250.19659319963384 199.57746279893422 196.3233898444858 191.11860075585108 172.29855435223234 163.87738844878587 164.13910725384005 158.51683829165654 157.22085034803578 158.78839415363186 145.84558302560723 133.56482414299325 133.3804707567865 136.70549334153688 147.61860248083164 138.4449333025103 139.1131104738163 148.85012956970198 128.70380043580826 129.6834251482135 139.88290605877546 146.28989872876895 160.55054660434823 161.9119703027954 169.69703066633403 182.40087271438807 195.28537687329384 202.65591973328762 211.47354206996334 224.81792644862344 221.91314793382165 237.0769990095978 248.64461067970842 258.7736078718739 271.25514320902937 285.3169982769599 296.6681191740998 307.5148112418544 318.1616723410356 329.59952171883975 344.5546814684693 355.28157214090453 360.6542208600195 371.40615920513864 385.6740469200858 396.65524959846323 407.8601876504172 419.20049759624305 434.078968392797 445.245732369592 456.35663925953577
273.60554809762414 263.8360794140519 267.856376361127 217.1030810099384 213.84031762931988 208.28539293495305 188.71162817881464 181.25246464325033 182.3656732756069 177.1187975189043 175.15023036725165 173.01198524896935 159.45280777202726 146.595219498938 145.97217494465482 149.5409648969457 154.896383681757 150.69909479736083 153.17496554174966 161.49392162148206 139.86585333071622 142.7149824846272 131.05388823146424 132.06451025507826 144.8464533222398 150.78197559594253 161.89595874671988 174.63751712839533 178.32246934742673 191.68712267250802 204.07959231466077 201.295687188322 213.3381231689862 231.32022921716745 241.06864925112168 252.75411303796315 260.0679776754638 279.19584408387004 287.01880754100154 298.11866994690166 309.02299942934917 320.5822103981175 335.5373701477471 345.03492919349196 356.0062775282885 366.9435054446134 381.2935022968604 392.3686363913168 403.66660644680746 414.8180013486327 430.8181037008387 418.3164445392905 429.2827273756197
290.05752457436466 280.9365594848887 282.7302600914571 238.91419556514003 228.6072276487992 218.26666937506752 207.90311265352784 196.43241846907512 198.76061587896535 194.03765333028764 197.88871026222986 187.30251683422986 173.5142157642689 160.13839599452373 158.8072399193201 161.45919404338647 165.94280821343764 162.43561987589408 165.17734827616235 174.86125250260716 154.1038961519761 156.20859937139772 141.66599680330734 145.31070518811583 133.43242996691893 144.58413793332753 154.90222809924802 157.2179301801972 164.40151553863154 183.4395658515098 180.39738761725368 192.05655071195034 203.63411658359294 221.0918165707906 227.05762832428147 239.75762076117462 248.7016326850707 263.9163977345551 282.3730782952528 293.2156720159564 303.9627340424475 315.33047897353754 330.6811357155732 322.2459197035627 331.50463199244456 342.4160535650246 356.76605041727163 369.52831054734935 381.06941342648 386.16537787238616 397.7362452599819 414.9283780121728 426.55576756699764
304.69992017099094 296.44421813959343 259.0310229781202 250.28445188934995 245.23839562810662 234.30641266952713 223.19134638243005 211.29539913162455 212.9652568927315 215.78381333702325 205.20180881360073 193.90383875811006 182.45495376944694 172.62586874346187 172.21681458949692 173.91552439056952 176.33699319870422 180.82897167228847 176.93808507002686 179.93314178060467 172.70717737575148 159.71046228081238 154.68232214742585 156.78711910378468 143.69918506567893 134.87597883289266 135.85136117333352 145.70841673035957 156.11049353650398 157.9467462075495 169.8127742537511 182.24451616546173 193.59769108865825 206.2507817146023 218.41476761094987 226.40163704007625 241.24164190270608 256.1108710211596 277.3776998153597 288.5389347004986 299.27023526624663 291.23384083840614 305.9447080613001 315.31943474589474 326.54663799368126 339.40626355337093 353.5483418490487 364.68409178648454 371.2835261144828 378.6171211673193 390.4430945868397 407.6352273390306 419.2883641565436
316.7023029054036 309.04901618980915 272.04776189097515 263.60331201766803 253.61693480503573 243.25676231933645 233.5159368596239 225.3572541995579 226.70803166160866 229.01935641175706 218.41671668114125 203.76715167306335 196.262243910245 186.10529802045002 187.6957786494841 195.6504668676174 185.90985759289066 195.7278461418019 205.57551933956856 216.46934403411043 173.97995955448033 170.37209873708392 167.0752330901609 169.32072313141913 156.15551541286197 158.531759188196 149.08662470310415 137.2410980467379 138.21101307149695 149.98224487778396 161.5366809302654 172.53947067431415 179.8290602166308 198.38626399152932 205.87471029088798 219.5486834061246 233.4282804520442 247.93642415205454 271.27039475888677 265.0003826166016 276.04349123705623 285.75143680272674 298.3629384166361 309.65022414385936 322.81541441015156 329.1201402840664 348.3719926635729 354.70994708133617 361.95114016217974 373.36567934826917 384.65756716891957 402.00769253831345 414.4527157549559
327.3102003906331 331.20105078784354 282.3959527898877 268.51123062982305 258.4654249154565 249.6518048662088 244.3984907316903 239.14300788176234 245.2758281616824 235.17070931072632 221.42734974663773 216.55759068314788 209.79118027056677 199.41016209764825 200.71210399360262 208.35345479138385 197.83427055156145 206.50475429365275 210.1253635804846 220.07776568918257 229.78017597563556 239.4242796428182 191.84983450204993 181.98545924289826 172.2038754622842 170.2852582514452 161.7041375609328 149.13573702505283 149.20689972782878 139.66053858650895 149.51527065010424 160.26012046805877 173.02112365359145 180.28050964362933 199.7982897629454 213.59274719007456 228.7188242774581 227.86937365451163 244.97952440996988 258.01878467982846 269.2129910379774 279.23005852956345 292.8341221407597 304.7907078529238 310.7140902135862 325.98459655719626 332.79787112099183 343.9131296494057 355.40008122027825 366.4736056305941 377.7050915889943 396.22181911006874 409.3590161943868
337.29822832510973 340.89707869654535 282.6202857795384 272.52671349492243 263.78277576532224 258.6649045791363 254.36085869883425 263.45327147249526 251.46037069062493 238.08159190624878 233.3875237398863 228.80527724516946 216.69083371587837 218.29533314138519 226.48413416001833 221.65831886858209 210.12586240808102 217.59526642216053 220.62787391559758 224.43648053743192 233.9820606366263 243.7608589795134 196.71756119154287 187.1316834058025 183.03653735596376 186.60471936055126 196.22560768187031 159.76673934650677 150.19345450329809 140.6178250259276 141.60329823228713 151.33654425552913 161.12648467527652 171.8941564342478 190.37693558663653 203.25192197327087 202.3352308001488 214.16613707817413 235.27934757028856 248.88807035958706 260.4956639789365 272.2092950513842 288.8003538445872 294.04810920844665 308.0339535714432 313.6930047006767 320.7379579093759 335.75918354764514 347.7666122907145 359.2655111127847 371.153758463879 390.92606468326636 398.4246846342092
347.6126785198476 351.6877562646117 288.38054519561683 279.9733270881667 275.05572947668566 271.03845688933205 266.8492711676436 271.62193336800533 265.11016935794487 252.08062254815826 247.45046450597619 237.41437633148485 229.94029390238774 243.9087444697413 238.65755859265164 228.44408378918774 223.77566107540096 228.7313513573585 231.18864545136893 234.57523238289576 243.8759846665288 248.05695734607136 201.04987949822674 197.35082346546895 193.91148221494842 198.05929903354664 207.98548448972093 172.62867320880542 162.75270317726205 152.31949515269017 154.7923807474032 142.96849349619058 143.94748753816532 154.7151592971366 173.19793844952534 181.2316929193353 187.9929620619782 202.2386872911342 226.2128249005673 239.64335953145002 252.09968987862987 264.2051808689418 272.92858307612596 281.770108606858 295.19197452961043 300.98756426619667 311.2087443348923 328.0530736068902 340.1959257231083 352.65272829281275 360.46920187196275 379.5721797493771 391.86989949367
-9999 -9999 299.8294301842834 291.83832848767673 287.58893954232656 284.1436363555347 280.47733226236886 286.0312613474022 280.8309500792583 267.2132841115314 262.5363765853717 252.95377054479818 245.42395496802897 258.43831691074956 252.42180710192557 241.89561221506526 248.90060407740185 247.8546264565085 242.51849639436722 245.02910364233125 254.20160738974485 257.83692297759956 261.93433168875254 207.39484220414852 204.20717806473692 208.9627516104486 218.93720866575282 183.5901953508981 167.86474796810586 164.05037303765027 166.2910624505924 153.73169771859983 156.9491765000684 145.3140173525308 159.88081734291177 171.83513966430232 191.5089337220942 197.35068170966272 221.97519517067832 235.0842517485844 246.91400148403787 254.9216956634391 258.57858622387613 271.4071481034645 281.6557042140051 292.84357827211176 304.02608565561644 320.5182947356536 331.96751452385496 340.374485779059 353.95311155056874 374.39307783408344 386.7791851092053
-9999 -9999 337.93986814046 328.34822055450667 318.74027356739964 309.1522160083864 299.57892542545346 297.8660420538887 292.91815824828615 279.9689728978046 275.34504851397224 264.9999473994975 278.99554092019287 271.01838278601565 260.31531417143026 255.36816811204946 268.8824745096718 261.53317007867844 263.78418350263934 258.558040002653 266.2460895647021 268.3850994574511 272.37597816586936 217.46014016836625 221.36311562276825 218.095637808434 228.27131580803388 233.04255361174444 177.8643438288227 181.41853142212125 177.27196609962854 172.3586684967746 168.18374928653205 146.36467045913514 160.55927861364992 171.39165484778826 174.36187660308005 187.1369464788672 202.58940586284706 224.9072551904003 234.3345999816207 244.44761532476267 252.87736111606856 262.0443828658704 267.46721081306197 285.09753854371974 295.87744548779295 312.7901315606647 322.3497792218312 334.6540149954916 347.65711432168257 361.06626159096294 381.754171139388
-9999 -9999 349.7578072693106 340.2486584110355 330.2667574985867 320.79104979301553 311.15562443069734 314.5322931285094 326.26479875804444 316.5072117650041 306.65953856723746 296.6305553533694 286.3567256690794 284.267842972525 273.9364263567858 288.66889390712714 283.3513062078158 277.48489669144135 279.48125167316596 274.0969297199744 280.4624593503867 280.93131941478725 283.6632638930961 228.2973762655932 231.816741653568 228.09823739489502 232.36532799602213 242.127035101788 187.86977945696486 192.02642890735075 188.82093636067523 184.2951019287995 180.45660379199927 158.03762885909265 147.7352856701437 157.68984204314188 168.8878371813698 181.4084496278274 190.50643887068568 211.48271113373445 223.42023429671065 229.88762085796628 238.53509237789797 247.78293467831907 265.0397798402396 276.00316717152134 287.33253399281773 306.7204324454399 318.9897585386677 331.2486448445545 344.2517441707455 357.66903921909875 378.3569487675238
-9999 -9999 361.04509299653733 351.47812299454205 341.9856530820412 333.3179588261547 323.76042248091306 343.5956564407023 340.0435268958494 328.81758511054284 318.95113042375704 304.12003281366447 298.6295801745467 334.10434006381814 324.1471009753034 314.2033519532904 303.96197094842313 293.4471233362294 293.46995129545496 288.5811010460104 302.94624692864255 297.44838838257584 296.3855290681875 240.09209537584482 243.69979846247574 239.88689805771907 242.62579734440212 246.67961410552732 256.17488068105337 201.87829153901137 199.31918293541116 195.04911400280096 173.37138364492765 164.53650567767835 159.6538784090097 149.10985006153808 159.01402955614955 170.19653693965424 182.18678076495354 200.76362635974255 207.50022475158966 217.2921123897487 223.6317552988584 244.66245202795656 255.84160449414094 267.3552524868707 280.51969833744204 293.2685320668629 312.66545415850896 326.4195203964033 340.04758149112564 353.1257000108983 373.9468304215337
-9999 -9999 -9999 363.43829698779064 355.07708508888106 346.56741901266406 336.450179542342 355.62201197154553 345.98093035598066 335.84754427357893 331.6344790670428 317.17737631945676 354.9339065226403 349.0210823069613 338.8274043402826 328.4861813344723 317.60437506772223 307.13220801934085 308.58359022491885 299.1370689403972 289.02437392396104 278.68750421843674 267.12759670902443 257.2437746026613 257.5357054019981 253.15705251849045 255.5814972624402 258.23952161494304 267.0451953738303 270.6880966578103 216.42408114072379 205.11762253054306 179.26067596521085 175.14988215602378 165.81686446460128 159.12402531243615 150.48600711554127 160.32430814735432 171.25681614734293 187.03333146359645 192.26719946211333 203.16440425628883 221.079253408768 237.8168979369132 249.9559747460935 262.54767893395865 275.7832220086895 288.466170267991 307.76761694204555 321.0724810192408 335.3105238404979 349.2795092171877 369.64024544603205
-9999 -9999 -9999 373.94080732290365 365.947399781658 358.07151371908026 348.1980152178193 367.5526145612113 357.9954735010476 348.0025162481214 334.49528535676563 330.44034715208466 368.32212851979904 357.2537296771176 347.51368846135324 337.8252583112869 327.1827621485703 327.25565841031977 322.8587207881171 313.870657741564 304.2422812967688 294.0224207405804 276.06826722471345 271.89402313745654 273.8342709354507 305.64653677989935 295.85235858277326 286.19695894633486 276.61805976801674 286.19125806744023 297.133212579881 215.20482719529187 189.5714941530257 181.12262310335427 177.214973190347 169.81970095722858 160.67186476431988 151.88407541592906 161.66981767983393 174.63909802646086 185.73979394656587 203.62925431238952 215.46511448544837 228.16128424186772 246.04836620308964 259.2769816036691 272.3210502061861 284.63142355172164 303.3969170440161 317.56867279132086 331.8737118096838 345.6383382661749 365.3577955607038
-9999 -9999 -9999 -9999 -9999 380.7273338212744 358.9704414044792 378.7712447159838 364.35387498715255 360.94465283337075 347.86304224472224 386.707929613566 382.59001623474893 371.54380809791525 362.8252521699732 353.79261254671127 342.86387257841477 343.5452357762624 336.75998859986413 327.385799823352 312.6261116280826 298.3285131006895 289.9251785134561 285.40873437598896 287.04244846035675 313.8111374084235 308.5489292744897 297.9738762930142 287.795207532365 297.10436720673863 300.72969337739727 310.3189410988586 319.922744451365 194.94482380884003 185.16723456154597 180.72783192676712 171.5091008615468 162.329869920765 153.29156508687356 177.0936170217828 188.22471562666345 199.5922651627987 210.98092810350838 222.97153945799923 241.3510479660188 255.04354947431446 268.75045931464496 280.65089717117047 301.1707197566722 314.2692317220267 327.3673270976378 340.31644871598553 360.456668232147
-9999 -9999 -9999 -9999 -9999 -9999 -9999 -9999 376.1368390828063 373.3182051435665 360.39625231036314 399.5295864904711 390.6133934875916 386.5379237464396 372.45837665417275 363.3083456582543 359.0809416579652 359.20266917445383 346.21707921038876 341.04952815887225 325.56167822187706 311.6122011328969 304.3270851901854 299.8855784569907 300.4725549982013 326.9643534276084 322.1487819598026 311.92612365190774 301.66773504210295 310.64754370232436 313.9930866593928 323.1276130274591 331.67624351461427 200.5337850694326 194.87042717893635 183.2030542729216 173.4415466689341 163.82740908358588 154.2488515262922 165.3242925666081 176.45539117148877 188.11160960520436 199.27837358199938 210.33391550368896 229.20240009809493 243.48522947927407 257.0214997948765 269.83666212136666 290.46237338555846 302.0055424598985 314.37290951226964 326.80350388893 346.9174155136615
-9999 -9999 -9999 -9999 -9999 -9999 -9999 -9999 -9999 -9999 373.22481418995466 412.1474969667303 403.1987558356671 399.5952672522319 385.4276570008027 377.2242252702397 379.9035775075095 370.16999710346636 361.1263334018096 346.179599305462 330.6397082597779 325.7942757770624 318.8566576311937 320.50870648639903 315.4817084520246 341.82597000910334 332.13205014437244 327.05878521528086 317.795763063443 326.8562385840319 329.65052005758423 347.55617746794525 343.44747532090463 212.30501687572297 202.36442074457233 194.45330923512387 184.0536552407772 168.31278239878037 164.20609061481096 155.64112577690096 168.38995950632182 179.811801457344 190.978565434139 202.03410735582858 220.90259195023452 235.18542133141366 248.7216916470161 261.95723472174694 282.21192912524714 293.4203877013854 305.1220578281446 317.4201607215196 329.863613435837
