output/RioRessiOut/RioRessi_c_tangenziale.asc
NCOLS 197
NROWS 299
XLLCORNER 676026.5927825759
YLLCORNER 5072481.374398034
CELLSIZE 0.9572864394182301
NODATA_VALUE -9999
[rows 23 to 45 of 299, columns 51 to 101 of 197]
0.00828593422448433 0.1545024426339969 0.038044685442613885 -0.0160053575920162 0.028017971346672794 -0.31413306188737034 0.09920398597942662 0.0026412803496384126 6.076737237518135E-4 -0.033812668407769114 -0.24654769309245653 0.03770884408492916 0.07452096013830792 0.17577643901871715 -0.005631161193177996 -0.03930747730260133 -0.030397414329153927 0.0490061601153483 -0.2906375430014277 0.1373023273380576 0.06555860932552238 0.11464382184431378 0.034379799738754636 -0.1209383403570122 -0.08674870513377311 -0.04139912620351803 -0.06210158191774628 -0.017618917421302876 -0.14999286670015 -0.16496573280656293 -0.184253161616855 -0.3568716162870681 -0.03482980434495292 -0.037089035229990505 0.0236342398507218 0.04174955119679525 -9999 -9999 -9999 -9999 -9999 -9999 -9999 -9999 -9999 -9999 -9999 -9999 -9999 -9999 -9999
0.024525975620731857 -0.027304108283479983 0.0690677411488385 0.17853562501879017 0.11694760324681659 0.26936642084454143 0.04810156622752784 -0.0010197064404583395 -0.03529047939493166 0.011659458980311465 0.18207643921420597 0.2504449723581012 0.1936373216379724 0.09491858335256158 -0.042968925102947586 0.03564170760208198 0.15256161932200488 0.1425108067128704 0.39952938623834205 0.07728609525185531 0.04591281510352586 0.09775560856812426 0.006545145443867296 -0.3483990092895578 -0.3093926623532363 -0.040167895857481144 -0.018066603016322857 -0.3269455686989802 -0.0410756895117703 0.050672125528302574 -0.08035344077496966 0.1636797649877688 0.013168546853137411 -0.11320438259672708 -0.10061837505340794 -0.020059972524902363 -9999 -9999 -9999 -9999 -9999 -9999 -9999 -9999 -9999 -9999 -9999 -9999 -9999 -9999 -9999
-0.14353896105970268 -0.4083716449531574 -0.06230205682899306 -0.11205736208956595 -0.23268420853285424 0.2248067603122398 0.12532740153568048 0.15653129834678056 0.16966740210796777 0.1934955064087882 0.1461869289874684 0.17256949722331497 0.062466087650410985 -0.04693196354515167 -0.3809300339259887 0.26361254824459934 0.1598923016460149 -0.048097180139854985 -0.01883840900646031 0.07923858997980891 0.11591210170779244 0.13028515417999867 0.03651991392241022 -0.24736949447675308 -0.18156413760128357 0.05799298825922593 0.06062144102898486 -0.18069325112075033 0.3589667698340695 0.25119387668449267 0.3134159492951429 0.37333741705412044 0.30028757965951086 0.40232659791716957 0.37245061672809315 0.24919622253648566 -9999 -9999 -9999 -9999 -9999 -9999 -9999 -9999 -9999 -9999 -9999 -9999 -9999 -9999 -9999
0.033344848336780114 0.4246120400275264 0.041675466360369784 0.10694656715310655 0.26835062413682265 0.027436315166890293 -0.03686300910935319 -0.014597413836925829 -0.06012766159006158 -0.07193050520451812 0.04207401202593398 0.02316983227627261 0.11682628266029278 0.14201874361329603 0.6028018582340646 -0.13460593792377057 -0.031055334967626563 0.012724508925139717 -0.021676268639170146 -0.06978304278826755 -0.05609576072943243 -0.08348911691724803 -0.09042146057822933 -0.05660999634954683 0.08482873787913486 0.10645250849262906 0.15185843538561583 0.7005040806444313 0.4225754117252297 0.4254456782103609 0.2684188534114131 0.2586013895775799 -0.042368590676891596 -0.12252002508443167 -0.14912465929320526 -0.12317221513856202 -9999 -9999 -9999 -9999 -9999 -9999 -9999 -9999 -9999 -9999 -9999 -9999 -9999 -9999 -9999
-0.061964214995696223 -0.08073047105714437 0.0038867344287121072 0.04303955117125757 0.08977013696029955 0.01977191822940007 -0.13414030515165612 -0.09958360762150173 0.013797699419066674 0.09224191204949365 -0.2929313212309903 0.04965658851972969 -0.09286389060829577 -0.17647836873562334 -0.05948031006450438 0.046245091420039505 -0.07481369553729397 0.0017794551095947461 0.0688729643941 0.09797861603361487 0.10725653378074244 0.043090283840230156 -0.10470936377695063 -0.08203370324340845 0.6076890927801233 0.30030517964021214 0.39129259239660347 0.19944476017169277 -0.21793221229570872 -0.0750312372577876 -0.14991960226002157 -0.13070589719244965 -0.10956040046903255 -0.034672276313892046 0.007192445775632191 -0.00820139728188619 -9999 -9999 -9999 -9999 -9999 -9999 -9999 -9999 -9999 -9999 -9999 -9999 -9999 -9999 -9999
-0.06425834767557495 -0.003371991101347746 0.05926701918358541 -0.047765265277644596 -0.20814381155874878 -0.17263480265669817 -0.002667384474065192 0.10563656283661553 0.010683974277911092 -0.06516643328083693 0.27474784591007767 -0.03863241632751391 0.09372316507224172 0.15896911091093116 0.01896771823060943 -0.1109219609233847 -0.08665174966257867 -0.03583033719833296 0.04974519814996155 -0.0833368922540536 -0.17894685634764573 -0.42603712181323344 0.2738246625421253 0.42962709295252566 -0.2268983957532093 -0.031987709713659614 -0.1045373428197469 -0.16055647824538788 -0.1384727094173123 -0.12899162192709504 -0.068248275409581 -0.03606478668810942 0.08091602885672672 0.08508715300455645 0.09780116568265357 0.13416913068212008 -9999 -9999 -9999 -9999 -9999 -9999 -9999 -9999 -9999 -9999 -9999 -9999 -9999 -9999 -9999
0.01275093355342065 0.06967014052023063 -0.08523284884322614 -0.2062126192968069 -0.05917524019291397 0.10089725113682928 0.20908362835973535 0.12872327468492534 0.08608746510071462 0.03350797449430492 -0.014549485798708942 -0.02994176060699122 -0.01771985148316924 0.015516784767178974 0.02716740434728487 -0.09029023531038338 -0.0614688944005884 -0.06515896984497843 -0.21131496276535258 -0.03480230436192795 0.03487439545017259 0.07195081120023844 -0.08577573356370459 -0.0015807354925245441 0.1084127973531213 0.2237733895142494 0.22808464717277066 0.12237790364722824 -0.09462436924309484 -0.07295904728479254 -0.011553306374372414 0.007930400500345217 -0.2831072491846279 -0.0792276225661776 -0.010644953804426281 -0.019149342651433185 -9999 -9999 -9999 -9999 -9999 -9999 -9999 -9999 -9999 -9999 -9999 -9999 -9999 -9999 -9999
0.03986334031872784 -0.0271389806197671 -0.22375110021164366 -0.019146057540157666 -0.018070324668503248 -0.027741144566032896 -0.34598340782223014 -0.08748920634954475 -0.006027568196126243 0.03445068596672716 0.04596576631630167 0.017019145265782853 -0.0031848025617909914 -0.03913679685628762 -0.041559917236334606 0.1431511239282708 0.19543721390114885 0.12954739735025977 0.0715228826166224 -0.1794635826669336 0.21477427382088582 -0.06637591738176683 0.09030138303577077 -0.018687635768851872 -0.07161311228883321 -0.10072290217132701 -0.06935914708472908 -0.010668577868891818 0.05562684286337271 0.04455351328094686 0.03077985420611513 0.07915251599748079 0.3753844455964893 -0.17760045582537903 -0.08981536014392272 -0.10775304914372512 -0.1267335793227105 -9999 -9999 -9999 -9999 -9999 -9999 -9999 -9999 -9999 -9999 -9999 -9999 -9999 -9999
0.18556276947664224 0.20122203669121894 0.2370761056524308 0.2570516679296893 0.0028445310650542883 -0.04556994466578209 0.24697076245419947 -0.13943596091792662 -0.10478206650023665 -0.054036645289561085 -0.03067147063491907 -0.041142671360978135 0.004144894005874184 0.0734226252130203 0.10558678894276176 -0.12686969157631944 -0.19847444493164773 -0.05571080305627065 0.2520751152799798 0.38423505149678316 -0.23062207322735684 0.12781364979969675 0.2572910118791945 0.09687874654375381 -0.10430948821993911 -0.0888368809363381 0.1346188464989591 0.15996519774150975 0.029687144491136203 0.04529829881089116 0.07374639190875283 0.046410370074300066 0.030393143209576333 0.041770752026581315 0.058765730754668115 0.09017489544928527 0.11018312113751388 -9999 -9999 -9999 -9999 -9999 -9999 -9999 -9999 -9999 -9999 -9999 -9999 -9999 -9999
-0.09238164840288637 -0.14268988476353528 -0.5262843468476784 -0.12983613207155836 0.18204559402164194 0.11785675663812961 0.0842522603200331 0.09226605979336387 0.07856742246478127 -0.06018459928836268 -0.036015006044872205 0.028793011576485252 0.03155954597588863 0.047763131327235836 0.08659781591447242 -0.3488458230394701 0.20188261674857524 0.07145250072446929 -0.09294290190334976 -0.07552934828999273 -0.03505734604325546 -0.022913752076858716 -0.037121308078191015 0.032982330965904846 0.19278372653256026 0.10604365710511057 -0.17199761151000398 -0.0667454052235928 -0.36429150457689063 -0.0812497359243875 -0.05265484468366893 -0.0424488434083587 -0.026002307031652048 0.004173572734410654 0.005062829836235826 -0.007905496432816225 -0.05051333929740184 -0.15858599210188284 -9999 -9999 -9999 -9999 -9999 -9999 -9999 -9999 -9999 -9999 -9999 -9999 -9999
0.20030066979636785 0.20269266721328408 0.545787170643121 0.14107702332927727 -0.21364965317716442 -0.16986180439563348 -0.13060493162667702 -0.1517950946769653 -0.10561225311992614 0.09785897624303247 0.05456465258075303 0.003819450622529049 -0.03603133169511593 -0.09252682488226724 -0.08429674457555125 0.4037642386867252 0.0733230712027211 0.028219720864874513 -0.11247047812160237 -0.07468390825543088 0.16161460073505837 0.21428186912159863 0.1107039829927224 0.11216090061362838 -0.10381933019299963 -0.017377803462262816 0.20522336572408054 0.1542973405941683 0.31795101630925154 -0.11434821661826072 -0.05277631212841081 -0.04828728204580369 -0.020120200814524914 0.054241663628777095 -0.011346904756605753 -0.03874716746963381 -0.0033964325062740895 -0.14604356663590068 -9999 -9999 -9999 -9999 -9999 -9999 -9999 -9999 -9999 -9999 -9999 -9999 -9999
-0.13370681071825224 -0.03813618386175576 -0.011699264315117608 0.010384534626743007 0.12803176584834475 0.08894073644864589 0.02801468352224939 -0.021856670335706988 0.02587012461260515 -0.09280876430388141 -0.07152400128144143 -0.333524503728914 0.041340921625634054 0.0949419071842173 0.10797340338973653 -0.016478653049719294 -0.09016947550092468 -0.05402587388500062 0.03189970501579015 0.07803905043859183 -0.04953881657427541 -0.06961596440455953 -0.032568912873584904 0.09562060700840218 -0.3452389067201651 -0.11650018343956176 -0.13242309948388645 -0.0020279386049165543 0.11132747202690026 0.09824810776721428 0.00170570387334665 0.008554883652232422 0.03447247505484014 -0.11375167019930743 1.6293108602360182E-4 0.01842158004346712 0.06753725624626503 -0.05432616939922717 -9999 -9999 -9999 -9999 -9999 -9999 -9999 -9999 -9999 -9999 -9999 -9999 -9999
-0.13629393393501274 -0.14620502002070176 -0.06495874185832708 -0.011612271255372958 0.0962200113681131 -0.0489962683596478 0.01053604370202392 0.007327458601548558 0.042042981624984266 0.07645991523577496 0.08387930401185335 0.4245165117152436 0.001033654055804576 -0.007907853082294976 -0.028329448922761694 0.04438847730189828 0.03469458399500705 0.0 -0.04941603875596356 -0.03288759881626664 0.08806720281072805 -0.16797877851990922 -0.18780823094340404 -0.19341353587643714 0.20782965820790786 -0.18095236264146988 -0.10926742359286719 -0.02583273174259446 -0.036954473781251766 -0.021534595559834405 0.07358507793550954 0.07549014155086624 0.06350590170684986 0.04915754234526923 4.1644411646771473E-4 -0.017875183867323313 -0.0026445815737757682 -0.023192365022818663 -9999 -9999 -9999 -9999 -9999 -9999 -9999 -9999 -9999 -9999 -9999 -9999 -9999
0.25471190201278365 0.11398272205892145 0.02293198718343956 0.02384815016159358 -0.027333669466747715 0.16582355825216272 0.18090691409164103 -0.2625061236898883 0.12031286996740263 0.12329175767411409 0.070231406002968 -0.007289007509000954 0.04059624975609196 0.03268625597644078 0.014355846080920989 0.04079933726623802 -0.008863504457427687 0.004341620166114973 0.03206231220626544 0.07877336006206814 -0.35512794492342453 0.18747633401115418 0.23564506973702512 0.17645483241414714 0.1629911865412423 0.1521369612252136 0.2037189697202671 -0.13573020614025294 -0.07786286336746273 -0.04216110957471492 -0.10764930735271812 -0.16179357199319624 0.027774802452543376 -0.22983516542850224 -0.020576221897976213 0.01874426738299079 0.0015619491959214815 0.01719087467054015 -9999 -9999 -9999 -9999 -9999 -9999 -9999 -9999 -9999 -9999 -9999 -9999 -9999
-0.04841639087874429 0.023019502538082416 0.024099170228359418 0.005627277450094976 -0.020841416476239154 -0.04962516782089189 -0.005619072299432084 0.4000132540837563 0.08424429747340718 0.08063324793918605 0.07615631465270466 0.012198789303966397 -0.10317528078381728 -0.012474466354122861 0.07782528123351487 0.13790630272648097 0.06710937454754733 0.045454014780375994 0.034046576990333456 -0.04605450352267216 0.4159024087329857 -0.14218392865354945 0.004111727369518199 -0.07943493277124958 -0.04406953954761859 -0.021359640742766313 0.04840826030138805 0.203091827473015 0.1014208205219724 0.08135507153800327 0.08985391355603631 0.10370609420553997 -0.11721527271396391 0.07863169317972643 -0.2078733744990078 -0.16447174889166613 -0.15963358158870827 -0.1775804873688079 -9999 -9999 -9999 -9999 -9999 -9999 -9999 -9999 -9999 -9999 -9999 -9999 -9999
-0.044110723533826474 -0.026675153834805357 -0.011841401394828822 -0.303332135563818 0.12120415177997726 -0.02310686690755322 -0.053738501161321166 0.01427860906295942 0.025270029718592615 -0.0627867310156519 -0.015880977645631286 0.13900686469276805 -0.012356550773216055 -0.12008826696039737 -0.14496313173192832 -0.025229704509354845 -0.4298476278521185 -0.050908055831579827 -0.006954170803248396 0.043807496914838866 0.017414495945297283 -0.07779950883087496 -0.04652201146986012 0.014013793710247392 -0.025365451947799662 -0.13003562639147404 -0.007871085950467229 0.0029635935075245407 0.05268230524699218 -0.26977157584142714 -0.035069302125144274 -0.012119217513760685 0.0978467440101537 0.1238490879720782 0.14801024204889562 0.15264751758032172 0.1342048502979444 0.20615496413436826 -9999 -9999 -9999 -9999 -9999 -9999 -9999 -9999 -9999 -9999 -9999 -9999 -9999
0.0715252615326854 0.10989764659776585 0.061120537436710885 0.3070506892980742 -0.12246533803655407 0.01195989423570163 0.006048257313017961 -0.07828213292720826 -0.03599483014877052 0.04710026538574089 -0.024821808555860553 -0.07522329131763936 0.15569893740486745 0.20936051597587543 0.06562472284098908 -0.13666119285681827 0.28403537131582296 0.011456948993909035 0.07290006720600806 0.14970369836480696 0.007863037740238495 -0.01595773717186804 0.010940788266101634 0.09299719400606483 -0.019455738352505678 -0.017197708217497467 -0.017837579406706383 0.06605044088790275 0.14425641344305398 0.3288387388325818 0.017571396434559246 0.058867974005910095 0.04106633625141589 0.032982264567639974 -0.0704914587654202 -0.008597571845650144 -0.03070205191785223 0.014182828166460267 -9999 -9999 -9999 -9999 -9999 -9999 -9999 -9999 -9999 -9999 -9999 -9999 -9999
-0.0035626533504440104 -0.05206702349547015 0.10199289340592883 0.2002730625432139 0.1197834670235186 0.04418084123139394 0.0057995442393907045 0.02831456838028393 -0.1919872902899401 -0.15442764246587704 -0.10292162970548192 -0.07184715397969636 -0.19170902589296887 -0.2067593467064178 0.020775101550304254 0.23794427134437734 0.20547163129597015 0.019427673867594177 -0.13348118197693262 -0.17798031650774257 0.029836065437471197 -0.05479810697141009 -0.15181601350205098 -0.0019171485054946312 0.07259436234339615 -0.01689663522513261 -0.16870591206994034 -0.0319579327129857 0.06562691309472167 0.20805750726239025 0.015850276354719993 0.04980771955860567 -4.220627643989395E-4 -0.0019807053094170694 -0.06371701947942643 -0.0011928207799494534 -0.01366525303964438 -0.042178212689748834 -9999 -9999 -9999 -9999 -9999 -9999 -9999 -9999 -9999 -9999 -9999 -9999 -9999
-0.03841939078223611 -0.010681242937781037 -0.06859533947672834 -0.03640860516604314 -0.028370832657376915 0.1338446063200416 0.07621265815961639 -0.02822332470397959 -0.07425039989564766 -0.013301844694661382 0.08559738187270832 0.21737904225567864 -0.20768769748905816 0.13958564264863105 -0.12140125931610553 -0.1893181884531648 -0.1528775772535754 -0.040646915809973705 0.01996818581909178 -0.03822746439094583 -0.08367499824345162 0.09749834928208126 0.20000844114225735 -0.07005154921680233 0.09462207096541396 -0.4893001064460604 -0.07539625095500256 -0.1504139047739982 -0.06867800987111741 0.12551064649716875 0.0071053917679155445 0.060479590421521956 0.04962158177504922 0.09503911758302044 -0.06632183950340252 -0.01311408276793205 -8.065708628984061E-4 -0.03269543377888982 -9999 -9999 -9999 -9999 -9999 -9999 -9999 -9999 -9999 -9999 -9999 -9999 -9999
-0.015876242310132148 0.06984689401862129 -0.053699259732259016 -0.05849694963921129 0.013768974653809224 -0.005273071544539579 0.12705606676859932 0.16705415522084316 0.07344630156110862 0.014175714444795397 -0.08061314646452447 -0.08679274334260209 0.2655391875249528 -0.07970794089876557 0.20011727295293302 0.14290007189506052 0.029261903909545046 0.05366507334888697 0.1372024717511429 0.2067215480350151 -0.06609027364800968 -0.1659808902511056 -0.1985779436996217 -0.10821976064264216 -0.13415154547256566 0.4323979849864497 -0.16057230765314723 -0.05815566036719572 -0.0769767800200029 -0.007944342910389651 -0.09658231752236168 0.0419463452450474 0.06578706554438908 0.09334161081234461 -0.05576186043617697 -0.07810853211806976 -0.08313680580794869 -0.08596471180684905 -9999 -9999 -9999 -9999 -9999 -9999 -9999 -9999 -9999 -9999 -9999 -9999 -9999
-0.055700532077942934 -0.06263192532791899 0.017893941367512066 0.02904358459519667 -0.07573647685492896 -0.036797439331906004 -0.011894934772207712 0.0516373027133571 -0.3366569656393109 0.12013832697490393 0.142521566799628 0.12680859556428858 0.13685814074055977 -0.004146032035049799 -0.04787791278966069 -0.03165224751493253 0.09235715336469646 0.04899006587726586 -0.008830868010658039 0.006696164953704246 0.19032114559415353 -0.27896398166533937 0.051322964699236674 0.13106270508353757 0.08883484776755508 -0.059881022164082025 -0.06510807899793629 -0.15907608427697434 -0.21476050959408755 -0.19962369663812365 -0.2917500098296591 -0.06296276027148918 -0.020868061290871015 0.04876738192407612 -0.16747286068945666 -0.06063913517007318 -0.02330600680972308 -0.026208432619165025 -9999 -9999 -9999 -9999 -9999 -9999 -9999 -9999 -9999 -9999 -9999 -9999 -9999
0.06680570373797877 0.08310773093691928 -0.009351563111878007 0.005124081876132791 0.0018689017892731074 -0.030624723647510795 -0.08571480084828843 0.09099571823208372 0.4778726480964709 -0.03254870318233499 0.051283474484446465 0.04920044753090099 0.07424972322585438 7.42562647191578E-5 0.018329607760783042 -0.00913869236419697 -0.0464767824592837 0.007433335461255117 0.09276524501287867 0.05409577078134334 0.03890594153888337 0.39431289358922705 0.05647481840883953 -0.00816445397670803 0.04437356758883665 0.08149804709076384 0.10153548829378746 0.0700731545612235 0.04071933573401859 0.09383479743433722 0.17616742104321784 -0.19448219631701247 -0.13686509368191332 -0.11657612623933385 0.029507601287780984 -0.15462760755810057 -0.16833185375480994 -0.11593249305411205 -9999 -9999 -9999 -9999 -9999 -9999 -9999 -9999 -9999 -9999 -9999 -9999 -9999
-0.1084488544905306 -0.15269896687503193 0.032376702117963195 0.048632378223345145 -0.3812235957580684 -0.03784490028806284 0.022762183862055533 -0.02167077117940155 0.013231580664535041 -0.12915578397241423 -0.14929144543104048 -0.08755538922544241 0.025897695674578867 -0.02345116949047035 0.03529119338457836 0.013488022791415049 0.031208399730983723 -0.46706914339830724 -0.1670499205338383 0.010801133741018197 0.09532675693002479 0.05107156415500267 -0.013506719817338364 -0.0072971979293470065 -0.02001887803334964 0.07163058275038199 -0.00336337624367439 0.04814482247767215 0.0524790350552008 0.04138039132462826 -0.3512337789081468 0.10538771133039145 0.14740160458707527 0.15799335446001836 0.14780830653174282 0.1514100850684085 0.16471493314388425 -0.178132553465798 -9999 -9999 -9999 -9999 -9999 -9999 -9999 -9999 -9999 -9999 -9999 -9999 -9999
