output/RioRessiOut/RioRessiPit.asc
NCOLS 197
NROWS 299
XLLCORNER 676026.5927825759
YLLCORNER 5072481.374398034
CELLSIZE 0.9572864394182301
NODATA_VALUE -9999
[rows 120 to 143 of 299, columns 108 to 161 of 197]
639.8880004882812 640.5859985351562 642.0809936523438 642.6820068359375 643.2030029296875 643.6640014648438 644.64697265625 645.2969970703125 645.989990234375 646.656005859375 647.0560302734375 647.8350219726562 648.2239990234375 648.635009765625 648.9929809570312 649.7739868164062 650.2750244140625 650.7509765625 651.1539916992188 652.0120239257812 652.4030151367188 652.677001953125 652.8679809570312 653.0170288085938 653.3060302734375 653.4879760742188 653.6619873046875 653.8209838867188 654.2310180664062 654.4400024414062 654.6389770507812 654.7979736328125 654.9970092773438 655.5349731445312 655.7730102539062 655.9929809570312 656.2650146484375 656.833984375 657.0549926757812 657.4190063476562 657.8150024414062 658.2919921875 658.5800170898438 658.8779907226562 659.1599731445312 659.447021484375 659.9760131835938 660.2520141601562 660.5490112304688 660.8579711914062 661.5599975585938 661.97900390625 662.4210205078125 662.833984375
639.8880004882812 640.5859985351562 642.0809936523438 642.322021484375 642.8779907226562 643.3699951171875 643.802001953125 644.8889770507812 645.5170288085938 646.166015625 646.7080078125 647.6630249023438 648.1510009765625 648.5780029296875 648.9000244140625 649.635986328125 650.0910034179688 650.5850219726562 650.9760131835938 651.3759765625 652.3049926757812 652.6539916992188 652.8779907226562 653.0399780273438 653.260986328125 653.4559936523438 653.6439819335938 653.7899780273438 654.1599731445312 654.3820190429688 654.5750122070312 654.7100219726562 654.9520263671875 655.4249877929688 655.6749877929688 655.9149780273438 656.198974609375 656.72900390625 657.0549926757812 657.4190063476562 657.8150024414062 658.2919921875 658.5800170898438 658.8779907226562 659.1430053710938 659.4219970703125 659.9320068359375 660.2150268554688 660.5280151367188 660.8699951171875 661.666015625 662.1500244140625 662.64599609375 663.0919799804688
639.4730224609375 640.239990234375 641.7009887695312 642.322021484375 642.8779907226562 643.3699951171875 643.802001953125 644.8889770507812 645.5170288085938 645.77099609375 646.31298828125 647.3740234375 647.9719848632812 648.4409790039062 648.8480224609375 649.5549926757812 649.885009765625 650.3369750976562 650.8140258789062 651.2780151367188 652.1339721679688 652.5269775390625 652.7919921875 652.9920043945312 653.2769775390625 653.4199829101562 653.572998046875 653.7340087890625 654.10400390625 654.2420043945312 654.4110107421875 654.6539916992188 654.8489990234375 655.405029296875 655.6859741210938 655.8209838867188 656.0819702148438 656.7249755859375 657.0969848632812 657.3579711914062 657.6920166015625 658.3489990234375 658.6090087890625 658.8679809570312 659.1430053710938 659.4219970703125 659.9320068359375 660.2150268554688 660.5280151367188 660.8699951171875 661.7780151367188 662.302001953125 662.85400390625 663.364990234375
639.0590209960938 639.8560180664062 640.6400146484375 642.0070190429688 642.6019897460938 643.1329956054688 643.5859985351562 644.5980224609375 645.1939697265625 645.77099609375 646.31298828125 647.3740234375 647.9719848632812 648.4409790039062 648.6580200195312 649.0919799804688 649.8049926757812 650.1680297851562 650.6439819335938 651.114990234375 652.0280151367188 652.4349975585938 652.7219848632812 652.947021484375 653.2930297851562 653.4039916992188 653.531005859375 653.6829833984375 653.8460083007812 654.2219848632812 654.4550170898438 654.7050170898438 654.9520263671875 655.3090209960938 655.5679931640625 655.7540283203125 656.093994140625 656.666015625 656.9320068359375 657.18798828125 657.5599975585938 657.9329833984375 658.60498046875 658.8690185546875 659.1680297851562 659.4140014648438 659.9240112304688 660.2219848632812 660.5590209960938 660.9459838867188 661.7780151367188 662.302001953125 662.85400390625 663.364990234375
638.719970703125 639.5059814453125 640.2379760742188 641.718994140625 642.280029296875 642.8350219726562 643.4359741210938 644.3060302734375 644.7830200195312 645.302001953125 646.0419921875 647.1229858398438 647.6929931640625 648.2009887695312 648.6580200195312 649.0919799804688 649.8049926757812 650.1680297851562 650.6439819335938 651.114990234375 651.7830200195312 652.2540283203125 652.583984375 652.8610229492188 653.2509765625 653.3839721679688 653.5139770507812 653.6589965820312 653.8350219726562 654.1649780273438 654.3759765625 654.593017578125 654.8720092773438 655.281005859375 655.5330200195312 655.8300170898438 656.0960083007812 656.6110229492188 656.9450073242188 657.2520141601562 657.5150146484375 657.8330078125 658.5460205078125 658.7930297851562 659.0960083007812 659.3579711914062 659.8939819335938 660.2730102539062 660.5900268554688 660.947021484375 662.0120239257812 662.531982421875 663.0479736328125 663.5449829101562
638.3380126953125 639.0570068359375 639.7689819335938 641.1959838867188 641.7650146484375 642.3460083007812 642.9869995117188 643.9860229492188 644.4340209960938 644.9140014648438 645.6849975585938 646.27001953125 647.2650146484375 647.8460083007812 648.4400024414062 648.875 649.7050170898438 650.0969848632812 650.5650024414062 651.0280151367188 651.7830200195312 652.2540283203125 652.583984375 652.8610229492188 653.1019897460938 653.3839721679688 653.5130004882812 653.6599731445312 653.8099975585938 654.156982421875 654.3629760742188 654.5599975585938 654.7670288085938 655.2739868164062 655.5390014648438 655.81298828125 656.1119995117188 656.3510131835938 656.885009765625 657.22900390625 657.5280151367188 657.8410034179688 658.60400390625 658.85400390625 659.0670166015625 659.3070068359375 659.9520263671875 660.3159790039062 660.698974609375 661.1229858398438 661.6199951171875 662.7620239257812 663.2760009765625 663.7410278320312
637.8480224609375 638.5679931640625 639.3150024414062 640.8419799804688 641.3319702148438 641.8040161132812 642.4619750976562 643.5900268554688 644.051025390625 644.4860229492188 645.0050048828125 645.5969848632812 646.8140258789062 647.5139770507812 648.198974609375 648.5960083007812 649.510986328125 650.0159912109375 650.4240112304688 650.85400390625 651.6599731445312 652.0679931640625 652.4450073242188 652.7880249023438 653.0709838867188 653.3690185546875 653.5130004882812 653.6599731445312 653.8099975585938 654.156982421875 654.3629760742188 654.5599975585938 654.77197265625 655.2550048828125 655.531005859375 655.802001953125 656.093017578125 656.3560180664062 656.9400024414062 657.1630249023438 657.5380249023438 657.822021484375 658.5260009765625 658.8350219726562 659.0859985351562 659.385009765625 660.0289916992188 660.3369750976562 660.6740112304688 661.1270141601562 661.7340087890625 662.843994140625 663.39697265625 663.89697265625
637.3809814453125 638.1229858398438 638.8870239257812 640.281982421875 640.8619995117188 641.4019775390625 641.9660034179688 642.593017578125 643.6480102539062 644.135009765625 644.5770263671875 645.02099609375 646.3469848632812 647.0919799804688 647.6890258789062 648.1840209960938 649.2020263671875 649.7880249023438 650.1900024414062 650.5650024414062 650.948974609375 651.8060302734375 652.2830200195312 652.6719970703125 652.9580078125 653.3200073242188 653.5020141601562 653.6719970703125 653.8189697265625 654.1380004882812 654.3179931640625 654.5330200195312 654.77197265625 654.9929809570312 655.531005859375 655.802001953125 656.093017578125 656.3519897460938 656.9450073242188 657.219970703125 657.5260009765625 657.8259887695312 658.4650268554688 658.7570190429688 659.0570068359375 659.3809814453125 659.7249755859375 660.4149780273438 660.7739868164062 661.1920166015625 661.6929931640625 662.9949951171875 663.5780029296875 664.0289916992188
637.3809814453125 638.1229858398438 638.2999877929688 639.4530029296875 640.0570068359375 640.6790161132812 641.3189697265625 642.0830078125 643.2670288085938 643.7139892578125 644.114990234375 644.5399780273438 645.8040161132812 646.4359741210938 647.0709838867188 647.6170043945312 648.77001953125 649.2969970703125 649.8499755859375 650.3720092773438 650.8359985351562 651.656982421875 652.072998046875 652.405029296875 652.698974609375 653.260986328125 653.4409790039062 653.614990234375 653.7999877929688 654.1430053710938 654.344970703125 654.572021484375 654.7999877929688 655.0170288085938 655.531982421875 655.7999877929688 656.0750122070312 656.3519897460938 656.9450073242188 657.219970703125 657.5260009765625 657.8259887695312 658.4650268554688 658.8250122070312 659.0880126953125 659.4190063476562 659.7880249023438 660.4290161132812 660.7479858398438 661.1300048828125 661.6099853515625 662.8499755859375 663.5239868164062 664.1339721679688
636.947998046875 637.6179809570312 638.2999877929688 638.9240112304688 640.0570068359375 640.6790161132812 641.3189697265625 642.0830078125 642.8400268554688 643.2940063476562 643.6719970703125 644.093017578125 645.1519775390625 645.6580200195312 646.2979736328125 646.9459838867188 647.6129760742188 648.8800048828125 649.4520263671875 650.0900268554688 650.6939697265625 651.5659790039062 651.8590087890625 652.155029296875 652.4869995117188 653.14501953125 653.3880004882812 653.6119995117188 653.8200073242188 654.0050048828125 654.3569946289062 654.5759887695312 654.8090209960938 655.0289916992188 655.552978515625 655.8060302734375 656.0880126953125 656.4149780273438 657.0040283203125 657.3389892578125 657.5579833984375 657.8599853515625 658.1749877929688 658.8250122070312 659.0880126953125 659.4190063476562 659.7880249023438 660.4290161132812 660.7479858398438 661.1329956054688 661.6090087890625 662.844970703125 663.583984375 664.27001953125
636.3880004882812 636.9760131835938 637.5540161132812 638.094970703125 639.2620239257812 639.968994140625 640.7379760742188 641.5399780273438 642.8400268554688 643.2940063476562 643.6719970703125 644.093017578125 645.1519775390625 644.9520263671875 645.5020141601562 646.2739868164062 646.9719848632812 648.35302734375 649.0170288085938 649.6649780273438 650.2039794921875 651.1849975585938 651.573974609375 651.93701171875 652.2869873046875 652.9400024414062 653.2059936523438 653.468017578125 653.72802734375 653.968994140625 654.3889770507812 654.5889892578125 654.8150024414062 655.0850219726562 655.6179809570312 655.8889770507812 656.1300048828125 656.4349975585938 657.0479736328125 657.39599609375 657.6060180664062 657.9190063476562 658.25 658.906982421875 659.1840209960938 659.5079956054688 659.8369750976562 660.4219970703125 660.7449951171875 661.1329956054688 661.6090087890625 662.844970703125 663.583984375 664.27001953125
635.6439819335938 636.208984375 636.7860107421875 637.3319702148438 638.4340209960938 639.1380004882812 639.9500122070312 640.7680053710938 642.093994140625 642.6019897460938 643.010986328125 643.4600219726562 644.4080200195312 644.9520263671875 645.5020141601562 646.2739868164062 646.9719848632812 648.35302734375 649.0170288085938 648.9739990234375 649.5960083007812 650.7570190429688 651.2670288085938 651.697998046875 652.0590209960938 652.6610107421875 652.989013671875 653.3179931640625 653.635009765625 653.927978515625 654.43701171875 654.7119750976562 654.9439697265625 655.22802734375 655.739013671875 655.9840087890625 656.2479858398438 656.489013671875 656.7769775390625 657.4240112304688 657.7139892578125 658.0349731445312 658.3820190429688 658.927978515625 659.2659912109375 659.5819702148438 659.8809814453125 660.4569702148438 660.7830200195312 661.208984375 661.7349853515625 662.3469848632812 663.6950073242188 664.3419799804688
634.8870239257812 635.4450073242188 636.0540161132812 636.6530151367188 637.7239990234375 638.3519897460938 639.072998046875 639.885986328125 641.051025390625 641.593017578125 642.094970703125 642.6320190429688 643.1019897460938 644.3670043945312 645.0289916992188 645.6859741210938 646.301025390625 647.614013671875 648.2880249023438 648.9739990234375 649.5960083007812 650.7570190429688 651.2670288085938 651.697998046875 652.0590209960938 652.10400390625 652.8400268554688 653.2020263671875 653.5670166015625 653.9149780273438 654.3679809570312 654.68701171875 655.0040283203125 655.2689819335938 655.8619995117188 656.135986328125 656.4080200195312 656.5490112304688 656.8560180664062 657.5900268554688 657.885009765625 658.198974609375 658.5380249023438 659.1380004882812 659.4290161132812 659.6959838867188 659.9569702148438 660.5469970703125 660.8709716796875 661.3599853515625 661.9730224609375 662.6160278320312 663.9190063476562 664.5009765625
634.2100219726562 634.7329711914062 635.3319702148438 635.9569702148438 637.10400390625 637.6640014648438 638.2639770507812 638.9190063476562 640.0360107421875 640.5989990234375 641.1929931640625 641.8569946289062 642.4719848632812 643.7059936523438 644.4849853515625 645.1320190429688 645.7269897460938 646.9550170898438 647.5880126953125 648.2420043945312 648.9359741210938 650.3400268554688 650.8989868164062 651.3410034179688 651.72900390625 652.10400390625 652.8400268554688 653.2020263671875 653.5670166015625 653.9149780273438 654.2990112304688 654.6079711914062 654.9169921875 655.2890014648438 655.8800048828125 656.1389770507812 656.4169921875 656.7329711914062 657.0469970703125 657.656005859375 657.9730224609375 658.3250122070312 658.6799926757812 659.3660278320312 659.635009765625 659.8289794921875 660.0759887695312 660.7479858398438 661.2680053710938 661.7550048828125 662.2650146484375 662.8560180664062 664.1090087890625 664.6329956054688
633.5900268554688 634.1199951171875 634.6890258789062 635.2969970703125 636.5020141601562 637.0390014648438 637.5960083007812 638.1680297851562 638.7470092773438 639.739013671875 640.3489990234375 641.0330200195312 641.7570190429688 643.0910034179688 643.8809814453125 644.64599609375 645.2410278320312 646.468994140625 647.1430053710938 647.7860107421875 648.447998046875 649.135986328125 650.4849853515625 651.0170288085938 651.47998046875 651.8989868164062 652.6829833984375 653.0590209960938 653.406005859375 653.6909790039062 654.2990112304688 654.6079711914062 654.9169921875 655.2890014648438 655.6069946289062 656.1389770507812 656.3930053710938 656.6389770507812 656.9290161132812 657.6829833984375 658.06298828125 658.4760131835938 658.85498046875 659.468017578125 659.7459716796875 659.9340209960938 660.2030029296875 660.56298828125 661.4829711914062 662.0869750976562 662.677978515625 663.218017578125 664.2470092773438 664.7509765625
633.5900268554688 633.4630126953125 633.9710083007812 634.5020141601562 635.8189697265625 636.3839721679688 636.9039916992188 637.4089965820312 637.9089965820312 638.9119873046875 639.5009765625 640.1939697265625 640.9409790039062 642.510986328125 643.3179931640625 644.1580200195312 644.844970703125 646.1370239257812 646.77197265625 647.4660034179688 648.1259765625 648.77197265625 650.1160278320312 650.6119995117188 651.1300048828125 651.6519775390625 652.5700073242188 653.0349731445312 653.4019775390625 653.6589965820312 654.344970703125 654.6640014648438 654.9509887695312 655.3670043945312 655.6950073242188 656.1649780273438 656.3930053710938 656.6389770507812 656.9290161132812 657.6829833984375 658.06298828125 658.4760131835938 658.9420166015625 659.5180053710938 659.802978515625 660.0880126953125 660.4080200195312 660.8209838867188 661.8709716796875 662.4240112304688 662.9959716796875 663.5469970703125 664.447021484375 664.9149780273438
632.9149780273438 633.4630126953125 633.9710083007812 634.5020141601562 635.1619873046875 636.3839721679688 636.9039916992188 636.5999755859375 637.0419921875 637.9840087890625 638.593994140625 639.3319702148438 640.2540283203125 641.9110107421875 642.8670043945312 643.7979736328125 644.552001953125 645.218994140625 646.4609985351562 647.1530151367188 647.8489990234375 648.5260009765625 649.8350219726562 650.323974609375 650.843017578125 651.3809814453125 652.458984375 653.0139770507812 653.4240112304688 653.68701171875 654.052978515625 654.7949829101562 655.1439819335938 655.5040283203125 655.7780151367188 656.1909790039062 656.364013671875 656.510009765625 656.8499755859375 657.6699829101562 658.1199951171875 658.5050048828125 658.9420166015625 659.2940063476562 659.802978515625 660.0880126953125 660.4080200195312 660.8209838867188 662.1719970703125 662.7210083007812 663.2760009765625 663.8049926757812 664.5659790039062 664.9769897460938
632.2119750976562 632.6749877929688 633.1630249023438 633.7020263671875 634.3170166015625 635.5399780273438 636.0609741210938 636.5999755859375 637.0419921875 637.9840087890625 638.593994140625 639.3319702148438 639.3330078125 641.3460083007812 642.22900390625 643.3300170898438 644.2369995117188 644.9349975585938 646.1179809570312 646.8380126953125 647.6409912109375 648.2689819335938 649.3809814453125 650.0079956054688 650.6430053710938 651.2449951171875 652.3790283203125 652.9400024414062 653.4030151367188 653.7789916992188 654.1820068359375 654.9669799804688 655.3350219726562 655.6719970703125 655.9210205078125 656.2509765625 656.4119873046875 656.5330200195312 656.7630004882812 657.552978515625 658.02001953125 658.4760131835938 658.8989868164062 659.2849731445312 659.9710083007812 660.39501953125 660.77001953125 661.1690063476562 662.1719970703125 662.7210083007812 663.2760009765625 663.8049926757812 664.5659790039062 665.1859741210938
631.68701171875 632.218994140625 632.6069946289062 633.0490112304688 633.5230102539062 634.625 635.14501953125 635.6729736328125 636.2420043945312 637.2009887695312 637.7979736328125 638.416015625 639.3330078125 640.385009765625 642.22900390625 643.3300170898438 644.2369995117188 644.9349975585938 645.7579956054688 646.4390258789062 647.1959838867188 647.8759765625 649.094970703125 649.8309936523438 650.5059814453125 651.1110229492188 651.6539916992188 652.791015625 653.3140258789062 653.77001953125 654.1430053710938 655.0650024414062 655.4169921875 655.7750244140625 656.0659790039062 656.427001953125 656.6259765625 656.7620239257812 656.8610229492188 657.114013671875 658.1129760742188 658.510986328125 658.89697265625 659.3140258789062 660.0919799804688 660.5789794921875 661.1010131835938 661.583984375 662.510009765625 663.0499877929688 663.5590209960938 663.9940185546875 664.3209838867188 665.1859741210938
632.2789916992188 632.2310180664062 632.3729858398438 632.6279907226562 633.0070190429688 633.8980102539062 634.3930053710938 634.9310302734375 635.5189819335938 636.593017578125 637.3510131835938 638.093994140625 638.8209838867188 639.6099853515625 641.6099853515625 642.7860107421875 643.8939819335938 644.6329956054688 645.7579956054688 646.4390258789062 647.1959838867188 647.8759765625 649.094970703125 649.8309936523438 650.2919921875 650.885009765625 651.468017578125 652.698974609375 653.260009765625 653.7639770507812 654.2230224609375 655.1400146484375 655.4660034179688 655.8170166015625 656.1129760742188 656.5709838867188 656.781005859375 656.9669799804688 657.1489868164062 657.3759765625 658.218994140625 658.60400390625 659.0 659.4019775390625 660.2559814453125 660.7249755859375 661.2509765625 661.7490234375 662.6589965820312 663.1599731445312 663.6790161132812 664.1710205078125 664.5419921875 665.3309936523438
633.1329956054688 632.7730102539062 632.6430053710938 632.6719970703125 632.9039916992188 633.6090087890625 634.031005859375 634.531982421875 635.1069946289062 635.72802734375 637.1619873046875 637.968017578125 638.7269897460938 639.3179931640625 641.5399780273438 642.6370239257812 643.5540161132812 644.35400390625 645.594970703125 646.0139770507812 646.6400146484375 647.4320068359375 648.2789916992188 649.6699829101562 650.2919921875 650.885009765625 651.468017578125 652.698974609375 653.260009765625 653.8179931640625 654.3489990234375 655.2410278320312 655.5759887695312 655.9110107421875 656.2730102539062 656.56298828125 657.041015625 657.2659912109375 657.5570068359375 657.8060302734375 658.4920043945312 658.8930053710938 659.1610107421875 659.531005859375 660.3820190429688 660.8389892578125 661.3510131835938 661.885009765625 662.4010009765625 663.3660278320312 663.8289794921875 664.2579956054688 664.7360229492188 665.4580078125
634.093017578125 633.6300048828125 633.364013671875 633.2000122070312 633.1950073242188 633.6959838867188 633.9990234375 634.3560180664062 634.8419799804688 635.489990234375 636.9039916992188 637.739013671875 638.5059814453125 639.1929931640625 641.3040161132812 642.3189697265625 643.1589965820312 643.8670043945312 645.2410278320312 645.7680053710938 646.5020141601562 647.3099975585938 648.135986328125 649.56201171875 650.125 650.6890258789062 651.302978515625 652.6849975585938 653.2680053710938 653.8179931640625 654.3489990234375 655.2410278320312 655.5759887695312 655.9110107421875 656.2730102539062 656.81201171875 657.4310302734375 657.698974609375 657.926025390625 658.2429809570312 658.7760009765625 659.1939697265625 659.458984375 659.7789916992188 660.4970092773438 660.9190063476562 661.4030151367188 661.9400024414062 662.5 663.4719848632812 663.8989868164062 664.35302734375 664.9080200195312 665.6640014648438
634.9979858398438 634.4039916992188 634.0999755859375 633.89599609375 633.7969970703125 633.9169921875 634.0869750976562 634.3489990234375 634.7459716796875 635.2210083007812 636.6339721679688 637.3709716796875 638.10498046875 639.06201171875 641.0750122070312 642.0570068359375 642.9310302734375 643.6380004882812 644.9210205078125 645.6090087890625 646.3889770507812 647.2310180664062 648.0659790039062 649.5479736328125 650.1430053710938 650.7150268554688 651.3270263671875 652.677978515625 653.3569946289062 653.9719848632812 654.4420166015625 655.3359985351562 655.7509765625 656.1430053710938 656.4910278320312 656.81201171875 657.4310302734375 657.698974609375 657.926025390625 658.2429809570312 658.7760009765625 659.405029296875 659.625 659.9290161132812 660.2849731445312 661.0089721679688 661.4979858398438 662.0089721679688 662.531005859375 663.5809936523438 664.031982421875 664.5050048828125 665.02001953125 665.9530029296875
634.9979858398438 634.4039916992188 634.0999755859375 633.89599609375 633.7969970703125 633.7969970703125 634.458984375 634.5679931640625 634.7030029296875 635.1799926757812 636.3629760742188 637.052001953125 637.864990234375 638.8170166015625 640.531982421875 641.5289916992188 642.4559936523438 643.1619873046875 643.89697265625 645.4459838867188 646.27099609375 647.051025390625 647.833984375 649.4429931640625 650.2550048828125 650.906005859375 651.4559936523438 652.8250122070312 653.4849853515625 654.0869750976562 654.64697265625 655.06201171875 655.927001953125 656.3939819335938 656.8280029296875 657.2030029296875 657.6950073242188 657.9329833984375 658.218994140625 658.5020141601562 659.1409912109375 659.405029296875 659.625 659.9290161132812 660.2849731445312 661.0089721679688 661.6380004882812 662.1640014648438 662.6849975585938 663.6749877929688 664.0859985351562 664.5709838867188 665.1810302734375 666.1790161132812
