output/RioRessiOut/RioRessi_c_tangenziale.asc
NCOLS 197
NROWS 299
XLLCORNER 676026.5927825759
YLLCORNER 5072481.374398034
CELLSIZE 0.9572864394182301
NODATA_VALUE -9999
[rows 207 to 229 of 299, columns 102 to 152 of 197]
-0.031056429796278394 0.06058326043360987 -0.01810293434917213 0.11793574754430391 0.3720363856396841 0.3612979171058758 0.5477506233879539 -0.5573785849753531 -0.2518106926373724 -0.24601949208887877 -0.09456710258748802 -0.05382258086729943 0.10286626069669029 0.23403174474403624 0.016720641539625172 0.07141852473977656 0.42880678715673937 -0.2379443709262044 0.0028201293763206116 -0.13282554471024885 -0.006247695632345485 -0.40646989728261385 -0.17343298181618527 -0.08120772748668965 0.05846183501437425 -0.4151079096262044 0.2838002247049612 0.32164159920258334 0.25311778090680875 -0.01477475770730579 0.17955066193285726 -0.02046932814944695 -0.0013811995683434962 -0.15005142638857435 0.48694249480958346 0.38715694106230497 0.15254285346094143 -0.05526190279107017 -0.030530010093193234 -0.21829777060775596 -0.4216597639107088 -0.3059296185042284 -0.10190432151461042 0.048825023947606884 0.04546058746337807 0.029824902735295644 0.022613670213330554 0.14880141565894703 -0.2603188603886523 -0.13738310019241007 -0.14310676802309538
0.03775180995080193 -0.009668261093049016 -0.018443449512469266 -0.1858310083604889 -0.17571116838024997 -0.04656730933519947 -0.15382173193734744 0.2928313192100796 0.9012141113420064 0.3995087973727959 0.36605259532298784 0.22825842227048762 0.9860940371668256 -1.0019868974797002 -0.06644976110379701 -0.019938411287868295 -0.04514952331778226 -0.6998862458207963 -0.615912333683725 -0.14860352925548126 -0.21948815618276776 -0.1947804886255871 -0.3035178756177838 -0.010761211825260913 -0.0012744860835275562 -0.056954171689012324 0.31096618615739463 0.12982998096587844 0.06272025104122536 -0.2086661085085983 0.11729426480171694 -0.047598136620726504 0.014627349574261095 -0.06080899529073189 0.4490478926759872 0.29898046515343146 0.4338063587042275 0.2221973093392533 0.09173980403454064 0.003348287852418706 0.005862943821870774 -0.06570830686023352 -0.16352205952288723 -0.30765184783554533 -0.3265093960931298 -0.1922446219186591 -0.1511298995062008 -0.7674232159020514 -0.08237824258637857 0.0 0.03644864721473781
0.07809300373001891 -0.040287474900723104 -0.018774075281525023 -0.1552444915799753 -0.25983914137911673 -0.04083939256247767 0.11791351747561635 0.3754592739113218 -0.20327629557085877 0.3198806133670696 0.11709233264627476 0.054984900629214455 0.24180881210170535 0.2709127963467771 -0.017985519348991588 -0.007397417694253749 0.9529471368953283 0.44563256313975613 0.6137089795948495 -0.7958722576426451 -0.13847701967856552 -0.39749666802941563 -0.4086016862253643 -0.20739394290936736 0.12277669965950729 -0.06111739228197756 0.43228736993997896 -0.048691163866320226 -0.01019330523765813 -0.283643162115397 -0.053872829502969864 -0.015651049836236077 0.10106052986170153 0.1376961922685389 -0.25837405371842137 0.29429316678632617 0.223354805204041 0.4789545755455612 0.38194946441348093 0.08648987783725894 0.1719398272666774 0.2317455157102489 0.10901048477042445 0.029140250238329075 0.016769350026929936 -0.1830070089922108 -0.2598160836880738 0.4152314726952411 -0.04940212923341627 -0.05866491818572345 -0.04177765341689448
0.10184242319516837 -0.19123080157502464 -0.054083395241183614 -0.13431643436150303 0.3058740905885329 0.17681657113751742 0.2347109665867551 0.18818065959776795 0.10173148465355535 0.30425354354791795 0.05407210284828314 0.0728716327317246 0.03334804682077276 0.22059863565574003 0.05019316474496798 -0.15671625143020754 0.47908775460332564 -0.041067309089987555 0.07605134458554252 0.46733982335136337 -0.013318442043693382 -0.1472643337655445 0.3505771250958663 0.7903296905021175 -0.8140093619398211 -0.6030250193779522 -0.39709356834231796 -0.48848328305046806 -0.5155889144117671 -0.5266752330300305 0.2497988226862378 -0.02042715440025979 0.136568100214966 0.06375365152418508 -0.23307174822188542 0.32872243442997967 0.22692359019079242 0.28442382338643124 0.2729184434611268 0.19512603819507954 0.12061924963798568 0.07780445969766084 0.26156146776770445 -0.17417987920293326 0.43315958475504557 0.39342518952382627 0.3096661404649303 0.2729171540808151 0.2288132971916754 0.06247610892254346 0.014164197836245868
-9999 -0.12637889357115212 -0.11989337048787538 -0.0636200748641835 -0.2254913112025656 0.15502580639027846 0.03828284366120607 0.046751895763632 -0.052670594645586044 0.23680598694664684 0.06339995749036498 0.08855437356218432 0.030365184550858276 0.1344704516485866 0.10238110803284187 0.052381584609423486 -0.006025708409401274 0.5978833093619925 -0.12742200805440174 -0.28032673092220656 0.025118811174252943 -0.2594569999479669 0.04217826413566597 -0.28044794568009507 0.23377996886576433 0.45034518305604987 0.6507401145150171 0.48648169180099315 0.4880043531004498 0.7748898733238783 -1.10482784667107 -0.4846398939316292 -0.46320233298555935 -0.43426247682720737 -0.6286144536607884 -0.10412556556955194 0.2231852043913092 0.15940463950570272 0.07886288447373194 0.04862362856842548 0.09154467464521798 0.11880576210351243 0.14059176359530223 0.6024278025396879 0.16173877749180707 0.47293621603969993 0.38703088605555575 0.24817256582792802 0.1597306742496185 0.23863323958466742 0.20125747195115634
-9999 -9999 -0.27830084329337046 -0.03518578012422095 -0.0675697168669544 0.2601300070790006 0.08789816039726943 0.05954521978228984 -0.05974582376937153 0.2557283634636221 0.02953296373674722 0.09095065588176007 -0.01823572942091971 0.13945502517981123 0.05145433040471146 0.03927112201160879 -0.024622719308763648 0.23815723010659187 -0.11052873846964428 -0.01758823061924846 -0.029276794933459582 -0.12229537265102872 0.054415940131477984 -0.10939367462653535 0.21394770230365334 -0.08992872480126744 0.37295918778699283 -0.023290475360596696 -0.21096031727719158 -0.326480077375638 0.33915916159384935 0.6340849405623692 0.5451245341597224 0.4919748398384943 0.41623103192705013 1.2381052861701536 -0.6834227266999484 -0.06332634085956068 -0.07435613216149378 -0.6630731551811332 -0.2731199056990483 -0.2787098790339714 -0.10096843665919683 -0.05167684652809777 -0.3516648553004367 -0.0548650556845953 0.153083267049142 0.12344469283575189 0.007589396355469115 0.008341818114870855 0.06544711045217314
-9999 -9999 -9999 -0.2732244326302349 -0.5717619145672248 -0.18042198008328106 0.1889475611043476 0.03809689707592075 -0.10582106847053546 0.18342782262126184 0.06985796525516483 0.10281013448944999 -0.09792675131645963 0.19724163689492624 0.027220341690628983 0.026684972414748376 -0.02024105031088883 0.08907283880284422 -0.20009590302875843 0.01260958088001162 -0.02457186383398918 -0.16758829397396227 0.08262428618623774 -0.05920386703810822 0.019140777970492066 0.0545287718571826 -0.25947928552988214 0.0015039338906325133 -0.0723063704868295 0.10006172153182108 0.05099262583457415 0.21722169491124604 0.050313730550168675 0.08790771109204665 -0.2437801515941428 -0.008566165283499036 0.10418293432218503 0.2618335868307881 0.5150598363626696 0.6372926875210645 0.18078116909656397 0.23746341458604986 -0.21954258002463992 -0.22035282976501186 -0.3122091717704244 -0.40440956782525345 -0.3746753217040454 -0.08529686837124807 -0.03939571889285216 -0.012434204807341559 0.0015583332730124124
-9999 -9999 -9999 0.3920797769173711 0.4364193866173088 1.3572306502542535 -0.8546467124240372 -0.2144844069353977 -0.41169758618483804 -0.029960386387638403 -0.16390919561547426 0.18274203829940697 0.03287178220324006 0.13226792390868325 -0.0065127226226537665 0.05435135463583039 -0.08842664662221408 0.052497522316428194 -0.016592643040563706 -0.13855495165984727 -0.00982847113421378 -0.126198397090472 0.033406593210068496 -0.08472696061826937 -0.012176839118134044 -0.02699041099488208 -0.18706974044132174 0.10706197421399875 -0.0401615699540193 0.050429372550207185 -0.1380588603561943 0.22988261724165882 0.060372710366377515 0.07926967177274538 -0.07839553666866059 0.23634361373528662 -0.1148607523491696 0.03369884040917443 0.45002082589907155 0.07698982147355206 -0.18385857470610484 -0.1567457822538387 0.15495029345431025 0.13162960697780973 0.031207897477909436 0.042326219521749434 0.14764905562647485 -0.1287782168380509 -0.7704402540307846 -0.2773983321688512 -0.3322195652915066
-9999 -9999 -9999 -0.12487277761194934 -0.2018657838472118 0.1051087373039917 0.15227896007865113 0.3024551707567321 0.293149089428975 -0.01527645709413049 0.5289306464005079 1.0419245466537428 -0.9053529732231881 0.18260672826957064 -0.11293609312370591 -0.03900371096369353 -0.09732241941145582 -0.2449153176977649 0.04628487466994723 -0.06363742034409448 0.05171130563079804 0.03568105009794744 -0.2771368859811102 -0.011211516659544207 0.010135283136767217 -0.014375732818749449 -0.19514425530315874 0.08441742549844822 -0.08693534581414916 -0.03871656682259423 -0.31056735051406953 0.18281124804007925 0.030773453862989276 0.029466709833039378 0.02748961268794993 -0.3270226130007842 0.043949637183311414 0.017591540011855356 0.30649355599082806 0.6654885405020157 0.1951829613875503 0.07631532497408608 -0.13281460955828542 -0.19889077501418495 -0.06776884338241 -0.07359679534414552 -0.1654596424773364 0.1478741509603893 0.6992680719647191 0.18000947476236762 0.20722137282599176
-9999 -9999 -9999 -0.09345016510665552 -0.15159462506364324 0.04848773787081689 0.08201172832850735 0.07938284258003732 0.053374382378306655 -0.09287143081330156 0.16008982494913004 -0.031144020871729305 0.025259315615576084 0.20981170048689138 0.03593939294228017 0.10536803294181912 0.10883638057023681 0.712744711306029 -0.7233852910533346 -0.014384042158886189 -0.02884657183094862 0.13640940102943894 -0.21540270777953568 0.001818526205358385 0.04321339349847 0.003874200300266696 -0.27570877289874157 0.21592556629551288 0.09276921967550773 -0.015469994537350696 -0.2536382559133091 0.11863545475766729 0.02597038315328053 0.026246525884321692 -0.022003779193313866 -0.2546192938336668 0.16290030105085018 0.002443872625660321 0.28423998133497036 0.9188544220568573 0.10261118351460602 0.012115305732229388 0.1789129014081349 0.13978410749003564 -0.4255861673894723 0.08703240512828532 0.12912865615263017 -0.010668252167398232 -0.02147716988186087 -0.047934188006958395 -0.004025004644158781
-9999 -9999 -9999 0.0631147787165501 -0.15191509266661463 -0.015709734609899686 0.02587842942171216 -0.04177998798019072 -0.06757139319431038 -0.23435351874568466 0.13874630319919956 0.04303709790850023 0.05329457441661515 0.16336441056897313 -0.028506523900920136 -0.03429219427201379 -0.04803800113312602 -0.2195181015907139 0.02734890082306583 0.0664618578863841 0.036171461786215955 0.13705532056514655 0.5183676984475742 -0.8562099518559328 -0.31743475225617784 -0.3091029699558807 -0.7736725831501889 -0.47864575422666317 -0.2697470019136084 0.23395090424127307 0.0742529080328624 0.39866667869803896 -0.010619896554791768 1.9109370604959667E-4 -0.040115286904122555 -0.17112157153073204 0.11359749994744292 -0.021628336295538862 0.0822080857665285 0.6576476042520096 0.2896070658456781 0.2553691551632656 0.0919890894307407 0.214138697524154 0.5794750467060009 0.024250200771017572 -0.05843369386886076 -0.004510093425718606 0.04290487032314063 -0.023015976499127698 -0.013826097242475143
-9999 -9999 -9999 0.07991291280079371 -4.2087383976103224E-5 -0.08532795268614789 -0.16709255921230765 -0.09309893177183308 -0.12410954711389707 -0.1576823499656244 -0.03850016883623568 0.04523017566652804 0.2669999137127151 -0.047683051582320536 -0.052349600340735845 -0.05097300590322966 -0.034572163365446294 0.010265156863243252 -0.11834257012718823 0.10680292185876579 0.03919770037575925 0.03546909644442974 -0.1007461633758952 -0.06518868968906422 0.3254200993007 0.40728419665372845 0.40228368522232244 0.7276022614138703 0.9392015339987144 -0.9398614127160138 -0.23728263130664654 -0.7233814809176334 -0.508170386741576 -0.47733271546493533 -0.35240572108666857 -0.17442578197788947 0.10551918274378581 0.03516413387112407 0.12115323068281966 0.19897342185191605 0.5777667773875808 0.27522514545747584 0.08403500024115264 0.07912646212932277 0.13336042182567728 -0.0224964513761098 0.06658313383931509 -0.03876550832274565 -0.11726220228304284 -0.3012042612041966 -0.4821588285039921
-9999 -9999 -9999 -9999 0.09043477741551836 0.05284753049624364 -0.31166792164442986 -0.06291843461085647 -0.04515028270058452 -0.15036986649152084 0.1228808792546075 0.12881026107224203 0.2137322254220618 -0.01977848552101025 -0.06308037501070997 -0.039953465621054396 -0.010421010082411046 0.019796186533009207 -0.19417538144048196 0.12564443082331236 0.006627375617985231 0.034084949300446074 0.029230138661942965 -0.05626523274348978 -0.10218917729755933 -0.0076224457952889955 -0.2510660676367656 0.30442288354401464 -0.3537784843144061 0.27756168144421156 0.44416142960372834 0.3483850485893736 0.559597893331327 0.4355351782540306 0.6940977931163722 -0.8154857145730641 -0.3978086562552293 -0.3936847491777359 -0.31230573386952 -0.05495088945998415 0.44155074328386784 0.2677264569572882 0.19542026478353158 0.08317180292656601 0.15582514530658131 0.18039651324160022 0.22134392232747258 0.11731400960582927 -0.02302720799995493 -0.148851752199104 -0.03831626505254553
-9999 -9999 -9999 -9999 -0.15712103437646832 0.014218025672724963 -0.32570694467856565 -0.0551388605568149 -0.04849490379737573 -0.11691143287845197 0.09604554196859126 0.028494832117039747 0.04959919687094898 0.03850551415609088 -0.06439665058149179 0.03568745476136912 -0.02467201820080588 0.033335093667230274 -0.1668896511364416 0.10036280354537055 -0.10722484852487757 0.10629499908445872 0.07648077631086476 -0.03448955540976677 -0.032212792989202765 -0.09676940245350413 0.005822514866513542 -0.40341063768179825 0.13772893173535602 0.07179361430599271 0.038846442038169705 -0.3147502214549062 -0.026000934538289593 -0.13665714397011836 -0.253300322514092 0.28258766834454296 0.5663190278281193 0.4873121940743339 0.4750038523091803 0.9805790685569742 -0.6839299370086358 0.2957059193862155 -0.14533626260362764 -0.26119450411364903 -0.2939506141198628 -0.37880107472812885 0.012510635638212073 0.3162466860315655 0.29825130154210167 0.35476217045944725 0.3137343028584625
-9999 -9999 -9999 -9999 0.5734330582246342 -0.3585122636514586 -0.41503262354339443 -0.08600297556001393 -0.08993459814299264 -0.23767361180578545 0.20044564114054475 0.011974394581531635 -0.023494840274092894 0.07131713355621118 -0.007910518547275421 -0.0019099305689614043 -0.015089576532977083 -0.00875317754387183 -0.1395753276129976 0.06101696676304855 0.024983087214278617 0.02910323760476318 0.037987182015635085 -0.04568260702012169 -0.05375470297017468 -0.12773563147960965 0.019779506766745922 -0.10694154174152075 0.1402037962922197 0.04445327506030265 0.013534706022803683 -0.2804771099672144 0.05133178020647798 0.014949507875331782 0.05951748293080216 0.06683015623106349 0.403136515235855 -0.025512865219807286 0.15349934063861162 -0.007019774836765477 0.027145725925932108 0.31897785488693425 0.4130781851167394 0.38611447894478146 0.2747573301415851 0.3654642626868078 -0.4022168415273951 -0.34579880150833964 -0.1706164836057222 -0.730794496986244 -0.07017509122803632
-9999 -9999 -9999 -9999 0.14314085419005812 0.5898501714676673 0.098778768246207 -0.07697695094762208 -0.04999964927186957 0.05272044767393248 0.6468890322125336 -0.5581380696444302 -0.028752148362239414 0.05594026073511098 -0.022923721223328277 -0.05365868543027788 0.03754595174677685 0.07559219796892284 -0.18987279589102696 0.0029075421230163267 0.10592244333904519 -0.02001684560218428 0.044179709882961306 -0.09642298175604909 -0.09885281378649625 -0.0029059574801219112 0.026035579333401233 -0.16961752304315236 0.24646535104860337 -0.024185908849542907 -0.07901481520604055 -0.25421715006838236 0.29180916853320277 0.09361295022996075 0.06355250051077488 0.1428427803847893 -0.37983727201598133 0.29817403304216517 0.18115435897356721 -0.007010994421385477 -0.114063008096175 0.31941372809703905 0.23237022468109475 0.23776683157750675 0.09227460686085215 -0.19334663338173064 0.4950010479012649 0.411326460841224 0.6218602732215157 1.1667556506147123 0.3099469538038645
-9999 -9999 -9999 -9999 0.05335197804260218 0.34684186241995785 -0.1811682414220976 -0.12685337136774474 -0.07472302945992511 -0.03831098834572181 -0.16033861781120856 0.08177264546805334 0.05666498799497606 0.07727203966757165 -0.021456556978164697 -0.030235074155713946 0.5984460695979354 -0.5574313963693872 -0.2092215160419585 -0.06930100105882941 -0.07990610449784277 0.006998386053145484 0.06923025894335244 -0.18600533277938572 0.07172824876948804 -0.018612169431127736 0.00892164705750592 -0.13652634454972978 0.035604369021468074 -0.07088603207927283 0.01087782488117447 -0.004212108403183555 0.2568662029669271 -0.08466201406009802 0.025598828218197655 0.06177044453375438 0.1263893716203987 0.3764890700967851 0.07058070602344049 -0.06381796481850376 -0.19988129844445518 0.22340782124571126 0.23540285117159632 0.249798163576085 0.23760756729369378 -0.5201599897852036 -0.2696386953421442 -0.11521757373810022 -0.06188794059036432 0.06805972496024941 -0.14102087651351597
-9999 -9999 -9999 -9999 0.017236746867202203 0.0899022203167099 0.3033955681912691 -0.27437164715320966 -0.08344163835268151 -0.03728006747929953 -0.14897982833375603 0.1040618799179644 0.018414279785751386 0.04641047035633701 -0.14415222999991079 0.08415473716923133 -0.010894078616865175 0.06048892464372092 -0.06952631956344589 -0.09764098596264527 0.31189213388291054 0.6704117509251892 -0.633477678322382 -0.2766332485849252 -0.23412513152417588 -0.27094211481801894 -0.224078405355739 -0.23344471072345882 0.2709948578361422 0.02149877225778308 0.07230426547913406 0.18003319479536037 -0.3442540411634762 0.12418412259367195 0.10761503123513282 0.30470919050711287 -0.02740646303621026 0.14235810955531447 0.018447575967025457 0.018348894562153138 -0.2748130675471134 0.1600182274935209 0.19072469911255172 0.726160852488165 0.12624165202608595 0.5057787479777195 -0.11555430571648102 -0.07735471452460478 -0.07419881782334065 -0.028899046507031675 -0.3404891974102584
-9999 -9999 -9999 -9999 -0.03864674005086987 -0.01764872010230482 0.2463170523365597 -0.1156155390502179 -0.07940953278398048 -0.05894842986025565 -0.13027878845528504 0.08573923232882148 0.002238050128034091 0.06472553173203377 -0.10156517027211798 0.10428693250101395 -0.06521932491445588 0.0651170116790072 -0.036275771827481894 -0.12391888637856516 0.06278445898643581 -0.1425565371356681 0.060527231757677546 0.08868879259279591 0.24836981189069915 0.20453257285130827 0.2365819512700258 0.4993636065879277 -0.565457416543156 -0.34273607239761567 -0.3074509838831262 -0.3476678756603864 -0.7281390680390537 -0.18973023700182332 0.3114655454344364 0.1537539227276626 -0.24823539866827432 0.2195699503551238 0.07279799600373103 -0.07004460656905365 -0.11612381716577291 0.1526033003406911 0.06789072607312226 0.5558851116748045 0.3075499630725189 0.04908518002619636 -0.16123401017337718 0.033259881695730985 0.0682232951772944 0.1579034720524793 -0.4516612296918225
-9999 -9999 -9999 -9999 0.0053219693807481875 -0.02127530790935035 -0.002284732878842356 0.028528359037185685 -0.006729929201791014 -0.061925232966293826 -0.09120009662233844 0.032296931435686696 0.0010383425972496196 0.004471707583518948 0.03417382922392039 0.015754264335182493 -0.09346059964248958 0.0557566878228748 -0.030658377301964624 -0.11652014350609893 0.06796238661775178 -0.02208532903888288 -0.04807728372019406 -0.024282327945416626 0.003931593571629862 -0.04353120659281077 0.07862401572545957 0.006207008811389542 -0.17431985330969346 0.46310121786644437 0.3705021656639317 0.37903684377828417 0.4594109218033788 1.994535950676961 -1.1594988263111148 -0.07878682527398688 -0.8559683129373072 -0.5375820119759777 -0.2668983870093812 0.23193726891196742 0.009726597516260236 -0.28531631514885514 0.16592520920511258 0.36530327830876697 0.40723098844773625 0.2645192553140361 -0.2222027912282396 -0.16552301273380537 -0.03054774991424303 0.07942806319346252 -0.37108188832373445
-9999 -9999 -9999 -9999 -9999 -9999 -0.07126395629336102 0.055506506175277255 -0.008222060053681583 -0.055060829800085906 -0.01749665787773078 0.04545821762353064 -0.04900545766366798 -0.11196960061402819 0.1407452129603195 -0.0862697681900975 -0.03629195541774516 -0.014622708954090732 -0.0081803102893426 -0.06410832590807666 0.04655855295288416 -0.00277344822063819 -0.0274458065677127 -0.08558455235430343 0.04748013759394316 -0.12030536451403963 0.08058163028175903 0.0021062258224496806 -0.12120467033897171 0.1190502154105769 -0.018180190342559733 0.001493896924667428 -0.20011437443515356 0.1932950559607274 0.09156657751463743 0.1731251784786472 0.3277459632625552 0.64458540255101 1.303288872143008 -1.0373005873697658 -0.09764751748419581 -0.7792238151884265 -0.35284702744620733 -0.08587490290511485 0.31926983360103095 0.567385245030131 -0.15057140390337279 -0.33107705018420447 -0.2592723542820466 0.02518251064237098 -0.7614477425396463
-9999 -9999 -9999 -9999 -9999 -9999 -9999 -9999 -9999 -9999 -9999 -0.06903754841526688 -0.08989365321119297 -0.13474413709662392 0.14260214382109032 -0.1423184210856426 -7.076151029585467E-4 -0.007159136569076628 0.016145837781246383 -0.07790249316062589 -0.012413998941636578 0.0129285179297186 0.03221191410858302 -0.178877995677303 0.11451116779563784 -0.09218331317913181 0.028647197500400266 -0.024753355124582325 -0.06791265140136568 0.23547654326847303 -0.02354517490823268 -0.007873003888188687 -0.06742690713542207 0.2666959858057023 0.03905390663946846 0.010273345095998048 -0.04867117082534167 -0.6133307893504066 0.11218924208907076 0.19484992986802066 0.2864745564445084 0.2116110998737692 0.7597259689510338 0.3430344985248622 1.1048400741747506 -0.39687362794346753 -0.10479584010099272 -0.1503947623103756 -0.2878655113273766 -0.28191125259536864 0.23400959847934336
-9999 -9999 -9999 -9999 -9999 -9999 -9999 -9999 -9999 -9999 -9999 -9999 -9999 -9999 -9999 -9999 0.051892827791401475 -0.04101603506097508 0.032010697809250664 -0.16146369097087965 0.005057647565929258 0.03646062145750987 0.060544923888014676 -0.02871334773743424 -0.23830611621077213 0.20371119971454843 -0.040763877925458714 0.009448608520995053 -0.027644513863536505 0.19454808809387908 -0.03175668436095209 -0.0059039746170098375 0.024390687905603937 0.08455289111736071 -0.0360823589086805 -0.055212131006712656 -0.047966463111116873 -0.40181409866657014 -0.06801907710406484 -0.02353330357238411 0.05481113524823432 -0.17170297221798533 0.2347983216825074 0.0924733893916671 -0.02130997103194317 1.3656856153735315 0.4817487349967044 0.26234033111168376 0.2834487837315464 0.21103809793620815 0.14734268329976766
