output/RioRessiOut/RioRessi_Tca.asc
NCOLS 197
NROWS 299
XLLCORNER 676026.5927825759
YLLCORNER 5072481.374398034
CELLSIZE 0.9572864394182301
NODATA_VALUE -9999
[rows 148 to 184 of 299, columns 83 to 165 of 197]
8.0 9.0 16.0 18.0 27.0 8.0 1.0 2.0 6.0 2.0 1117.0 10.0 62.0 42.0 32.0 31.0 28.0 16.0 1.0 1.0 1.0 1.0 1.0 1.0 21.0 2.0 2.0 2.0 2.0 1.0 31.0 5.0 1.0 3.0 6.0 9768.0 1.0 8.0 7.0 6.0 5.0 4.0 3.0 2.0 1.0 35.0 34.0 33.0 32.0 31.0 30.0 29.0 28.0 27.0 26.0 23.0 22.0 1.0 3.0 2.0 1.0 2.0 1.0 1.0 4.0 3.0 2.0 52.0 49.0 48.0 3.0 2.0 1.0 36.0 35.0 34.0 8.0 7.0 6.0 5.0 4.0 3.0 2.0
5.0 6.0 1.0 26.0 5.0 2.0 1.0 5.0 1.0 7.0 1109.0 9.0 16.0 3.0 9.0 2.0 11.0 8.0 6.0 4.0 1.0 5.0 6.0 19.0 1.0 1.0 1.0 1.0 1.0 30.0 2.0 2.0 2.0 2.0 3.0 9760.0 6.0 5.0 4.0 3.0 2.0 1.0 48.0 47.0 46.0 10.0 9.0 8.0 7.0 6.0 5.0 4.0 3.0 2.0 1.0 2.0 1.0 20.0 16.0 15.0 13.0 9.0 8.0 7.0 3.0 2.0 1.0 1.0 2.0 1.0 44.0 43.0 38.0 37.0 36.0 35.0 25.0 24.0 23.0 22.0 21.0 20.0 19.0
2.0 24.0 25.0 4.0 1.0 3.0 4.0 4.0 6.0 45.0 1063.0 8.0 7.0 8.0 2.0 8.0 1.0 10.0 7.0 1.0 2.0 4.0 2.0 1.0 9.0 9.0 16.0 21.0 29.0 1.0 1.0 1.0 1.0 1.0 1.0 67.0 9692.0 67.0 3.0 2.0 1.0 49.0 2.0 1.0 1.0 3.0 2.0 1.0 4.0 3.0 2.0 1.0 2.0 1.0 1.0 1.0 4.0 3.0 2.0 1.0 1.0 3.0 2.0 1.0 3.0 2.0 1.0 180.0 179.0 3.0 2.0 1.0 4.0 3.0 2.0 1.0 34.0 33.0 32.0 1.0 20.0 19.0 18.0
18.0 21.0 1.0 2.0 2.0 2.0 3.0 1.0 44.0 6.0 1056.0 7.0 6.0 4.0 3.0 1.0 7.0 9.0 4.0 2.0 1.0 3.0 1.0 7.0 1.0 8.0 6.0 4.0 7.0 1.0 8.0 10.0 15.0 37.0 65.0 1.0 9623.0 1.0 63.0 62.0 61.0 11.0 8.0 7.0 5.0 1.0 8.0 7.0 2.0 1.0 4.0 3.0 5.0 4.0 2.0 5.0 1.0 192.0 191.0 190.0 189.0 188.0 187.0 186.0 185.0 184.0 183.0 2.0 1.0 175.0 154.0 153.0 7.0 6.0 5.0 4.0 3.0 2.0 1.0 30.0 9.0 8.0 7.0
1.0 1.0 1.0 1.0 1.0 1.0 41.0 43.0 2.0 3.0 1055.0 2.0 4.0 5.0 3.0 2.0 6.0 4.0 4.0 3.0 1.0 2.0 1.0 5.0 7.0 5.0 2.0 1.0 6.0 6.0 1.0 4.0 21.0 10.0 6.0 11.0 9622.0 25.0 24.0 23.0 22.0 21.0 20.0 19.0 18.0 17.0 8.0 7.0 6.0 5.0 1.0 6.0 1.0 7.0 6.0 2.0 193.0 41.0 40.0 39.0 38.0 35.0 34.0 33.0 32.0 31.0 16.0 15.0 14.0 1.0 20.0 19.0 145.0 144.0 117.0 1.0 68.0 62.0 61.0 60.0 59.0 8.0 7.0
12.0 21.0 26.0 28.0 36.0 39.0 1.0 1.0 1.0 1.0 1054.0 1.0 3.0 2.0 2.0 2.0 1.0 5.0 3.0 3.0 2.0 1.0 3.0 1.0 6.0 4.0 1.0 5.0 2.0 3.0 3.0 20.0 9.0 5.0 9.0 1.0 66.0 9530.0 336.0 4.0 3.0 2.0 1.0 8.0 7.0 6.0 5.0 4.0 3.0 2.0 21.0 14.0 12.0 4.0 3.0 194.0 42.0 35.0 34.0 33.0 1.0 2.0 1.0 18.0 2.0 1.0 14.0 13.0 12.0 12.0 11.0 10.0 18.0 17.0 26.0 115.0 46.0 5.0 4.0 3.0 2.0 50.0 47.0
8.0 4.0 1.0 7.0 2.0 2.0 3.0 26.0 822.0 835.0 1053.0 1.0 1.0 1.0 1.0 1.0 1.0 1.0 3.0 2.0 2.0 1.0 2.0 1.0 4.0 3.0 4.0 1.0 2.0 2.0 19.0 8.0 4.0 4.0 4.0 7.0 58.0 9186.0 7.0 331.0 12.0 11.0 10.0 1.0 312.0 311.0 310.0 309.0 24.0 23.0 1.0 280.0 279.0 278.0 277.0 82.0 39.0 3.0 2.0 1.0 31.0 30.0 29.0 1.0 15.0 14.0 13.0 12.0 1.0 11.0 10.0 9.0 9.0 8.0 16.0 25.0 24.0 45.0 44.0 41.0 40.0 1.0 2.0
3.0 5.0 6.0 1.0 1.0 20.0 22.0 795.0 6.0 6.0 14.0 202.0 200.0 67.0 44.0 42.0 31.0 1.0 1.0 1.0 1.0 1.0 1.0 2.0 1.0 2.0 3.0 1.0 1.0 18.0 7.0 3.0 3.0 3.0 3.0 3.0 57.0 7.0 9178.0 6.0 318.0 317.0 316.0 315.0 2.0 1.0 2.0 1.0 284.0 283.0 282.0 1.0 7.0 6.0 5.0 4.0 3.0 2.0 1.0 4.0 3.0 2.0 1.0 9.0 8.0 7.0 4.0 3.0 10.0 9.0 5.0 1.0 8.0 5.0 7.0 15.0 14.0 23.0 22.0 2.0 1.0 39.0 38.0
4.0 1.0 17.0 18.0 19.0 1.0 14.0 780.0 5.0 5.0 13.0 1.0 132.0 15.0 7.0 1.0 10.0 29.0 23.0 19.0 11.0 6.0 3.0 1.0 1.0 1.0 1.0 1.0 17.0 6.0 2.0 2.0 2.0 2.0 2.0 56.0 1.0 6.0 8822.0 355.0 5.0 4.0 3.0 2.0 1.0 305.0 302.0 301.0 300.0 299.0 11.0 10.0 2.0 1.0 256.0 255.0 254.0 253.0 252.0 247.0 246.0 243.0 187.0 186.0 2.0 1.0 2.0 1.0 2.0 1.0 3.0 3.0 2.0 2.0 4.0 6.0 5.0 13.0 12.0 21.0 20.0 19.0 17.0
13.0 15.0 2.0 3.0 4.0 13.0 29.0 750.0 4.0 4.0 7.0 5.0 131.0 1.0 13.0 6.0 9.0 5.0 3.0 6.0 1.0 4.0 2.0 2.0 8.0 9.0 13.0 15.0 5.0 1.0 1.0 1.0 1.0 1.0 53.0 2.0 2.0 2.0 2.0 8819.0 354.0 338.0 337.0 336.0 335.0 3.0 2.0 1.0 22.0 1.0 287.0 286.0 285.0 258.0 1.0 19.0 18.0 17.0 16.0 15.0 2.0 2.0 55.0 45.0 183.0 181.0 2.0 1.0 3.0 2.0 1.0 2.0 1.0 1.0 1.0 3.0 2.0 4.0 2.0 11.0 7.0 6.0 1.0
1.0 1.0 4.0 5.0 8.0 28.0 746.0 3.0 3.0 3.0 6.0 4.0 1.0 129.0 10.0 2.0 5.0 8.0 4.0 2.0 5.0 3.0 1.0 1.0 7.0 3.0 1.0 4.0 5.0 11.0 17.0 20.0 27.0 52.0 1.0 1.0 1.0 1.0 1.0 8817.0 3.0 12.0 11.0 8.0 7.0 26.0 25.0 24.0 1.0 20.0 19.0 18.0 17.0 26.0 25.0 5.0 4.0 3.0 2.0 1.0 12.0 1.0 1.0 9.0 44.0 1.0 178.0 175.0 171.0 150.0 149.0 148.0 147.0 146.0 3.0 2.0 1.0 1.0 1.0 1.0 3.0 2.0 5.0
2.0 3.0 1.0 2.0 27.0 3.0 742.0 2.0 2.0 2.0 5.0 1.0 2.0 128.0 5.0 4.0 1.0 4.0 7.0 3.0 1.0 4.0 2.0 5.0 1.0 2.0 3.0 4.0 5.0 5.0 2.0 6.0 17.0 7.0 2.0 46.0 51.0 54.0 55.0 8816.0 1.0 2.0 1.0 2.0 1.0 6.0 5.0 4.0 3.0 2.0 1.0 2.0 1.0 16.0 15.0 14.0 13.0 12.0 11.0 10.0 1.0 11.0 10.0 1.0 8.0 43.0 40.0 2.0 1.0 20.0 19.0 16.0 15.0 1.0 142.0 141.0 1.0 124.0 119.0 98.0 2.0 1.0 1.0
11.0 12.0 24.0 26.0 1.0 1.0 741.0 1.0 1.0 1.0 1.0 3.0 1.0 2.0 125.0 4.0 3.0 3.0 3.0 3.0 2.0 3.0 1.0 4.0 1.0 2.0 3.0 4.0 4.0 1.0 5.0 16.0 6.0 1.0 43.0 4.0 2.0 1.0 7.0 41.0 8711.0 422.0 20.0 19.0 18.0 17.0 16.0 15.0 14.0 13.0 12.0 9.0 8.0 7.0 6.0 5.0 4.0 3.0 2.0 1.0 8.0 7.0 1.0 8.0 6.0 7.0 2.0 39.0 24.0 23.0 1.0 2.0 1.0 13.0 12.0 2.0 139.0 1.0 4.0 20.0 95.0 94.0 91.0
7.0 11.0 1.0 14.0 28.0 682.0 740.0 51.0 44.0 32.0 1.0 1.0 1.0 1.0 124.0 1.0 2.0 2.0 2.0 2.0 2.0 1.0 2.0 3.0 1.0 2.0 3.0 3.0 3.0 4.0 15.0 5.0 1.0 42.0 3.0 1.0 3.0 5.0 1.0 39.0 8288.0 362.0 39.0 38.0 36.0 2.0 1.0 13.0 12.0 11.0 10.0 9.0 8.0 7.0 6.0 5.0 4.0 3.0 2.0 1.0 2.0 1.0 5.0 3.0 1.0 5.0 6.0 1.0 14.0 10.0 21.0 20.0 10.0 9.0 8.0 9.0 1.0 13.0 9.0 3.0 19.0 10.0 2.0
3.0 11.0 13.0 13.0 16.0 637.0 6.0 6.0 11.0 15.0 15.0 14.0 4.0 1.0 123.0 100.0 1.0 1.0 1.0 1.0 1.0 1.0 1.0 2.0 1.0 2.0 2.0 2.0 13.0 14.0 4.0 37.0 40.0 2.0 1.0 2.0 1.0 24.0 25.0 13.0 8287.0 18.0 343.0 341.0 1.0 33.0 32.0 18.0 17.0 16.0 15.0 14.0 13.0 12.0 11.0 10.0 9.0 8.0 7.0 6.0 3.0 2.0 1.0 1.0 2.0 2.0 2.0 5.0 3.0 3.0 9.0 5.0 9.0 8.0 3.0 7.0 8.0 7.0 3.0 8.0 2.0 8.0 9.0
10.0 1.0 12.0 15.0 631.0 5.0 5.0 5.0 5.0 5.0 14.0 8.0 1.0 2.0 22.0 1.0 97.0 94.0 22.0 15.0 14.0 8.0 1.0 1.0 1.0 1.0 1.0 12.0 2.0 3.0 36.0 2.0 1.0 3.0 4.0 22.0 23.0 6.0 12.0 8271.0 15.0 17.0 16.0 1.0 340.0 339.0 37.0 36.0 35.0 34.0 33.0 32.0 31.0 8.0 7.0 6.0 5.0 4.0 3.0 2.0 1.0 4.0 3.0 2.0 1.0 1.0 1.0 1.0 1.0 2.0 2.0 3.0 4.0 3.0 4.0 2.0 6.0 3.0 6.0 2.0 7.0 1.0 7.0
10.0 11.0 14.0 626.0 4.0 4.0 4.0 4.0 4.0 4.0 13.0 2.0 5.0 1.0 7.0 14.0 2.0 71.0 1.0 5.0 4.0 1.0 6.0 5.0 6.0 8.0 11.0 1.0 1.0 35.0 1.0 1.0 2.0 16.0 17.0 3.0 5.0 2.0 5.0 8270.0 4.0 10.0 1.0 15.0 11.0 5.0 301.0 300.0 169.0 168.0 167.0 166.0 1.0 22.0 21.0 1.0 10.0 9.0 8.0 7.0 6.0 1.0 2.0 1.0 138.0 137.0 135.0 133.0 1.0 1.0 1.0 1.0 2.0 1.0 2.0 3.0 1.0 2.0 2.0 5.0 1.0 6.0 3.0
11.0 13.0 3.0 622.0 3.0 3.0 3.0 3.0 3.0 3.0 6.0 6.0 1.0 4.0 6.0 2.0 11.0 1.0 70.0 4.0 1.0 2.0 5.0 4.0 1.0 2.0 5.0 6.0 33.0 2.0 3.0 14.0 15.0 1.0 2.0 1.0 1.0 1.0 1.0 8269.0 3.0 3.0 5.0 3.0 3.0 5.0 4.0 3.0 130.0 124.0 3.0 2.0 164.0 162.0 1.0 19.0 8.0 7.0 6.0 5.0 4.0 3.0 141.0 140.0 1.0 1.0 1.0 1.0 131.0 129.0 128.0 127.0 126.0 2.0 1.0 1.0 2.0 1.0 1.0 1.0 4.0 2.0 2.0
1.0 1.0 1.0 621.0 2.0 2.0 2.0 2.0 2.0 2.0 5.0 4.0 1.0 3.0 5.0 1.0 9.0 1.0 69.0 1.0 2.0 1.0 4.0 3.0 1.0 4.0 24.0 26.0 1.0 9.0 10.0 6.0 7.0 28.0 29.0 38.0 48.0 50.0 8268.0 1.0 1.0 1.0 1.0 1.0 2.0 2.0 4.0 2.0 2.0 5.0 120.0 1.0 1.0 1.0 160.0 159.0 158.0 147.0 146.0 145.0 144.0 143.0 1.0 3.0 2.0 1.0 2.0 1.0 8.0 7.0 6.0 2.0 1.0 123.0 119.0 118.0 117.0 114.0 113.0 107.0 1.0 1.0 1.0
22.0 412.0 619.0 1.0 1.0 1.0 1.0 1.0 1.0 1.0 2.0 2.0 3.0 2.0 1.0 3.0 4.0 4.0 1.0 67.0 1.0 2.0 1.0 2.0 3.0 23.0 1.0 7.0 8.0 4.0 5.0 17.0 20.0 7.0 8.0 9.0 1.0 192.0 6.0 8019.0 8004.0 362.0 345.0 336.0 1.0 1.0 1.0 1.0 1.0 1.0 4.0 118.0 117.0 116.0 3.0 2.0 1.0 10.0 9.0 8.0 7.0 6.0 5.0 1.0 18.0 16.0 13.0 12.0 3.0 2.0 1.0 3.0 2.0 1.0 3.0 2.0 1.0 2.0 1.0 5.0 105.0 103.0 97.0
380.0 9.0 10.0 196.0 193.0 189.0 182.0 171.0 156.0 1.0 1.0 1.0 1.0 1.0 1.0 2.0 2.0 1.0 3.0 63.0 3.0 1.0 1.0 2.0 22.0 3.0 6.0 2.0 3.0 5.0 16.0 2.0 6.0 4.0 8.0 186.0 191.0 5.0 5.0 9.0 7641.0 9.0 7.0 8.0 334.0 326.0 312.0 289.0 288.0 287.0 1.0 3.0 2.0 1.0 112.0 111.0 110.0 4.0 3.0 2.0 1.0 23.0 22.0 21.0 2.0 1.0 8.0 7.0 6.0 5.0 4.0 3.0 2.0 1.0 10.0 9.0 8.0 7.0 6.0 4.0 4.0 1.0 5.0
375.0 8.0 9.0 2.0 3.0 6.0 10.0 11.0 3.0 154.0 147.0 146.0 139.0 22.0 20.0 1.0 1.0 1.0 1.0 1.0 62.0 2.0 1.0 21.0 2.0 2.0 1.0 3.0 4.0 10.0 1.0 5.0 3.0 3.0 185.0 4.0 4.0 4.0 6.0 2.0 7631.0 9.0 8.0 6.0 7.0 7.0 13.0 22.0 21.0 10.0 285.0 257.0 256.0 170.0 3.0 2.0 1.0 105.0 104.0 103.0 102.0 78.0 45.0 44.0 43.0 42.0 33.0 32.0 31.0 30.0 29.0 16.0 15.0 14.0 3.0 2.0 1.0 4.0 3.0 1.0 3.0 3.0 2.0
337.0 7.0 8.0 1.0 2.0 5.0 9.0 1.0 9.0 2.0 6.0 6.0 116.0 1.0 12.0 6.0 3.0 1.0 5.0 60.0 1.0 1.0 20.0 1.0 1.0 1.0 2.0 7.0 9.0 2.0 4.0 2.0 2.0 184.0 3.0 3.0 3.0 5.0 1.0 46.0 7584.0 5.0 3.0 7.0 5.0 6.0 6.0 12.0 6.0 10.0 9.0 27.0 26.0 85.0 166.0 162.0 1.0 157.0 4.0 3.0 2.0 1.0 32.0 31.0 30.0 29.0 28.0 27.0 26.0 1.0 22.0 12.0 11.0 10.0 9.0 8.0 7.0 2.0 1.0 2.0 1.0 2.0 1.0
3.0 3.0 3.0 7.0 1.0 4.0 4.0 4.0 8.0 1.0 5.0 5.0 114.0 1.0 5.0 6.0 2.0 1.0 4.0 14.0 40.0 2.0 19.0 1.0 3.0 5.0 6.0 1.0 1.0 1.0 1.0 1.0 183.0 2.0 2.0 2.0 2.0 2.0 2.0 43.0 7579.0 4.0 4.0 2.0 6.0 4.0 5.0 5.0 5.0 5.0 9.0 8.0 6.0 25.0 84.0 3.0 160.0 2.0 152.0 143.0 142.0 141.0 140.0 8.0 5.0 4.0 3.0 2.0 1.0 24.0 1.0 21.0 20.0 19.0 18.0 13.0 12.0 11.0 10.0 9.0 8.0 7.0 6.0
2.0 2.0 2.0 5.0 1.0 3.0 3.0 3.0 6.0 1.0 4.0 4.0 4.0 109.0 4.0 5.0 1.0 3.0 11.0 2.0 39.0 1.0 16.0 1.0 1.0 2.0 6.0 12.0 14.0 18.0 24.0 182.0 1.0 1.0 1.0 1.0 1.0 1.0 36.0 6.0 7576.0 2.0 3.0 3.0 1.0 5.0 3.0 4.0 4.0 4.0 4.0 8.0 1.0 5.0 24.0 83.0 2.0 1.0 1.0 8.0 5.0 4.0 1.0 131.0 2.0 1.0 31.0 30.0 29.0 28.0 5.0 4.0 3.0 2.0 1.0 4.0 3.0 2.0 1.0 6.0 5.0 4.0 3.0
1.0 1.0 1.0 2.0 2.0 2.0 2.0 2.0 2.0 3.0 3.0 3.0 3.0 108.0 3.0 4.0 2.0 3.0 7.0 1.0 38.0 8.0 2.0 5.0 1.0 3.0 5.0 1.0 3.0 5.0 151.0 6.0 8.0 12.0 18.0 19.0 26.0 35.0 1.0 4.0 7574.0 1.0 1.0 2.0 2.0 2.0 2.0 2.0 3.0 3.0 3.0 3.0 7.0 4.0 4.0 23.0 82.0 81.0 78.0 3.0 2.0 1.0 2.0 1.0 130.0 129.0 97.0 3.0 2.0 1.0 22.0 21.0 20.0 19.0 18.0 17.0 16.0 15.0 14.0 7.0 6.0 5.0 4.0
268.0 183.0 1.0 1.0 1.0 1.0 1.0 1.0 1.0 2.0 2.0 2.0 2.0 107.0 2.0 3.0 1.0 2.0 6.0 33.0 4.0 7.0 1.0 4.0 2.0 4.0 1.0 2.0 4.0 150.0 5.0 7.0 3.0 5.0 5.0 6.0 5.0 3.0 3.0 73.0 7573.0 480.0 476.0 1.0 1.0 1.0 1.0 1.0 1.0 2.0 2.0 2.0 2.0 2.0 3.0 3.0 22.0 19.0 2.0 74.0 2.0 1.0 71.0 70.0 69.0 68.0 1.0 93.0 92.0 91.0 90.0 89.0 88.0 2.0 1.0 78.0 77.0 76.0 75.0 74.0 8.0 7.0 6.0
84.0 7.0 174.0 173.0 166.0 23.0 22.0 15.0 1.0 1.0 1.0 1.0 1.0 106.0 1.0 2.0 1.0 3.0 2.0 32.0 3.0 3.0 3.0 3.0 1.0 3.0 2.0 3.0 149.0 4.0 6.0 2.0 4.0 4.0 2.0 4.0 2.0 2.0 72.0 9.0 6996.0 14.0 3.0 474.0 466.0 464.0 454.0 436.0 2.0 1.0 1.0 1.0 1.0 1.0 1.0 2.0 2.0 2.0 18.0 1.0 73.0 72.0 4.0 3.0 2.0 1.0 66.0 65.0 64.0 63.0 62.0 61.0 1.0 85.0 84.0 5.0 4.0 3.0 2.0 1.0 65.0 64.0 58.0
5.0 78.0 6.0 6.0 6.0 136.0 6.0 6.0 7.0 10.0 14.0 21.0 28.0 105.0 1.0 1.0 1.0 1.0 1.0 31.0 2.0 2.0 2.0 2.0 2.0 1.0 145.0 148.0 3.0 5.0 1.0 3.0 3.0 1.0 1.0 1.0 1.0 71.0 8.0 115.0 6880.0 6.0 7.0 2.0 7.0 1.0 9.0 17.0 433.0 424.0 385.0 381.0 75.0 72.0 5.0 1.0 1.0 1.0 1.0 17.0 16.0 15.0 10.0 9.0 8.0 7.0 6.0 5.0 4.0 3.0 2.0 1.0 59.0 58.0 57.0 56.0 6.0 5.0 4.0 3.0 2.0 1.0 5.0
4.0 77.0 5.0 5.0 5.0 135.0 5.0 5.0 6.0 9.0 3.0 6.0 6.0 2.0 73.0 7.0 14.0 18.0 29.0 1.0 1.0 1.0 1.0 1.0 1.0 144.0 2.0 2.0 2.0 2.0 2.0 2.0 1.0 2.0 68.0 69.0 70.0 7.0 114.0 7.0 6865.0 7.0 5.0 6.0 1.0 6.0 8.0 16.0 4.0 4.0 38.0 3.0 305.0 2.0 66.0 3.0 2.0 1.0 60.0 59.0 54.0 53.0 52.0 51.0 50.0 49.0 48.0 47.0 3.0 2.0 1.0 33.0 32.0 31.0 2.0 1.0 49.0 47.0 44.0 43.0 4.0 3.0 2.0
3.0 76.0 4.0 4.0 4.0 134.0 4.0 4.0 5.0 8.0 2.0 5.0 5.0 1.0 72.0 6.0 6.0 3.0 1.0 9.0 114.0 122.0 123.0 133.0 143.0 1.0 1.0 1.0 1.0 1.0 1.0 61.0 62.0 65.0 1.0 4.0 6.0 110.0 113.0 6.0 6860.0 4.0 6.0 4.0 5.0 1.0 5.0 7.0 15.0 3.0 3.0 37.0 2.0 304.0 1.0 65.0 64.0 63.0 2.0 1.0 4.0 3.0 2.0 1.0 4.0 3.0 2.0 1.0 43.0 42.0 41.0 7.0 6.0 1.0 28.0 27.0 26.0 1.0 2.0 1.0 38.0 37.0 36.0
2.0 75.0 3.0 3.0 3.0 133.0 3.0 3.0 4.0 7.0 1.0 4.0 4.0 66.0 5.0 5.0 5.0 2.0 5.0 3.0 113.0 7.0 8.0 1.0 9.0 1.0 7.0 46.0 55.0 56.0 60.0 1.0 2.0 1.0 2.0 1.0 109.0 2.0 3.0 2.0 6858.0 1.0 3.0 5.0 3.0 3.0 4.0 6.0 2.0 12.0 2.0 2.0 36.0 1.0 303.0 302.0 301.0 300.0 299.0 298.0 297.0 10.0 9.0 8.0 3.0 2.0 1.0 193.0 190.0 189.0 3.0 2.0 1.0 4.0 3.0 2.0 1.0 25.0 24.0 1.0 20.0 18.0 15.0
1.0 74.0 2.0 2.0 2.0 132.0 2.0 2.0 3.0 3.0 3.0 3.0 3.0 65.0 4.0 4.0 4.0 1.0 4.0 2.0 112.0 6.0 7.0 7.0 1.0 5.0 38.0 1.0 7.0 3.0 7.0 8.0 18.0 19.0 30.0 108.0 1.0 1.0 1.0 1.0 6856.0 1.0 2.0 2.0 2.0 2.0 2.0 3.0 5.0 1.0 11.0 1.0 1.0 35.0 34.0 23.0 22.0 21.0 16.0 14.0 6.0 286.0 276.0 275.0 255.0 254.0 252.0 1.0 2.0 1.0 185.0 184.0 183.0 6.0 5.0 4.0 3.0 2.0 1.0 22.0 1.0 1.0 2.0
72.0 1.0 1.0 1.0 1.0 131.0 1.0 1.0 2.0 2.0 2.0 2.0 2.0 64.0 3.0 3.0 3.0 3.0 1.0 111.0 5.0 6.0 1.0 5.0 1.0 3.0 37.0 6.0 2.0 6.0 4.0 9.0 5.0 10.0 77.0 6.0 12.0 13.0 20.0 61.0 6855.0 2.0 1.0 1.0 1.0 1.0 1.0 1.0 2.0 4.0 2.0 10.0 8.0 4.0 3.0 10.0 7.0 4.0 4.0 1.0 7.0 5.0 9.0 8.0 19.0 11.0 1.0 57.0 54.0 39.0 35.0 34.0 2.0 176.0 164.0 163.0 162.0 158.0 157.0 7.0 6.0 5.0 4.0
10.0 30.0 11.0 36.0 43.0 130.0 80.0 1.0 1.0 1.0 1.0 1.0 1.0 63.0 2.0 2.0 2.0 2.0 1.0 109.0 4.0 5.0 3.0 1.0 2.0 36.0 5.0 1.0 5.0 3.0 4.0 4.0 4.0 76.0 5.0 5.0 5.0 6.0 6.0 34.0 6349.0 442.0 440.0 436.0 435.0 434.0 433.0 431.0 1.0 1.0 1.0 1.0 1.0 3.0 2.0 2.0 2.0 2.0 3.0 3.0 3.0 3.0 4.0 1.0 7.0 7.0 10.0 9.0 2.0 14.0 3.0 2.0 31.0 1.0 11.0 8.0 7.0 3.0 2.0 149.0 117.0 116.0 10.0
1.0 29.0 10.0 24.0 6.0 6.0 4.0 74.0 17.0 10.0 3.0 6.0 61.0 1.0 1.0 1.0 1.0 1.0 108.0 3.0 2.0 2.0 2.0 1.0 35.0 1.0 3.0 4.0 2.0 3.0 3.0 3.0 75.0 4.0 4.0 4.0 4.0 5.0 32.0 1.0 6345.0 3.0 1.0 3.0 2.0 1.0 1.0 1.0 429.0 428.0 424.0 413.0 397.0 396.0 1.0 1.0 1.0 1.0 1.0 2.0 2.0 2.0 2.0 2.0 3.0 3.0 6.0 3.0 8.0 1.0 13.0 1.0 1.0 30.0 28.0 2.0 1.0 6.0 5.0 1.0 31.0 30.0 105.0
27.0 1.0 9.0 23.0 5.0 5.0 3.0 56.0 6.0 6.0 2.0 5.0 43.0 11.0 7.0 11.0 21.0 107.0 1.0 1.0 1.0 1.0 1.0 1.0 33.0 2.0 3.0 1.0 2.0 2.0 2.0 74.0 3.0 3.0 3.0 3.0 3.0 4.0 27.0 10.0 6281.0 53.0 2.0 1.0 1.0 7.0 5.0 4.0 1.0 1.0 2.0 10.0 15.0 12.0 382.0 381.0 373.0 360.0 359.0 1.0 1.0 1.0 1.0 1.0 1.0 2.0 2.0 2.0 2.0 7.0 5.0 11.0 10.0 8.0 1.0 27.0 19.0 18.0 1.0 4.0 3.0 2.0 29.0
