output/RioRessiOut/RioRessi_top_index.asc
NCOLS 197
NROWS 299
XLLCORNER 676026.5927825759
YLLCORNER 5072481.374398034
CELLSIZE 0.9572864394182301
NODATA_VALUE -9999
[rows 23 to 45 of 299, columns 53 to 105 of 197]
0.7155968010972108 3.4109475960733433 3.192062390441711 2.5155703088660952 1.42175589373487 1.5599961991701934 5.4207676284043975 2.3090657618308543 1.3033834659993297 1.8598090513016667 4.297737770224249 2.220291271230411 1.61809421083903 2.8799759485337373 2.744820512066108 1.5546468764751933 0.029976572983079004 1.6058166301868193 4.438128215378088 2.233976179401229 1.6289413035574802 -0.24412909640895364 1.299912022928633 2.3585595200328755 4.341708875648608 3.8733571614235345 1.1976708996425673 1.1375833356594163 1.7553175719373446 0.7178162680308939 0.9861081485215776 1.6814331883815357 3.0135073411582596 2.8569026476544077 -9999 -9999 -9999 -9999 -9999 -9999 -9999 -9999 -9999 -9999 -9999 -9999 -9999 -9999 -9999 -9999 -9999 -9999 -9999
5.762773637286699 5.609890117079894 5.304956782172472 5.33071731793847 4.745481495872605 5.491000965365689 2.5702463822147643 3.008210961039353 2.55033439198835 4.702606025987837 3.216674183848797 2.617247989274406 1.9907959477135175 4.997422048780142 5.122884892404475 4.853705326215022 4.718890803789015 4.061914723729531 2.451314227381342 2.3665742319726344 1.7596786696354962 0.7956612443573372 1.506883599555334 3.57667567916979 0.5642603669000601 0.3917761955306196 1.3939864322786237 1.80057979863218 0.7554991802355764 1.5169539721994665 2.2935542451590076 2.420347007798557 1.433029970308088 1.8080670505559453 -9999 -9999 -9999 -9999 -9999 -9999 -9999 -9999 -9999 -9999 -9999 -9999 -9999 -9999 -9999 -9999 -9999 -9999 -9999
1.586666379103184 1.668308309410204 0.6799839688882016 5.541073376888351 4.535129728886663 5.4402083979144615 5.492820257264999 5.560159750951905 5.022447896451664 3.647556058626081 4.6152968653974344 4.529215648627381 4.045948279298553 3.3291111902863615 3.6105357249143832 3.410070759386308 3.5367461885433777 2.87773005862216 3.25530660089728 2.6362673924910567 2.564514684165214 1.5860079272206722 0.1571057124554553 3.475011170567551 1.1103249985575334 0.268486517678986 2.236195624327526 3.989727376748659 3.976828137924064 3.8389411652598864 2.782768250185232 3.668229327421107 3.200503450885211 1.989046982072102 -9999 -9999 -9999 -9999 -9999 -9999 -9999 -9999 -9999 -9999 -9999 -9999 -9999 -9999 -9999 -9999 -9999 -9999 -9999
5.493661085442859 6.288742871165608 6.160360517091141 5.33376185394167 4.675902282767746 5.582524620094717 5.636714436925068 5.79377460213341 5.258836674515894 5.420919670139547 3.969807167308609 3.7951996910157697 3.830670745800842 -0.29988522109483423 2.58052170698893 2.5765168285737405 2.2996680022044678 1.3189182183388877 1.3855410845774923 0.5615579093199263 2.4135647657689274 1.2436982524248306 3.895780266832619 1.6360479777756296 1.470966549886109 4.72067474404203 4.084098116810446 3.8500551207291545 2.8477878213956473 2.758670698606172 1.8319715461051607 1.338613476329579 1.3906672132588898 1.5204537184375821 -9999 -9999 -9999 -9999 -9999 -9999 -9999 -9999 -9999 -9999 -9999 -9999 -9999 -9999 -9999 -9999 -9999 -9999 -9999
2.3782482811258157 2.8386774770602665 2.59209395015802 1.4614934602757568 0.16458788438998226 0.9247017936342693 2.2906691844900244 2.0121448743608257 0.4738480619519665 3.405557296270023 3.202552014594942 2.984269474799441 2.9704694805777305 2.0026998718992113 2.8249843990330747 3.2875148278748405 3.0671676955497795 2.061423951543294 2.2997951558698437 1.8500552215384563 4.789460482211355 3.9795374290252985 4.89632343567451 4.717745594752696 4.951217724354912 1.7088485741074941 0.5596592099166575 1.238096169408071 2.799121624110459 0.6988794057842558 0.6300255965944144 2.8286903029439867 2.8300737732491936 2.0520334308819623 -9999 -9999 -9999 -9999 -9999 -9999 -9999 -9999 -9999 -9999 -9999 -9999 -9999 -9999 -9999 -9999 -9999 -9999 -9999
1.3228199631462347 1.3366781110593076 0.6026361319311698 2.1251698478364998 1.1405183522987656 4.129216702757923 4.102405445307267 4.18699197473771 4.1915443899128855 2.12939157318483 2.5790355101168005 2.082902023527059 1.4857050227932844 0.28697127047774096 0.7570003853304813 2.8175111986291053 2.507551907614357 1.3682767709833485 1.3835044239956884 0.4637608604185656 6.219550367700502 5.495959977269666 0.07286473489637009 3.049840991380054 2.748660605011071 2.2407276070713174 1.4356547541633746 0.6783248967487093 0.9191477980595484 3.639556940306621 3.0381703759030128 3.8613152508022197 3.488185523336992 2.1192554501264373 -9999 -9999 -9999 -9999 -9999 -9999 -9999 -9999 -9999 -9999 -9999 -9999 -9999 -9999 -9999 -9999 -9999 -9999 -9999
0.7155968010972108 0.6296727825862894 0.7336663244053632 6.268264208227122 5.531437721639864 5.474021903013447 3.6451222053145336 3.6546233043800154 3.537732363906828 2.6855888871006752 3.2889670128137656 2.965433390559272 2.5500179515979395 1.548779826955006 2.5532554686963995 1.0305928735975647 1.563285974344035 0.46884268861289724 5.5187027716808075 5.323711518088168 1.1516032495018091 4.594219994604029 3.5068519393815163 4.525394089672902 1.9013627446238677 1.1421153184032076 -0.2691858943578616 2.239080776846593 2.52897588380474 2.3369072087648877 0.7773223808581672 1.8875829059306415 2.4700843659767644 2.4313968439851417 -9999 -9999 -9999 -9999 -9999 -9999 -9999 -9999 -9999 -9999 -9999 -9999 -9999 -9999 -9999 -9999 -9999 -9999 -9999
-0.035624880840430126 1.3190333837042076 5.586335289903998 1.5812459146155318 0.2834520063142259 0.42735602291334407 5.9530054145582545 5.987221114875309 5.845324725374581 4.977285106416231 5.676441430690451 5.464300199263945 5.2115160431951955 4.391643322455846 5.3927385220719195 5.629121479007782 5.63400634566476 4.964528567028645 4.687057144977707 4.907895881376726 5.198265961988286 3.830902220429834 2.9186481804757904 3.7754741489607806 3.9765736406188794 3.796220788849636 3.0354577216528855 3.988280631655852 3.2221230643646854 3.253197940639043 2.9723645722931225 0.5596592099166575 1.693374356225376 1.7341554918925333 1.669393553426423 -9999 -9999 -9999 -9999 -9999 -9999 -9999 -9999 -9999 -9999 -9999 -9999 -9999 -9999 -9999 -9999 -9999 -9999
5.174196595661475 5.881776929348312 1.5297599371021617 2.301831816451647 2.1170021520691886 0.7156620092743391 1.307146405528872 3.337842665335462 3.0797687679777965 2.062844346986178 2.615677171253531 2.229256345340766 1.6955570178154327 0.3317513064685208 0.6575838287150738 5.219489752760889 5.523690313191847 4.894330256984516 0.14626607895489888 3.2519113042264456 2.717044198813241 1.6401374324435076 0.48652407029717815 0.7593137836541844 3.822191667463011 3.3164103133833667 2.5324276154797745 3.4655316674099885 4.261397147157064 4.187577164368566 3.8956991951548874 2.7532242181795663 3.93736761400213 3.6059685589933754 2.6012199225203996 -9999 -9999 -9999 -9999 -9999 -9999 -9999 -9999 -9999 -9999 -9999 -9999 -9999 -9999 -9999 -9999 -9999 -9999
0.05620278324471972 3.2319579290147558 3.7238297493266646 3.130091098593565 3.1607461857424655 2.432217388569213 3.5072497691567768 1.0925215995309903 6.028098802637204 5.2333666386201365 5.8433328264199655 5.676981311158606 1.252806390476603 -0.2049103811558792 4.616945538479806 1.4281006989962879 0.7460506307777304 2.889428468482825 2.255520329646621 4.9244027323025295 4.561558254343634 4.107669828814733 3.404827235422275 4.061649302598509 0.543389690517936 1.2548742972135716 0.053912294504176395 1.7725933994989738 3.893483698489874 3.770789825453568 1.3217347191304472 2.601477798483491 3.280709186974961 2.7979987280474856 2.2270963804724118 1.393569446386154 -9999 -9999 -9999 -9999 -9999 -9999 -9999 -9999 -9999 -9999 -9999 -9999 -9999 -9999 -9999 -9999 -9999
3.97860433732532 0.7716511574140253 0.43281717988003543 0.5462715859989504 1.3689867165144103 0.034322115770842224 6.091812758190201 6.352657790398224 2.3725053261567344 1.3280995530436277 1.5122514653411214 0.6317093211757605 5.412765905585971 5.391394216273184 4.122750984739007 4.753899320375388 4.721068374405082 5.271936565146222 4.706683377655 4.0688319387723615 2.2750529204132452 1.8534063290157121 0.8659870992985863 1.2548742972135716 4.194199971438346 2.42936212636146 2.204415617516472 0.22030592967077797 2.1682048626440045 1.3919325162801484 3.777642775078105 3.2148644682746617 3.482167451011429 2.589000772866839 2.223549167571939 1.3556071226606772 -9999 -9999 -9999 -9999 -9999 -9999 -9999 -9999 -9999 -9999 -9999 -9999 -9999 -9999 -9999 -9999 -9999
2.2971283182997078 1.2856234893292966 1.5290242642962315 5.492870327332573 5.611329319057184 5.026868449290742 1.0081031701071235 2.1279627463655713 1.679358145596789 0.2294872643755181 2.9985516628936852 3.029604593974131 2.8175111986291053 2.664438269457753 2.009109428766135 2.6941142126975164 2.64215532651763 2.9641146728209806 1.8386645434691293 1.8249604716820111 3.1561197317261 2.9064839126749358 -0.14981237930293925 2.583263808689654 0.6959816404675744 3.8564675725500472 3.93926066443849 2.772855333598128 3.5793311994650767 3.5398663158796215 3.501312516770813 2.705087702207278 1.4645104969424283 2.6462415924846563 2.3277300695898755 1.3847078276761895 -9999 -9999 -9999 -9999 -9999 -9999 -9999 -9999 -9999 -9999 -9999 -9999 -9999 -9999 -9999 -9999 -9999
5.997170881762147 5.306970797506613 6.044650715977772 1.8805227901922235 1.816297863370712 0.7515781136748781 4.301709354234649 4.210915710917591 4.068333208072508 3.908249430866309 2.401643703968503 2.7423723168730523 2.5771249289080624 2.621749685009778 1.7214273563143543 2.3576419760763034 2.2366902184094655 2.4532890490549897 1.145517362909184 0.4026115921302678 1.2274662662940996 0.3303308516842297 2.756345983644254 -0.03765321676433085 2.8179215796468413 2.5203511371816334 0.7934032699291786 2.925167876993905 3.76848748849115 3.448247243817033 2.659389995820919 1.8873745264289847 3.2991054276897507 2.563122785610538 2.1231582806507814 1.4455800494623765 -9999 -9999 -9999 -9999 -9999 -9999 -9999 -9999 -9999 -9999 -9999 -9999 -9999 -9999 -9999 -9999 -9999
5.973016043552423 5.453608486615887 6.067371559819746 5.9744172350547 4.193300988139331 3.455176968653151 5.256041516111545 5.595094261038777 5.457849758400412 5.381242409789371 4.775610729339773 5.201939575088922 5.204964237887465 2.5160007249416068 1.5479400956196732 2.226889130150411 2.0683780242242618 2.0121448743608257 0.24134750263807744 4.863442577844363 4.891027912423746 4.674136273537914 3.9146170433543492 3.363544164897825 1.5910655384511105 0.45237018234923865 2.3314782244672645 1.7088485741074941 1.926067807490947 1.1084268883608446 2.59301120535249 0.7660119154563154 2.0836332836127798 2.0809205592799125 2.098594336252891 1.5372992867977486 -9999 -9999 -9999 -9999 -9999 -9999 -9999 -9999 -9999 -9999 -9999 -9999 -9999 -9999 -9999 -9999 -9999
2.1796976310490694 1.3228199631462347 1.5534411390563831 0.647543337852195 5.721937729819752 5.788088951253513 3.7008438706490803 4.170343841461172 4.145419501906117 1.443509324349133 -0.023429985213428144 1.2730956347010283 0.6199073125784618 5.308632231508889 4.584214202128173 5.475293288451835 5.5848144400552915 5.668698530945831 5.428462228794422 2.3342164518079653 1.1957017840019217 0.42323087933300324 4.297447856335442 3.7495496715938925 4.11462135425677 4.057040310650909 4.080678079276524 3.7012787387977 4.277443064654425 1.8015740689207898 0.887642695312961 1.9849046341875076 0.7956612443573372 1.244648454940591 1.2837502207154263 1.4300111000908362 -9999 -9999 -9999 -9999 -9999 -9999 -9999 -9999 -9999 -9999 -9999 -9999 -9999 -9999 -9999 -9999 -9999
1.5145682923259047 0.23608582376473966 4.292901347202703 4.192689936928216 4.223053496697499 4.3169806076910895 3.617355989364271 4.034423185326238 0.7617567217132497 4.2890143858947765 3.296103477362676 3.7071645709749617 3.7268903181096134 3.8175883885893347 0.13306940650072918 2.3054195529016748 2.4851094876697144 2.296283188310677 1.252806390476603 -0.20998811227318284 2.948446344663256 2.9382134207130943 1.1147244434468808 -0.12525286065993957 4.5437411148815325 4.432928127561517 1.7531030201301834 0.635674481072047 3.1417423536638758 3.949245323308922 4.030884243698783 3.773042043992168 3.098246337351383 3.257938069670984 2.674457778695552 1.8668211018911622 -9999 -9999 -9999 -9999 -9999 -9999 -9999 -9999 -9999 -9999 -9999 -9999 -9999 -9999 -9999 -9999 -9999
4.692622122673851 4.6528980576658165 2.235422554841624 2.803645214005241 2.4176099824689903 2.1912099367180917 1.3567792903803948 1.3426417385434022 4.243058283657894 4.197333045243378 3.475343053647529 3.7591416260729127 1.1194981872291923 0.5201681609660521 3.9891173180187183 3.1130846190970534 3.78829011578733 3.7317690612886603 2.289367947283618 1.6109808481520522 2.17278613217963 2.114753919951142 2.351673756785352 1.6464580448733777 2.3272541804649944 2.760257099740997 4.818000793032363 4.552619598143521 3.178830775986315 3.0261500637404333 2.9588571235378955 2.853136164858931 2.0724640468850555 2.3329834809303014 1.9687923155697316 1.3584092260703169 -9999 -9999 -9999 -9999 -9999 -9999 -9999 -9999 -9999 -9999 -9999 -9999 -9999 -9999 -9999 -9999 -9999
6.060056128656403 6.005322919245655 1.7654189255958883 2.2440294260698184 1.7244628019090449 1.2749192048439366 -0.2276106163694505 0.704882698327211 0.9006691939907993 2.0439602343852012 0.717750919231655 0.48393460279814043 3.74764945987257 3.931785009280408 3.8485186892806933 1.3614536458272628 1.5534411390563831 0.7979243287744142 2.2038570712629895 1.4623186563066293 1.913566965315425 1.782631571985486 1.6749235485289233 0.48481426961639784 0.5219932728581521 2.3431042368394635 2.823717945040725 3.6842530569208773 2.282544835793177 3.6144203427128585 2.8909932779823415 2.756345983644254 2.0377439539391506 2.3329834809303014 1.935138345933776 1.2891357906480188 -9999 -9999 -9999 -9999 -9999 -9999 -9999 -9999 -9999 -9999 -9999 -9999 -9999 -9999 -9999 -9999 -9999
1.4261082695664922 0.8166485233447611 5.296857358772396 6.106394066786469 5.702603411877707 1.2186928550224652 -0.19635484876714646 5.704031121243464 5.86995168057917 2.5547858581511917 1.4108980997916003 1.5825468914662502 1.0973812975033361 0.6986571059322477 0.8271003310514601 3.2431651321578845 3.7460044042912255 3.3108943586628876 2.7697205347927567 2.4553296767921475 3.0315251323150214 2.575250557757812 1.3188784829763966 -0.21256889206836027 1.916395335988289 2.014691429930871 2.1480832739194313 2.3802894643145587 1.901145737939699 2.623613348550551 2.897646843162428 2.8089475182617503 1.947740482389843 2.2762210487426384 1.8826827550610092 1.2863577841225071 -9999 -9999 -9999 -9999 -9999 -9999 -9999 -9999 -9999 -9999 -9999 -9999 -9999 -9999 -9999 -9999 -9999
4.416898775209704 4.584524114848226 4.050254853132422 2.3260785549622094 1.9737865703181259 5.659446157662801 4.857065440062427 1.2956668370381854 0.6556167761998217 5.599709499490829 5.565999761869123 4.834744292983127 5.182135699522377 5.129473904775561 5.264587948456528 4.852603044591985 2.647392115623116 2.0581313901675196 1.1964748534873921 0.5669946853158547 0.5596592099166575 0.5578604714731429 2.5804866297312667 2.5055693589719708 -0.21256889206836027 0.9080197115501407 1.7531030201301834 1.6328506869685346 1.6347370078558499 2.114903074294815 2.490004270938613 2.6846031706678675 0.5987995870869625 2.1824022935249836 1.8012167703084783 1.278555403838322 -9999 -9999 -9999 -9999 -9999 -9999 -9999 -9999 -9999 -9999 -9999 -9999 -9999 -9999 -9999 -9999 -9999
2.687533916342258 1.5074898951298101 0.17326947743686102 4.674846248718606 4.488539060259468 1.4066595619342437 0.04740635251113302 3.867027424042432 3.7580022844890286 3.773096873062555 2.066278330008092 0.9551320066174823 4.5136559108494465 4.620991738638691 1.8400552517700992 0.4200234119381864 5.101989421978584 4.797107758945952 4.6448324529149545 -0.12615249524409053 2.392669349090934 2.3496349551489235 2.110483000485531 1.8142090897653202 0.887797601982003 1.4888084249172824 0.9532557299233425 0.964586514416199 0.6080890170221608 1.7660689538540353 1.7489477096452763 2.102646653457839 1.8034949869953205 1.8588250556213097 2.020476556988939 1.6160320307009473 -9999 -9999 -9999 -9999 -9999 -9999 -9999 -9999 -9999 -9999 -9999 -9999 -9999 -9999 -9999 -9999 -9999
0.700839251718247 2.1773041064991183 1.270669369199623 1.555704436891637 0.6535310138339456 4.499315288702877 4.444297749397818 1.5122514653411212 2.313752742086207 2.2371977341309557 3.5456869453724815 2.722865409236792 1.475688179747915 0.9160791412627612 4.902421262460533 4.171282368043435 4.494161204700109 1.166995242511912 0.40892558995538797 4.729219091390185 4.11790330047215 4.508685092339771 3.9215341107952746 3.8870072402688924 3.047281851335375 4.014537069225538 4.131309560271288 4.282516168118613 3.7188022750551712 0.860293958496438 1.2574075474600053 1.2117021253483629 1.8684167582813014 0.7795442953953897 1.3441307317043336 1.561714043698286 -9999 -9999 -9999 -9999 -9999 -9999 -9999 -9999 -9999 -9999 -9999 -9999 -9999 -9999 -9999 -9999 -9999
3.655287031707278 3.449673968389155 0.15233612498178056 2.8697030582825485 2.717044198813241 2.644567254987561 1.472830509671235 -0.1755499904797829 1.8308008322901286 1.6448838746670602 1.9957093085592326 1.0390949676248151 3.6624422275287114 3.746184438498211 1.804669447673964 0.202270394533697 0.4341531083137277 4.213750140832399 4.2262379797506044 2.3120348975581146 1.5982903225080072 0.5097113862140781 4.01143366710154 4.012891747554273 2.7597779512231972 3.8870011795342707 2.1249332510431187 1.6573792388780137 0.44577675186940685 4.202599822330617 4.491503439853262 3.8600534209817976 3.222884853081346 2.5713037646234445 2.5601057489438666 1.173673921331217 -9999 -9999 -9999 -9999 -9999 -9999 -9999 -9999 -9999 -9999 -9999 -9999 -9999 -9999 -9999 -9999 -9999
