output/RioRessiOut/RioRessi_c_planare.asc
NCOLS 197
NROWS 299
XLLCORNER 676026.5927825759
YLLCORNER 5072481.374398034
CELLSIZE 0.9572864394182301
NODATA_VALUE -9999
[rows 138 to 160 of 299, columns 51 to 101 of 197]
-9999 -9999 -9999 -9999 -9999 -9999 -9999 -9999 -9999 -9999 -9999 -9999 -9999 -9999 -9999 -9999 -9999 -9999 -9999 -0.1062266186058732 -0.05858870203108319 -0.039410033662226264 -0.1773382186608735 0.16448005290775766 -0.06718766045927924 -0.023810235252868354 -0.1937374532137286 0.2134974609046776 0.10194304851494354 -0.08273388296906367 0.38149454705306785 0.011617692944788848 0.5864403519067481 1.5017389927086953 -2.0962237247307196 -0.629340502589548 -0.4252021168188879 -0.6420987333683549 -0.6779215983945288 -0.5586671625576866 0.052654074130883244 -0.10889462907629387 -0.1898669140966229 -0.044073841243335805 -0.2671735233658272 0.7090146372103185 0.5655400714647196 -0.19905558650087277 -0.335752433164367 -0.04775389484497736 -0.020862393398030674
-9999 -9999 -9999 -9999 -9999 -9999 -9999 -9999 -9999 -9999 -9999 -9999 -9999 -9999 -9999 -9999 -9999 -9999 -9999 -9999 -0.10668843859969937 -0.029481515466958316 -0.1951139947483324 0.09022685251546647 -0.10482948634728488 0.1214878365639454 0.017791003320261567 0.08059433676309183 -0.11778662887179331 -0.09509865695453812 -0.06681130628811296 -0.4177592838700853 -0.05439093982593711 -0.4095732229431784 0.44979016461735594 0.4275205041476902 0.413144575327738 0.47638525615088584 0.44583932396835907 0.4236577368953973 -0.4269385528242698 -0.4752040295568069 -0.41447015316378844 -0.3330492948320322 -0.29343294878157733 1.0068374845800365 0.266090292431516 0.07987121511133526 -0.023549346488345127 -0.3277402977624128 -0.1076520371279496
-9999 -9999 -9999 -9999 -9999 -9999 -9999 -9999 -9999 -9999 -9999 -9999 -9999 -9999 -9999 -9999 -9999 -9999 -9999 -9999 0.012682265723240148 -0.03296955730952574 -0.37126021787238483 0.15830432708295478 0.05692783700616155 0.08055136934077227 -0.1293366123861001 -0.069275583382577 -0.05405862928910057 -0.0876226155667637 -0.12849109498950367 -0.48240416015807924 -0.1538100870819257 -0.16731163588372067 -0.1961215253787232 -0.29400934950115165 -0.07068709814224518 -0.17579964408322818 -0.14501064894271704 -0.16320114822209256 0.7155000098856142 0.12923665378023358 0.1401225588996451 0.37040756518894513 3.1574178458583515 -0.8857735984362274 -0.36286220724188645 -0.44587225603126995 -0.6886608470329108 -1.238655497633986 -0.48045287438198153
-9999 -9999 -9999 -9999 -9999 -9999 -9999 -9999 -9999 -9999 -9999 -9999 -9999 -9999 -9999 -9999 -9999 -9999 -9999 -9999 0.1305693220564961 -0.10560701990769884 -0.20139800223944998 0.13695106838343926 0.08729788702012488 -0.004090365083530889 0.023870359265221304 -0.44696450948084876 0.08277590087718838 -0.2792216143051659 -0.27585910112960255 -0.5474809783358184 -0.04254640492182271 -0.2246010334930109 -0.06990899590170313 -0.009746116894848384 0.002104037314436924 -0.11270881196655294 -0.013327275194735134 0.31452262438735046 -0.5933989328779747 0.05820082333252814 0.21707551213276785 0.3478879851120134 0.5153551083252226 0.8291593811335525 0.27307241799801524 0.33337461662111506 0.8390585775259974 -0.1328349998577833 1.3018437157750486
-9999 -9999 -9999 -9999 -9999 -9999 -9999 -9999 -9999 -9999 -9999 -9999 -9999 -9999 -9999 -9999 -9999 -9999 -9999 -9999 -0.09473289368061086 0.29396671786890854 -0.10925951585885918 0.019918379184769457 0.08844572938923209 -0.12360083007675701 0.047890373093583634 -0.34131659170847545 -0.16769629546545026 -0.2945741619647349 -0.1828869778418076 -0.2457844976626845 -0.16299154417726985 -0.1634379148185923 -0.02317115590560571 -0.0768694387530158 0.5354829175716579 -0.066920875994877 0.10133005661001955 -0.24075876946941246 -0.22071008584353372 -0.09878081589581708 0.19196392811835208 0.8731010040037286 0.8118810175779466 0.0115993028734334 0.10464109974355397 -0.042746376887589754 0.11071570039034906 -0.8562196769233845 -0.28778555575216497
-9999 -9999 -9999 -9999 -9999 -9999 -9999 -9999 -9999 -9999 -9999 -9999 -9999 -9999 -9999 -9999 -9999 -9999 -9999 -9999 0.00744592447828545 1.565086785194118 -1.4086786925876458 -0.39093475465818994 -0.18588702994006992 0.05551635741100291 -0.006027042366191051 -0.32795535927112285 -0.23627290469551562 -0.12813039207462848 -0.0893061463434541 -0.11263925433229081 0.03501556330947789 0.13901340488597674 -0.2259531890754105 -0.27969691943842595 -0.8253768136509627 -0.05197571930423557 -0.026443745839621946 -0.01315152160807266 0.0860640424775966 0.11629176988419264 0.39678222514382705 0.5193309629320071 0.8146245943918333 -0.3979841278414389 0.1392412561510244 0.13492954760614587 0.24619259104752478 0.2268376294340124 -0.607289797848351
-9999 -9999 -9999 -9999 -9999 -9999 -9999 -9999 -9999 -9999 -9999 -9999 -9999 -9999 -9999 -9999 -9999 -9999 -9999 -9999 -0.06420513470558477 0.17471536933206594 0.39847603709860774 -0.4485225532174605 -5.986237167801711E-4 0.1631227378788845 1.5864691762275702 -3.6423329782094975 -0.7481593009361878 -0.8089611330239362 -0.6634744936225242 -0.36786095763049287 0.4772487614184428 -0.08666610384767313 -0.08098560091592033 0.024354757240259966 0.10993717355609717 0.016135169915089717 -0.03208745829174395 0.10090411765830608 0.14728148274066055 0.3829626539151074 0.8264950301262991 0.2775674249565984 0.8742164993193791 -0.5385192137458383 -0.11368206804654953 0.10230104136316191 0.11304929387430085 0.29575404716302767 -0.6252521504452091
-9999 -9999 -9999 -9999 -9999 -9999 -9999 -9999 -9999 -9999 -9999 -9999 -9999 -9999 -9999 -9999 -9999 -9999 -9999 -9999 -9999 0.05505595324439754 0.1797498526721231 -0.07798708934950864 -0.3238164163944591 -0.0053206503355397 -0.13342810943372282 -0.15425059379916672 0.7234268819795238 0.5877106367076352 0.5168205216443823 0.6305850437406842 -0.3040104719331137 -0.4657694789406043 -0.21136658825493282 -0.07567576514574217 -0.09039586825474082 -0.13730538781276774 -0.23340835209325297 0.34374713262647116 0.01600716512914075 0.4379414084424203 0.42897064005960983 0.306070414078555 0.38437358784516706 0.39671635824551826 -0.42170609741891446 -0.00200219550684249 0.07631231140581644 0.30109410701575234 -0.39643314529597096
-9999 -9999 -9999 -9999 -9999 -9999 -9999 -9999 -9999 -9999 -9999 -9999 -9999 -9999 -9999 -9999 -9999 -9999 -9999 -9999 -9999 -0.1666406427683179 0.07699666756431667 0.06648203485180469 -0.17782733140863455 -0.003385144969504922 -0.145682612096319 -0.5993269637493774 0.2118604245516583 -0.2988099792024186 0.009775498302843019 -0.09141207795480445 -0.26249632396539446 0.19977084868611136 0.30036955955289324 0.29806950285588935 0.1828941984940023 0.2257337693213894 0.7500543528563766 -0.7977395359587613 -0.3810456592258597 0.3525510399801854 -0.4559050605321256 0.7307177330387947 0.20709094715961843 0.18889476923028714 -0.38883658988848113 -0.16039768953815217 0.03409832183653268 0.21136320555261878 -0.41719738353300134
-9999 -9999 -9999 -9999 -9999 -9999 -9999 -9999 -9999 -9999 -9999 -9999 -9999 -9999 -9999 -9999 -9999 -9999 -9999 -9999 -9999 -0.06442289888614733 -0.13353441454941842 -0.039411189585028046 -0.05868430181767513 -7.08217822281107E-4 -0.3375399823581637 0.025542016662463446 -0.6889496040252912 -0.22002900479787052 -0.13195258324567993 0.13490578188289296 0.1562636481919112 -0.11959945494104002 -0.07998348943344187 0.07097526697713616 0.14086985604450858 0.5858895386573738 0.2586784472147159 0.640465305941156 0.8732039829630533 0.10670869800394064 1.0684699339378063 1.7538636821464997 -0.9095669907988805 -0.6306741095297167 -0.9068774220029604 -0.823333717848644 -0.7712746897421892 -0.8735907007850279 -0.5211909933980414
-9999 -9999 -9999 -9999 -9999 -9999 -9999 -9999 -9999 -9999 -9999 -9999 -9999 -9999 -9999 -9999 -9999 -9999 -9999 -9999 -9999 -0.02756667816435118 -0.04823317903402361 -0.034326066371231735 -0.2054838819105594 -0.10873286798071571 -0.18240847845736227 -0.2994274478554217 -0.3934526217324921 0.2909300963827621 0.1230542753274829 -0.2611681104595325 -0.4655992076888931 0.11624169295603741 0.39153146097697505 0.29010373262823663 0.32255606444221313 0.6717537118505595 -0.10091825485097398 -0.13012420780773565 -0.19608616004431906 -0.11096953716857212 0.6036722739599697 0.30712401511395837 1.295827031312465 0.9751514673515304 0.6128650679925861 0.6812073870192448 0.7604033312975345 0.8956545667289799 -1.1648163618902088
-9999 -9999 -9999 -9999 -9999 -9999 -9999 -9999 -9999 -9999 -9999 -9999 -9999 -9999 -9999 -9999 -9999 -9999 -9999 -9999 -9999 -9999 0.018102053701757336 0.08451066898102426 -0.27567275195992225 -0.1187189287369593 -0.3138726813106054 -0.2330153657115685 -0.2167618407502523 0.07487369736708192 -9.562953426900118E-4 0.08965911291247206 0.22192197787344914 0.23432826060832762 0.12704757333159797 0.3135724204499176 0.6148526110852738 -0.4088834824622156 -0.4832325081851003 -0.3619671246688729 -0.0028116096765628137 0.17010584495115252 0.7194522380233753 0.4041613433236625 0.017240929089154595 0.4251828536759191 -0.2136205360082823 -0.028911463573138996 -0.06746896026815603 0.3209220865328995 1.940876592030345
-9999 -9999 -9999 -9999 -9999 -9999 -9999 -9999 -9999 -9999 -9999 -9999 -9999 -9999 -9999 -9999 -9999 -9999 -9999 -9999 -9999 -9999 -9999 -9999 -9999 -0.06885952848077365 -0.1218394883818627 -0.11931616154551634 -0.17414644055750794 0.11858261917603634 -0.14011164251231603 -0.06361071171082545 0.01162734481714821 0.4785994420083308 0.37540086995499944 0.18365959747787391 -0.07306423103905357 -0.817566524571679 -0.1906370626401158 -0.01604669794839893 0.16827746079082276 0.13173561457163385 0.8578841291904481 0.2398242074292035 0.12593804397041802 0.2823591148910301 -0.2808063037891479 -0.07387826572883432 -0.22624280023031726 0.02514627114287678 0.44390365662690695
-9999 -9999 -9999 -9999 -9999 -9999 -9999 -9999 -9999 -9999 -9999 -9999 -9999 -9999 -9999 -9999 -9999 -9999 -9999 -9999 -9999 -9999 -9999 -9999 -9999 1.5093145278670377 -2.5755521301806445 -0.9455411381780632 -0.7433201170848207 -0.511504604665128 -0.5690115903587923 -0.39947720278742643 0.33096833221358496 0.7313864544349746 -0.15634234544019213 -0.16358887518973866 -0.22723896450849473 -0.07454522192889558 0.14076261170969892 0.2339811023742576 0.31993594123922464 0.7952653639648064 0.28279058380066086 0.17845896239767053 0.248647137444155 0.41926608138474697 -0.462512708449983 -0.23761860068616292 -0.18160895621910397 -0.063209910529446 0.383774532919938
-9999 -9999 -9999 -9999 -9999 -9999 -9999 -9999 -9999 -9999 -9999 -9999 -9999 -9999 -9999 -9999 -9999 -9999 -9999 -9999 -9999 -9999 -9999 -9999 -9999 -0.13766649071536546 -0.4563059115451929 0.7119628741605021 0.4889732617030183 0.4477640800857318 0.5079861890788613 0.9351657354716915 -0.6641515141895468 -0.9231622729845196 -0.789191694564724 -0.9021537872152166 -0.834855846908971 -0.5170264189594878 0.18109526929136266 0.34947031063271317 0.38208031555515964 0.4393116277610756 0.306330132491008 0.03604261618579696 -0.012630051799044405 0.31191823334631735 0.7149188318628706 -0.25744744524344315 0.02827621003192517 -0.05257203284925194 0.21754889673103162
-9999 -9999 -9999 -9999 -9999 -9999 -9999 -9999 -9999 -9999 -9999 -9999 -9999 -9999 -9999 -9999 -9999 -9999 -9999 -9999 -9999 -9999 -9999 -9999 -9999 -9999 -0.35207437356251403 -0.030426981127630346 -0.005710789842240994 0.5546539314277892 -0.02818099314201381 0.18017973229606865 0.7404832935314882 0.6407059626347035 0.8583765624947585 0.6791709231978527 0.6686678673847395 0.5194979948171751 -0.45546961143757103 -0.5268410642381262 -0.37671846783285123 0.2624238993824159 0.30890522967738976 -0.007994428811018571 0.04333717978824068 0.06826463361587835 0.14369004751905065 -0.22832506042169376 -0.09916356145545392 0.12225233807316167 0.5140303271563689
-9999 -9999 -9999 -9999 -9999 -9999 -9999 -9999 -9999 -9999 -9999 -9999 -9999 -9999 -9999 -9999 -9999 -9999 -9999 -9999 -9999 -9999 -9999 -9999 -9999 -9999 -0.10085620813586593 -0.18623401344175472 0.12170919719530904 -0.5958685777551946 -0.028313037925335325 0.11700695630118368 0.03030719846040842 -0.3749090434971826 -0.022259944231963074 -0.24057977316523005 -0.20854037759435903 -0.35120050184798324 0.27765475319801763 1.0545169367430764 0.9695293539621553 0.7171119105165229 1.4777012322937264 -1.0961888919918423 -0.5194142147899206 -0.5885103108792172 -0.572216910307082 -0.9894396511006446 -1.2336448924013024 -0.24038064918603347 0.4233551852817676
-9999 -9999 -9999 -9999 -9999 -9999 -9999 -9999 -9999 -9999 -9999 -9999 -9999 -9999 -9999 -9999 -9999 -9999 -9999 -9999 -9999 -9999 -9999 -9999 -9999 -9999 -0.23339571595414016 -0.23726811962292474 -0.4339347447063824 -0.4625910299691143 0.06982676053291646 -0.042813553149881445 -0.08372679159512632 -0.3450446589994163 -0.019383062156552444 -0.2901406469327603 -0.3947487399744238 -0.2309569529093547 0.7671555089862492 0.44558413725229307 0.13414977373232637 0.07233995986089875 0.37762682123636615 0.8684019515021643 0.7312679766825295 0.720077342907563 1.0353325902116086 0.6099028043355703 0.8477382608192606 -0.9539798003245019 -0.506819583746606
-9999 -9999 -9999 -9999 -9999 -9999 -9999 -9999 -9999 -9999 -9999 -9999 -9999 -9999 -9999 -9999 -9999 -9999 -9999 -9999 -9999 -9999 -9999 -9999 -9999 -9999 -0.17389859841591518 -0.45388081274421493 -0.1818168019422276 -0.14124001597742983 0.1987852002262192 -0.03501055678015718 -0.14441720683526865 -0.36767264352403023 -0.16732262284364244 -0.25332553625958915 -0.14297435903835207 0.096393153526184 0.12055227064131653 0.8049010126367955 -0.06806055246419834 0.09192623672488033 0.3945103335899686 -0.12872130943121032 0.033256035352815176 0.14819069277139574 0.34089480173496267 -0.1637444808532903 0.22033987844486538 0.9688031066715183 0.7691624492257326
-9999 -9999 -9999 -9999 -9999 -9999 -9999 -9999 -9999 -9999 -9999 -9999 -9999 -9999 -9999 -9999 -9999 -9999 -9999 -9999 -9999 -9999 -9999 -9999 -9999 -9999 0.021044928634129344 -0.34616763439903053 0.087364947608934 0.15316115106873596 -0.046195870488119 -0.07957928726547124 -0.05870904112936031 -0.014718041906362951 0.495599063987753 -0.1761483529759828 0.15478488704069515 0.4412137712067578 0.7473992608427551 0.5755616638634111 -0.037084655602338285 0.038635238028651986 0.2659913571287124 -0.06561429008234636 0.008465889864841047 0.11261339581629563 0.38414308940592196 -0.3902010512393788 -0.09045207356304509 -0.03271930381712827 -0.19852929610708442
-9999 -9999 -9999 -9999 -9999 -9999 -9999 -9999 -9999 -9999 -9999 -9999 -9999 -9999 -9999 -9999 -9999 -9999 -9999 -9999 -9999 -9999 -9999 -9999 -9999 -9999 -0.9168152997614288 -0.8160972779463 -0.8030107821239539 -0.5196001797033841 -0.25300427614573473 0.08144379621762424 -0.25039306742356904 -0.06928913987830779 -0.6397846560736544 0.1034332701877832 0.24107454502519718 0.45566152847453306 0.8935635827849439 0.0852592364112893 0.008367760878918867 0.012668527479423285 0.3151180768384734 -0.08557377957457502 0.04288585915177224 0.10439244423514334 0.0993428231751882 0.4702976723943983 -0.3050060299363442 0.0641793253084587 -0.02178619796293899
-9999 -9999 -9999 -9999 -9999 -9999 -9999 -9999 -9999 -9999 -9999 -9999 -9999 -9999 -9999 -9999 -9999 -9999 -9999 -9999 -9999 -9999 -9999 -9999 -9999 -9999 0.7457660198509334 0.7259845127876322 0.6686039282801884 0.44673130006177025 0.6881158008913464 -0.8893296052927419 -0.3114761165696397 -0.2369936410785336 -0.1808750060192434 -0.19774607218498366 0.6552432195137177 0.5388047648551327 0.47731737540351715 0.03273999892605141 -0.04859693511603326 0.004180953601624255 0.347781586419816 -0.24537550525456298 0.05327809393423971 0.10898406253921657 0.07569970889013523 0.3277147024101318 -0.21156960689173365 0.07741645854807613 0.1172232985329748
-9999 -9999 -9999 -9999 -9999 -9999 -9999 -9999 -9999 -9999 -9999 -9999 -9999 -9999 -9999 -9999 -9999 -9999 -9999 -9999 -9999 -9999 -9999 -9999 -9999 -9999 -0.2231898317637863 -0.18979614546185014 -0.21243752540151709 -0.1971575419886851 0.3320139055813158 0.20192130871973707 0.3740896515116247 0.43001350740951766 0.312150636272977 0.9116620738687837 -1.1666758793161571 -0.45159065952255417 0.8461345072586343 -0.09898174926325655 -0.2943391740210763 -0.487679400014094 0.13312022299298493 0.19011931696545048 -0.35409431557133686 0.09681480187264915 0.2284356933283541 0.4590415823619047 -0.17412774342613552 -0.00859942187904446 0.014310196029109932
