output/RioRessiOut/RioRessi_Tca.asc
NCOLS 197
NROWS 299
XLLCORNER 676026.5927825759
YLLCORNER 5072481.374398034
CELLSIZE 0.9572864394182301
NODATA_VALUE -9999
[rows 222 to 258 of 299, columns 83 to 165 of 197]
-9999 -9999 -9999 -9999 -9999 -9999 -9999 -9999 -9999 -9999 -9999 -9999 -9999 -9999 -9999 -9999 -9999 -9999 -9999 -9999 -9999 -9999 -9999 5.0 19.0 4.0 3.0 4.0 10.0 22.0 1.0 1.0 1.0 1.0 1.0 1.0 40.0 2.0 1.0 10.0 2.0 39.0 2.0 1.0 4.0 3.0 3.0 2.0 3.0 50.0 4.0 4.0 6.0 2.0 4.0 209.0 7.0 6.0 6.0 1.0 40.0 2517.0 1.0 7.0 1.0 652.0 644.0 639.0 636.0 546.0 544.0 1.0 49.0 48.0 47.0 46.0 45.0 44.0 43.0 42.0 5.0 4.0 1.0
-9999 -9999 -9999 -9999 -9999 -9999 -9999 -9999 -9999 -9999 -9999 -9999 -9999 -9999 -9999 -9999 -9999 -9999 -9999 -9999 -9999 -9999 -9999 4.0 13.0 1.0 2.0 3.0 5.0 2.0 9.0 6.0 12.0 14.0 24.0 38.0 1.0 1.0 8.0 1.0 1.0 38.0 1.0 3.0 2.0 2.0 1.0 2.0 49.0 3.0 3.0 5.0 1.0 3.0 208.0 1.0 5.0 5.0 5.0 32.0 7.0 6.0 2510.0 9.0 5.0 4.0 7.0 4.0 2.0 7.0 1.0 542.0 528.0 259.0 4.0 3.0 2.0 1.0 2.0 1.0 36.0 35.0 34.0
-9999 -9999 -9999 -9999 -9999 -9999 -9999 -9999 -9999 -9999 -9999 -9999 -9999 -9999 -9999 -9999 -9999 -9999 -9999 -9999 -9999 -9999 -9999 3.0 3.0 9.0 1.0 2.0 4.0 1.0 8.0 5.0 5.0 1.0 9.0 6.0 7.0 7.0 1.0 11.0 36.0 1.0 1.0 1.0 1.0 1.0 1.0 48.0 2.0 2.0 2.0 2.0 2.0 2.0 205.0 4.0 4.0 3.0 1.0 31.0 6.0 5.0 2495.0 5.0 8.0 7.0 3.0 6.0 3.0 1.0 6.0 8.0 5.0 268.0 254.0 247.0 183.0 182.0 179.0 178.0 12.0 11.0 10.0
-9999 -9999 -9999 -9999 -9999 -9999 -9999 -9999 -9999 -9999 -9999 -9999 -9999 -9999 -9999 -9999 -9999 -9999 -9999 -9999 -9999 -9999 -9999 2.0 2.0 5.0 3.0 1.0 3.0 3.0 4.0 4.0 4.0 4.0 4.0 5.0 6.0 6.0 2.0 7.0 1.0 23.0 22.0 26.0 35.0 36.0 47.0 1.0 1.0 1.0 1.0 1.0 1.0 204.0 2.0 1.0 3.0 2.0 30.0 1.0 4.0 4.0 2490.0 4.0 4.0 3.0 6.0 2.0 5.0 2.0 5.0 1.0 6.0 4.0 267.0 6.0 63.0 8.0 7.0 1.0 165.0 164.0 5.0
-9999 -9999 -9999 -9999 -9999 -9999 -9999 -9999 -9999 -9999 -9999 -9999 -9999 -9999 -9999 -9999 -9999 -9999 -9999 -9999 -9999 -9999 -9999 1.0 1.0 2.0 2.0 2.0 2.0 2.0 3.0 3.0 3.0 3.0 3.0 4.0 5.0 5.0 1.0 6.0 21.0 1.0 21.0 3.0 8.0 9.0 1.0 7.0 9.0 52.0 97.0 99.0 202.0 1.0 1.0 1.0 1.0 1.0 29.0 2.0 1.0 3.0 2.0 2487.0 3.0 2.0 2.0 5.0 1.0 4.0 1.0 4.0 5.0 3.0 1.0 265.0 5.0 54.0 48.0 5.0 4.0 1.0 158.0
-9999 -9999 -9999 -9999 -9999 -9999 -9999 -9999 -9999 -9999 -9999 -9999 -9999 -9999 -9999 -9999 -9999 -9999 -9999 -9999 -9999 -9999 -9999 -9999 -9999 1.0 1.0 1.0 1.0 1.0 2.0 2.0 2.0 2.0 2.0 3.0 4.0 4.0 3.0 2.0 20.0 20.0 2.0 6.0 1.0 8.0 6.0 1.0 42.0 44.0 1.0 6.0 7.0 89.0 8.0 9.0 13.0 27.0 1.0 1.0 1.0 1.0 1.0 2480.0 6.0 4.0 1.0 1.0 4.0 1.0 3.0 3.0 1.0 3.0 2.0 3.0 261.0 4.0 5.0 47.0 42.0 2.0 1.0
-9999 -9999 -9999 -9999 -9999 -9999 -9999 -9999 -9999 -9999 -9999 -9999 -9999 -9999 -9999 -9999 -9999 -9999 -9999 -9999 -9999 -9999 -9999 -9999 -9999 -9999 -9999 -9999 -9999 -9999 1.0 1.0 1.0 1.0 1.0 2.0 3.0 3.0 2.0 1.0 19.0 19.0 1.0 5.0 1.0 6.0 5.0 38.0 3.0 43.0 5.0 5.0 1.0 88.0 7.0 2.0 1.0 7.0 6.0 6.0 7.0 127.0 145.0 2479.0 1.0 1.0 3.0 2.0 1.0 2.0 1.0 2.0 2.0 2.0 1.0 2.0 255.0 5.0 3.0 4.0 4.0 41.0 35.0
-9999 -9999 -9999 -9999 -9999 -9999 -9999 -9999 -9999 -9999 -9999 -9999 -9999 -9999 -9999 -9999 -9999 -9999 -9999 -9999 -9999 -9999 -9999 -9999 -9999 -9999 -9999 -9999 -9999 -9999 -9999 -9999 -9999 -9999 -9999 1.0 2.0 2.0 1.0 17.0 1.0 18.0 3.0 1.0 5.0 1.0 3.0 37.0 2.0 42.0 4.0 4.0 85.0 2.0 6.0 1.0 6.0 2.0 3.0 5.0 119.0 15.0 2.0 8.0 2324.0 28.0 25.0 24.0 4.0 3.0 2.0 1.0 1.0 1.0 1.0 1.0 254.0 2.0 2.0 2.0 3.0 3.0 5.0
-9999 -9999 -9999 -9999 -9999 -9999 -9999 -9999 -9999 -9999 -9999 -9999 -9999 -9999 -9999 -9999 -9999 -9999 -9999 -9999 -9999 -9999 -9999 -9999 -9999 -9999 -9999 -9999 -9999 -9999 -9999 -9999 -9999 -9999 -9999 -9999 1.0 1.0 1.0 15.0 15.0 2.0 2.0 1.0 3.0 2.0 36.0 1.0 41.0 3.0 3.0 3.0 81.0 1.0 5.0 5.0 1.0 2.0 4.0 118.0 1.0 13.0 1.0 7.0 2255.0 40.0 2.0 1.0 19.0 18.0 17.0 16.0 15.0 14.0 11.0 1.0 1.0 252.0 1.0 1.0 1.0 2.0 2.0
-9999 -9999 -9999 -9999 -9999 -9999 -9999 -9999 -9999 -9999 -9999 -9999 -9999 -9999 -9999 -9999 -9999 -9999 -9999 -9999 -9999 -9999 -9999 -9999 -9999 -9999 -9999 -9999 -9999 -9999 -9999 -9999 -9999 -9999 -9999 -9999 2.0 3.0 14.0 13.0 1.0 1.0 1.0 1.0 1.0 1.0 35.0 2.0 38.0 2.0 2.0 2.0 80.0 3.0 1.0 4.0 1.0 3.0 3.0 114.0 8.0 4.0 4.0 2.0 131.0 2123.0 39.0 13.0 12.0 11.0 10.0 5.0 4.0 2.0 1.0 8.0 3.0 251.0 236.0 220.0 219.0 1.0 1.0
-9999 -9999 -9999 -9999 -9999 -9999 -9999 -9999 -9999 -9999 -9999 -9999 -9999 -9999 -9999 -9999 -9999 -9999 -9999 -9999 -9999 -9999 -9999 -9999 -9999 -9999 -9999 -9999 -9999 -9999 -9999 -9999 -9999 -9999 -9999 -9999 1.0 5.0 5.0 3.0 9.0 7.0 14.0 15.0 17.0 33.0 1.0 1.0 37.0 1.0 1.0 1.0 79.0 2.0 2.0 1.0 2.0 2.0 113.0 4.0 3.0 3.0 3.0 1.0 130.0 4.0 2118.0 25.0 7.0 2.0 1.0 4.0 3.0 3.0 1.0 7.0 2.0 4.0 7.0 15.0 15.0 202.0 190.0
-9999 -9999 -9999 -9999 -9999 -9999 -9999 -9999 -9999 -9999 -9999 -9999 -9999 -9999 -9999 -9999 -9999 -9999 -9999 -9999 -9999 -9999 -9999 -9999 -9999 -9999 -9999 -9999 -9999 -9999 -9999 -9999 -9999 -9999 -9999 -9999 -9999 4.0 4.0 2.0 8.0 6.0 6.0 1.0 8.0 1.0 6.0 36.0 10.0 22.0 23.0 77.0 1.0 1.0 1.0 1.0 1.0 110.0 2.0 3.0 2.0 2.0 2.0 128.0 1.0 3.0 5.0 2112.0 17.0 4.0 3.0 2.0 1.0 2.0 2.0 6.0 1.0 3.0 6.0 4.0 10.0 14.0 11.0
-9999 -9999 -9999 -9999 -9999 -9999 -9999 -9999 -9999 -9999 -9999 -9999 -9999 -9999 -9999 -9999 -9999 -9999 -9999 -9999 -9999 -9999 -9999 -9999 -9999 -9999 -9999 -9999 -9999 -9999 -9999 -9999 -9999 -9999 -9999 -9999 -9999 3.0 3.0 1.0 7.0 5.0 5.0 1.0 6.0 5.0 35.0 7.0 2.0 11.0 45.0 5.0 3.0 90.0 92.0 102.0 109.0 1.0 1.0 1.0 1.0 1.0 1.0 127.0 2.0 1.0 3.0 2107.0 4.0 16.0 11.0 10.0 6.0 5.0 1.0 1.0 5.0 2.0 5.0 3.0 9.0 8.0 5.0
-9999 -9999 -9999 -9999 -9999 -9999 -9999 -9999 -9999 -9999 -9999 -9999 -9999 -9999 -9999 -9999 -9999 -9999 -9999 -9999 -9999 -9999 -9999 -9999 -9999 -9999 -9999 -9999 -9999 -9999 -9999 -9999 -9999 -9999 -9999 -9999 -9999 2.0 2.0 3.0 3.0 4.0 4.0 4.0 1.0 4.0 34.0 6.0 1.0 10.0 44.0 4.0 2.0 89.0 1.0 9.0 6.0 1.0 4.0 99.0 112.0 116.0 125.0 1.0 1.0 1.0 1.0 2105.0 1.0 3.0 4.0 3.0 3.0 2.0 4.0 1.0 4.0 1.0 4.0 2.0 4.0 4.0 7.0
-9999 -9999 -9999 -9999 -9999 -9999 -9999 -9999 -9999 -9999 -9999 -9999 -9999 -9999 -9999 -9999 -9999 -9999 -9999 -9999 -9999 -9999 -9999 -9999 -9999 -9999 -9999 -9999 -9999 -9999 -9999 -9999 -9999 -9999 -9999 -9999 -9999 1.0 1.0 2.0 2.0 3.0 3.0 3.0 1.0 2.0 33.0 5.0 4.0 5.0 43.0 3.0 1.0 88.0 7.0 1.0 5.0 2.0 94.0 6.0 6.0 3.0 7.0 1.0 41.0 42.0 47.0 2104.0 2041.0 1.0 2.0 1.0 2.0 1.0 1.0 2.0 1.0 2.0 3.0 1.0 3.0 3.0 3.0
-9999 -9999 -9999 -9999 -9999 -9999 -9999 -9999 -9999 -9999 -9999 -9999 -9999 -9999 -9999 -9999 -9999 -9999 -9999 -9999 -9999 -9999 -9999 -9999 -9999 -9999 -9999 -9999 -9999 -9999 -9999 -9999 -9999 -9999 -9999 -9999 -9999 -9999 -9999 1.0 1.0 2.0 2.0 2.0 1.0 32.0 3.0 1.0 3.0 4.0 42.0 2.0 83.0 4.0 6.0 4.0 1.0 3.0 90.0 5.0 5.0 2.0 6.0 2.0 38.0 3.0 1.0 15.0 6.0 2033.0 256.0 5.0 4.0 3.0 2.0 1.0 1.0 1.0 1.0 1.0 2.0 2.0 2.0
-9999 -9999 -9999 -9999 -9999 -9999 -9999 -9999 -9999 -9999 -9999 -9999 -9999 -9999 -9999 -9999 -9999 -9999 -9999 -9999 -9999 -9999 -9999 -9999 -9999 -9999 -9999 -9999 -9999 -9999 -9999 -9999 -9999 -9999 -9999 -9999 -9999 -9999 -9999 -9999 -9999 1.0 1.0 1.0 1.0 30.0 2.0 2.0 1.0 2.0 41.0 1.0 82.0 3.0 5.0 3.0 2.0 1.0 88.0 4.0 4.0 1.0 5.0 1.0 37.0 2.0 6.0 8.0 5.0 1775.0 1.0 250.0 249.0 248.0 247.0 1.0 236.0 235.0 224.0 215.0 1.0 1.0 1.0
-9999 -9999 -9999 -9999 -9999 -9999 -9999 -9999 -9999 -9999 -9999 -9999 -9999 -9999 -9999 -9999 -9999 -9999 -9999 -9999 -9999 -9999 -9999 -9999 -9999 -9999 -9999 -9999 -9999 -9999 -9999 -9999 -9999 -9999 -9999 -9999 -9999 -9999 -9999 -9999 -9999 3.0 11.0 18.0 28.0 1.0 1.0 1.0 1.0 39.0 1.0 81.0 2.0 2.0 2.0 2.0 1.0 79.0 8.0 3.0 3.0 3.0 1.0 36.0 1.0 5.0 1.0 6.0 4.0 252.0 1522.0 4.0 3.0 2.0 1.0 245.0 8.0 9.0 1.0 8.0 213.0 209.0 195.0
-9999 -9999 -9999 -9999 -9999 -9999 -9999 -9999 -9999 -9999 -9999 -9999 -9999 -9999 -9999 -9999 -9999 -9999 -9999 -9999 -9999 -9999 -9999 -9999 -9999 -9999 -9999 -9999 -9999 -9999 -9999 -9999 -9999 -9999 -9999 -9999 -9999 -9999 -9999 -9999 -9999 2.0 7.0 6.0 1.0 8.0 26.0 37.0 38.0 8.0 79.0 1.0 1.0 1.0 1.0 1.0 78.0 2.0 5.0 2.0 2.0 2.0 1.0 34.0 1.0 3.0 2.0 3.0 3.0 251.0 1498.0 19.0 6.0 5.0 4.0 3.0 2.0 7.0 8.0 6.0 7.0 3.0 13.0
-9999 -9999 -9999 -9999 -9999 -9999 -9999 -9999 -9999 -9999 -9999 -9999 -9999 -9999 -9999 -9999 -9999 -9999 -9999 -9999 -9999 -9999 -9999 -9999 -9999 -9999 -9999 -9999 -9999 -9999 -9999 -9999 -9999 -9999 -9999 -9999 -9999 -9999 -9999 -9999 -9999 1.0 6.0 5.0 6.0 1.0 25.0 10.0 7.0 1.0 9.0 60.0 2.0 13.0 23.0 76.0 1.0 1.0 4.0 1.0 1.0 1.0 30.0 3.0 2.0 1.0 2.0 2.0 2.0 248.0 1496.0 1.0 12.0 11.0 10.0 9.0 8.0 1.0 6.0 1.0 5.0 6.0 2.0
-9999 -9999 -9999 -9999 -9999 -9999 -9999 -9999 -9999 -9999 -9999 -9999 -9999 -9999 -9999 -9999 -9999 -9999 -9999 -9999 -9999 -9999 -9999 -9999 -9999 -9999 -9999 -9999 -9999 -9999 -9999 -9999 -9999 -9999 -9999 -9999 -9999 -9999 -9999 -9999 -9999 4.0 1.0 4.0 5.0 24.0 8.0 1.0 6.0 5.0 3.0 59.0 1.0 10.0 9.0 4.0 48.0 3.0 8.0 18.0 20.0 29.0 1.0 1.0 1.0 1.0 1.0 1.0 247.0 2.0 3.0 1490.0 19.0 4.0 3.0 2.0 1.0 7.0 6.0 5.0 4.0 4.0 5.0
-9999 -9999 -9999 -9999 -9999 -9999 -9999 -9999 -9999 -9999 -9999 -9999 -9999 -9999 -9999 -9999 -9999 -9999 -9999 -9999 -9999 -9999 -9999 -9999 -9999 -9999 -9999 -9999 -9999 -9999 -9999 -9999 -9999 -9999 -9999 -9999 -9999 -9999 -9999 -9999 -9999 3.0 3.0 3.0 1.0 23.0 7.0 4.0 1.0 4.0 2.0 58.0 8.0 1.0 8.0 3.0 47.0 2.0 7.0 9.0 1.0 8.0 1.0 217.0 222.0 230.0 232.0 246.0 1.0 1.0 1.0 1469.0 1.0 14.0 12.0 7.0 6.0 5.0 4.0 5.0 1.0 3.0 3.0
-9999 -9999 -9999 -9999 -9999 -9999 -9999 -9999 -9999 -9999 -9999 -9999 -9999 -9999 -9999 -9999 -9999 -9999 -9999 -9999 -9999 -9999 -9999 -9999 -9999 -9999 -9999 -9999 -9999 -9999 -9999 -9999 -9999 -9999 -9999 -9999 -9999 -9999 -9999 -9999 -9999 2.0 2.0 2.0 22.0 1.0 5.0 3.0 3.0 1.0 56.0 1.0 7.0 4.0 3.0 2.0 46.0 1.0 6.0 8.0 5.0 2.0 215.0 4.0 7.0 1.0 8.0 5.0 2.0 8.0 60.0 1468.0 251.0 1.0 1.0 4.0 3.0 2.0 1.0 3.0 3.0 2.0 2.0
-9999 -9999 -9999 -9999 -9999 -9999 -9999 -9999 -9999 -9999 -9999 -9999 -9999 -9999 -9999 -9999 -9999 -9999 -9999 -9999 -9999 -9999 -9999 -9999 -9999 -9999 -9999 -9999 -9999 -9999 -9999 -9999 -9999 -9999 -9999 -9999 -9999 -9999 -9999 -9999 -9999 1.0 1.0 1.0 21.0 1.0 3.0 2.0 2.0 1.0 54.0 3.0 3.0 3.0 2.0 1.0 45.0 4.0 1.0 7.0 4.0 1.0 214.0 3.0 6.0 7.0 4.0 1.0 5.0 51.0 6.0 1136.0 14.0 249.0 239.0 223.0 1.0 214.0 2.0 1.0 2.0 1.0 1.0
-9999 -9999 -9999 -9999 -9999 -9999 -9999 -9999 -9999 -9999 -9999 -9999 -9999 -9999 -9999 -9999 -9999 -9999 -9999 -9999 -9999 -9999 -9999 -9999 -9999 -9999 -9999 -9999 -9999 -9999 -9999 -9999 -9999 -9999 -9999 -9999 -9999 -9999 -9999 -9999 -9999 3.0 11.0 19.0 1.0 1.0 1.0 1.0 1.0 51.0 2.0 2.0 2.0 2.0 1.0 41.0 3.0 3.0 3.0 3.0 3.0 213.0 2.0 4.0 1.0 6.0 3.0 4.0 2.0 48.0 5.0 1135.0 9.0 4.0 9.0 15.0 221.0 6.0 211.0 210.0 198.0 195.0 182.0
-9999 -9999 -9999 -9999 -9999 -9999 -9999 -9999 -9999 -9999 -9999 -9999 -9999 -9999 -9999 -9999 -9999 -9999 -9999 -9999 -9999 -9999 -9999 -9999 -9999 -9999 -9999 -9999 -9999 -9999 -9999 -9999 -9999 -9999 -9999 -9999 -9999 -9999 -9999 -9999 -9999 2.0 7.0 1.0 6.0 8.0 15.0 21.0 49.0 1.0 1.0 1.0 1.0 1.0 1.0 39.0 2.0 2.0 2.0 2.0 2.0 212.0 1.0 3.0 5.0 2.0 3.0 1.0 47.0 4.0 5.0 1129.0 1.0 7.0 3.0 8.0 14.0 12.0 5.0 3.0 11.0 2.0 12.0
-9999 -9999 -9999 -9999 -9999 -9999 -9999 -9999 -9999 -9999 -9999 -9999 -9999 -9999 -9999 -9999 -9999 -9999 -9999 -9999 -9999 -9999 -9999 -9999 -9999 -9999 -9999 -9999 -9999 -9999 -9999 -9999 -9999 -9999 -9999 -9999 -9999 -9999 -9999 -9999 -9999 1.0 6.0 4.0 1.0 7.0 6.0 5.0 8.0 19.0 8.0 16.0 20.0 31.0 37.0 1.0 1.0 1.0 1.0 1.0 1.0 211.0 2.0 1.0 3.0 1.0 2.0 46.0 3.0 4.0 2.0 6.0 1120.0 2.0 6.0 2.0 7.0 1.0 11.0 1.0 2.0 10.0 1.0
-9999 -9999 -9999 -9999 -9999 -9999 -9999 -9999 -9999 -9999 -9999 -9999 -9999 -9999 -9999 -9999 -9999 -9999 -9999 -9999 -9999 -9999 -9999 -9999 -9999 -9999 -9999 -9999 -9999 -9999 -9999 -9999 -9999 -9999 -9999 -9999 -9999 -9999 -9999 -9999 -9999 2.0 3.0 3.0 4.0 2.0 5.0 4.0 7.0 18.0 7.0 7.0 3.0 10.0 1.0 4.0 179.0 186.0 193.0 195.0 209.0 1.0 1.0 1.0 1.0 1.0 45.0 2.0 3.0 1.0 3.0 2.0 1116.0 1.0 1.0 5.0 1.0 6.0 5.0 10.0 5.0 1.0 9.0
-9999 -9999 -9999 -9999 -9999 -9999 -9999 -9999 -9999 -9999 -9999 -9999 -9999 -9999 -9999 -9999 -9999 -9999 -9999 -9999 -9999 -9999 -9999 -9999 -9999 -9999 -9999 -9999 -9999 -9999 -9999 -9999 -9999 -9999 -9999 -9999 -9999 -9999 -9999 -9999 -9999 1.0 2.0 2.0 3.0 1.0 4.0 3.0 6.0 17.0 6.0 6.0 2.0 9.0 1.0 2.0 178.0 6.0 6.0 1.0 12.0 1.0 7.0 8.0 26.0 44.0 1.0 1.0 1.0 1.0 1.0 1.0 64.0 1051.0 8.0 6.0 4.0 3.0 2.0 4.0 4.0 4.0 3.0
-9999 -9999 -9999 -9999 -9999 -9999 -9999 -9999 -9999 -9999 -9999 -9999 -9999 -9999 -9999 -9999 -9999 -9999 -9999 -9999 -9999 -9999 -9999 -9999 -9999 -9999 -9999 -9999 -9999 -9999 -9999 -9999 -9999 -9999 -9999 -9999 -9999 -9999 -9999 -9999 -9999 -9999 1.0 1.0 2.0 3.0 2.0 4.0 1.0 16.0 5.0 5.0 1.0 8.0 1.0 174.0 3.0 5.0 5.0 1.0 10.0 2.0 4.0 17.0 1.0 9.0 7.0 26.0 29.0 39.0 40.0 62.0 1.0 1.0 1041.0 1.0 5.0 4.0 3.0 1.0 3.0 3.0 2.0
-9999 -9999 -9999 -9999 -9999 -9999 -9999 -9999 -9999 -9999 -9999 -9999 -9999 -9999 -9999 -9999 -9999 -9999 -9999 -9999 -9999 -9999 -9999 -9999 -9999 -9999 -9999 -9999 -9999 -9999 -9999 -9999 -9999 -9999 -9999 -9999 -9999 -9999 -9999 -9999 -9999 -9999 -9999 -9999 1.0 2.0 1.0 3.0 15.0 3.0 1.0 4.0 4.0 3.0 2.0 171.0 2.0 4.0 4.0 7.0 2.0 1.0 3.0 16.0 8.0 6.0 25.0 2.0 1.0 8.0 7.0 8.0 6.0 47.0 1040.0 986.0 2.0 1.0 1.0 2.0 1.0 2.0 1.0
-9999 -9999 -9999 -9999 -9999 -9999 -9999 -9999 -9999 -9999 -9999 -9999 -9999 -9999 -9999 -9999 -9999 -9999 -9999 -9999 -9999 -9999 -9999 -9999 -9999 -9999 -9999 -9999 -9999 -9999 -9999 -9999 -9999 -9999 -9999 -9999 -9999 -9999 -9999 -9999 -9999 -9999 -9999 -9999 -9999 1.0 1.0 1.0 14.0 2.0 2.0 1.0 3.0 2.0 1.0 170.0 1.0 3.0 3.0 6.0 1.0 2.0 15.0 6.0 1.0 5.0 24.0 1.0 5.0 2.0 6.0 7.0 5.0 46.0 6.0 789.0 194.0 185.0 183.0 182.0 181.0 179.0 5.0
-9999 -9999 -9999 -9999 -9999 -9999 -9999 -9999 -9999 -9999 -9999 -9999 -9999 -9999 -9999 -9999 -9999 -9999 -9999 -9999 -9999 -9999 -9999 -9999 -9999 -9999 -9999 -9999 -9999 -9999 -9999 -9999 -9999 -9999 -9999 -9999 -9999 -9999 -9999 -9999 -9999 -9999 -9999 -9999 -9999 1.0 2.0 12.0 1.0 1.0 1.0 1.0 1.0 1.0 81.0 2.0 86.0 2.0 2.0 2.0 3.0 1.0 14.0 5.0 1.0 3.0 23.0 4.0 1.0 5.0 6.0 3.0 1.0 45.0 5.0 11.0 777.0 8.0 7.0 4.0 3.0 1.0 173.0
-9999 -9999 -9999 -9999 -9999 -9999 -9999 -9999 -9999 -9999 -9999 -9999 -9999 -9999 -9999 -9999 -9999 -9999 -9999 -9999 -9999 -9999 -9999 -9999 -9999 -9999 -9999 -9999 -9999 -9999 -9999 -9999 -9999 -9999 -9999 -9999 -9999 -9999 -9999 -9999 -9999 -9999 -9999 -9999 -9999 -9999 3.0 1.0 5.0 4.0 10.0 11.0 67.0 79.0 1.0 1.0 85.0 1.0 1.0 1.0 2.0 13.0 2.0 2.0 2.0 19.0 3.0 3.0 1.0 3.0 5.0 2.0 44.0 4.0 6.0 4.0 4.0 772.0 21.0 2.0 1.0 2.0 1.0
-9999 -9999 -9999 -9999 -9999 -9999 -9999 -9999 -9999 -9999 -9999 -9999 -9999 -9999 -9999 -9999 -9999 -9999 -9999 -9999 -9999 -9999 -9999 -9999 -9999 -9999 -9999 -9999 -9999 -9999 -9999 -9999 -9999 -9999 -9999 -9999 -9999 -9999 -9999 -9999 -9999 -9999 -9999 -9999 -9999 -9999 2.0 2.0 2.0 3.0 5.0 1.0 54.0 4.0 7.0 12.0 84.0 63.0 58.0 51.0 1.0 12.0 1.0 1.0 1.0 18.0 2.0 2.0 2.0 2.0 2.0 1.0 43.0 3.0 5.0 3.0 3.0 736.0 14.0 20.0 19.0 18.0 1.0
-9999 -9999 -9999 -9999 -9999 -9999 -9999 -9999 -9999 -9999 -9999 -9999 -9999 -9999 -9999 -9999 -9999 -9999 -9999 -9999 -9999 -9999 -9999 -9999 -9999 -9999 -9999 -9999 -9999 -9999 -9999 -9999 -9999 -9999 -9999 -9999 -9999 -9999 -9999 -9999 -9999 -9999 -9999 -9999 -9999 -9999 1.0 1.0 1.0 2.0 4.0 1.0 52.0 3.0 6.0 11.0 8.0 4.0 6.0 6.0 44.0 11.0 7.0 7.0 16.0 1.0 1.0 1.0 1.0 1.0 1.0 42.0 2.0 1.0 3.0 2.0 2.0 117.0 618.0 13.0 10.0 5.0 16.0
-9999 -9999 -9999 -9999 -9999 -9999 -9999 -9999 -9999 -9999 -9999 -9999 -9999 -9999 -9999 -9999 -9999 -9999 -9999 -9999 -9999 -9999 -9999 -9999 -9999 -9999 -9999 -9999 -9999 -9999 -9999 -9999 -9999 -9999 -9999 -9999 -9999 -9999 -9999 -9999 -9999 -9999 -9999 -9999 -9999 -9999 -9999 -9999 -9999 1.0 3.0 51.0 2.0 5.0 5.0 5.0 7.0 3.0 5.0 5.0 43.0 3.0 6.0 6.0 1.0 7.0 12.0 16.0 23.0 25.0 40.0 1.0 1.0 1.0 1.0 1.0 1.0 116.0 614.0 3.0 2.0 4.0 4.0
