output/RioRessiOut/RioRessi_top_index.asc
NCOLS 197
NROWS 299
XLLCORNER 676026.5927825759
YLLCORNER 5072481.374398034
CELLSIZE 0.9572864394182301
NODATA_VALUE -9999
[rows 46 to 68 of 299, columns 0 to 52 of 197]
-9999 -9999 -9999 -9999 -9999 -9999 -9999 -9999 -9999 2.5073562703252654 2.666933750878071 3.275565701677204 0.6883247224112524 0.7617567217132497 0.6412626263872382 0.1340046982118283 -0.13276324745278656 3.4519241170254107 2.030432198235388 2.475778752545863 12.538296685840148 7.754280985820079 3.878430583021488 2.761525204784207 2.3867602932922676 7.076858453514858 1.8860954744500955 3.0794235892646173 1.0864563800278995 7.102667439365138 5.274948305334114 5.940863124557226 6.046874057714156 5.894383061224253 5.188439007659419 5.785179728996418 4.707778442787013 4.6142088614607735 0.8191042847811758 5.218992364041358 3.8517650399904007 3.4360295101943716 3.178983927070158 2.0738156838384576 2.9077128104907075 2.897562798076417 2.900121972307353 1.9532890464357453 2.5370805233198768 2.461476664574572 2.40058829489956 1.5289507267736775 1.8142090897653205
-9999 -9999 -9999 -9999 -9999 -9999 -9999 -9999 -9999 -9999 1.6277230292955573 0.8904346934044238 3.15074498005936 4.142553482994611 4.320686895203211 4.429299288408159 3.1550326036245284 0.176279712732459 0.3405855226699976 0.6064874525582963 11.262593370313818 1.07292177329409 8.483493264890143 8.28549269700033 7.988861606544366 1.6027137104471583 6.636260418158984 7.32129284361082 7.56569569763025 1.8057680293218201 0.46386224430875217 0.2946034306624911 1.4450407871951867 1.08023991468512 -0.39287801236177694 0.9714112642078717 5.445562819227971 5.555356972425013 4.1204139084311056 5.329655596429199 5.456359754207727 5.199293538692198 5.055012180800594 4.458651500420687 5.431181082079264 5.450674539016456 5.520301190268854 4.787656318529876 2.0871336128381377 1.5690866317323353 1.4479751278330404 0.027876421262812617 5.2759834259530365
-9999 -9999 -9999 -9999 -9999 -9999 -9999 -9999 -9999 -9999 0.8701387937845213 1.8337820901467603 0.5486731370411168 2.049926470940772 1.9965306465597066 0.5725742077797915 3.1084436072882218 3.8814104110005543 4.417859543898501 5.095447156348497 -9999 11.612596795541933 11.649953416262997 7.780260409952098 8.24719888476883 7.857562747273887 2.114372369383726 3.108613539485684 3.0768011132129898 2.513766968017791 1.5179372546201586 1.7224976382574066 0.24938714318720936 1.2317925420452762 0.07118599116142095 0.33906297524365164 0.5694258728824882 0.6812609725266784 5.85826220535355 -0.3068053381539271 0.21213762012354978 0.14593182570477406 1.2981216601086034 0.40337480529458075 0.5874922091982353 1.6188877169981692 1.178738269915555 0.11774675921640175 5.53340793785345 5.338782703028187 5.484197005839963 5.47999020282865 -0.04267558292866201
-9999 -9999 -9999 -9999 -9999 -9999 -9999 -9999 -9999 -9999 -9999 1.2528063904770343 0.48805409043507436 1.425975581979653 2.223005248274462 4.242888173782631 0.20039038025250314 2.501122584687746 3.0326676782089335 1.5217701566482467 2.0694836341051377 2.7595957072313233 3.3291111902863615 11.677432122642989 5.08530049464317 4.530240264695991 2.9616702297709296 4.024904271359839 3.528786236956047 3.131135063058886 2.2735240892578727 2.732849998984429 2.3774176568209664 0.9147254762075466 -0.8109753476443695 0.3282012162971988 0.5373585256366686 3.1644922750167455 3.234405002560892 1.777883364648758 2.242827502848202 2.346901844695284 2.3551076889735842 1.3653088160251468 1.920722243024527 1.5442894736533799 1.0695925739758947 0.26010854936339717 4.768952986291026 4.778984342646496 4.856386860529489 4.878792770969685 4.042194846279274
-9999 -9999 -9999 -9999 -9999 -9999 -9999 -9999 -9999 -9999 -9999 1.3073820600608526 0.6798363440246672 1.3570071928928784 1.781299922159016 3.6218924983898386 1.8377159035937611 1.9768974012753715 3.2368373485876947 1.4538421773532277 2.090566208674466 2.2639703672007396 2.585444707297134 4.484075940342603 11.683191484909736 2.3494122131945554 0.618959669768857 1.0530084459603595 3.311337102165504 3.0047837144680707 1.8680589811497081 2.2628463697386936 1.9719525487128018 1.320190584315711 0.045736401219601645 2.718319470795713 3.298026562551121 2.0891917560910236 1.827203956621688 0.24937411080994526 0.2988067394459795 4.9368796855626496 4.968732422703072 4.04446957484204 4.849215515054498 4.845016813000684 4.85761712519153 5.224780513859082 2.4946334523972977 2.948059422623219 2.027885661965208 1.816297863370712 0.6238258594200298
-9999 -9999 -9999 -9999 -9999 -9999 -9999 -9999 -9999 -9999 -9999 -9999 1.2863577841225071 1.7238664204936862 3.479413517484693 1.6972225617357266 1.4361211628777606 3.158717914461237 1.1636215236246026 2.0766516045560657 0.3364984541678914 1.8272039566221197 2.761525204784639 4.335610905910762 2.0172444870065855 11.201063145262282 3.739499951617898 4.495295454026505 4.772882308328598 4.444535554909449 3.3034646883913665 3.7632540376260053 3.791881705076563 3.22525009280607 3.0224947806040587 -0.5186258773806403 0.1131403200586116 0.19676121097724936 5.187445667405087 4.3269115547156645 5.380186858933767 3.9179218072832867 3.783699728786295 2.959719210831689 3.764923405127154 3.7079344680392636 3.6780229143960583 3.989424142357931 3.1515766738453923 3.795048974082437 2.3620981309081985 2.0641411741251914 1.1536691717503673
-9999 -9999 -9999 -9999 -9999 -9999 -9999 -9999 -9999 -9999 -9999 -9999 1.927363466153095 4.162816153313108 1.810269088329864 1.6538378161332028 0.5760608546557066 3.2346665528084855 0.6987853357206347 2.061691777401278 1.6072963775886493 1.1103934237517166 1.7663384430387445 4.014839167839101 1.204558344087992 10.737996098985166 1.3385561648128141 1.407102937508089 1.4870919425789542 1.2318182956604415 0.1798351762635288 1.8468163523103125 1.5532904345123562 0.43281717988003543 1.45391524551025 0.3486397406564496 5.129201939120895 5.154876927948871 0.957399267798298 -0.4818996779725996 1.815873227979138 1.5825468914662502 1.0756495276840845 -0.4075766191547848 1.8627378205581815 2.0215355144690346 1.9889304930510605 1.5996573767195403 0.6209151680068901 0.4654857860149438 3.963053883949844 3.743307773443626 3.099377239366173
-9999 -9999 -9999 -9999 -9999 -9999 -9999 -9999 -9999 -9999 -9999 -9999 5.4051502108203575 1.4216067393916283 1.2510226664812454 1.1020727705157647 3.200051577053232 0.6840192833178078 1.8828308922363042 1.3729835245846125 0.5577817158125392 1.089268738411547 3.8703254176878925 1.814209089765752 0.9588951543903121 11.207252968055794 1.2167123840642782 0.7749669935551603 0.7633997897869497 0.4844615795145832 0.47608052254903116 0.6525407795929947 0.7617567217132497 5.96305963502856 5.545712228244576 4.6043494535449625 2.4775033071755845 2.4368934312569372 2.4439431866367523 1.7796035605878449 1.467376370890638 0.98638191981972 0.2440294498752923 2.464826947717622 0.4873541180725798 0.47887861514068264 2.6897717282414075 2.69826966538765 2.0072095291267806 2.411395935070257 2.017244487006154 1.2788053681528566 0.08078243263315553
-9999 -9999 -9999 -9999 -9999 -9999 -9999 -9999 -9999 -9999 -9999 -9999 -9999 1.8013809255112083 3.8197662478893473 4.853689901045155 0.8214211117663911 0.6915606471162442 0.728459558831683 0.679858127322998 0.5892205327177782 0.4583847651520373 4.008071291933567 1.6383310439077508 1.654707226600203 12.043817933755376 0.6575838287150738 0.861499695915248 1.933313420482904 0.6395345582413889 1.3628032923722082 5.574715807896185 5.631551244574225 3.198419031162299 2.2757975220857714 1.444427920582641 1.3366781110593076 1.1614465754413124 0.949211652278716 -0.2276106163694505 3.388841190346113 3.807692420808678 3.6906589250649136 3.032911339774978 2.3853654418863393 3.2388940444160608 1.9188743159809178 1.5330033425696652 0.4207514789525099 0.40576360773003867 2.269074515008564 1.3527019387132324 0.08078243263315553
-9999 -9999 -9999 -9999 -9999 -9999 -9999 -9999 -9999 -9999 -9999 -9999 -9999 3.5968066135767676 0.8238886360606976 0.7980659417468305 3.033251227637264 3.0985289429771155 4.038197084300356 4.060752139815443 4.132964915722952 4.1792398109254485 1.2292718997476855 0.9664809028586503 0.5656087708323045 0.8954175750940738 11.403226187515992 6.613022454442837 7.65985538344822 6.1616301952617265 6.3988875438917105 5.906004372143662 5.654761285606929 5.723883601574255 2.1385486530611164 1.098910788289984 1.0988789000264567 1.0395756790870225 0.4376450132880059 3.783699728786295 4.838248033534823 5.592120054315006 2.4696376779290086 2.106821696634095 1.4180902522510708 1.9722274376136029 1.8754146216701546 1.689782662932673 0.3605925268589603 0.47713045283625233 5.558945875271781 5.046460561990182 4.9570226717776995
-9999 -9999 -9999 -9999 -9999 -9999 -9999 -9999 -9999 -9999 -9999 -9999 -9999 2.3164643455300356 1.9514005728578623 2.4242485643093374 2.291910502683036 1.4533599475131453 1.8828946085351022 2.761326427948399 0.7476605013451296 0.6595547581532871 4.1783810566459065 4.918196867013856 3.8196047622208495 5.674072866870048 -9999 1.3607490263962077 1.1771852334176618 6.86512542913102 7.213463160644912 2.627166006239193 2.273455277972795 2.420027064349402 5.878814749874092 5.206348469916836 5.284138838329994 5.755510224777188 5.836694515242429 5.498831280126887 0.9358753940772659 0.33906297524365164 5.325041352054926 5.350374804472536 4.6379953888616905 5.442802769127975 5.5148510704537905 5.390857172765639 -0.28580383148316046 4.987579708234496 3.967878991247251 4.068592080941489 2.4532890490549897
-9999 -9999 -9999 -9999 -9999 -9999 -9999 -9999 -9999 -9999 -9999 -9999 -9999 2.1843603028667213 1.598763322123091 2.0991129003158746 1.9966871533289439 0.6883247224112524 1.4324980676656949 2.542567176451634 1.423813315203164 2.0661307051445577 3.623332846903143 1.669393553426423 0.9492097222113584 1.261998249836907 11.478636180009111 6.597135411322247 7.195369458691471 7.3660804975076815 6.4082767856078355 4.878457804845688 0.7693778811965207 0.22420767447812512 2.6809966373741734 2.415585328648085 1.2664224365481187 1.6711864964474694 1.5012238807983775 1.1083303119930064 -0.47284125088916734 0.9697657355561521 0.34931763018642 1.5979751136795501 0.30169063254554584 0.36123281958607234 1.1536691717503673 0.4993628250114404 5.456774383619581 3.4817318160666173 4.182677247231645 4.109266833299089 3.6755904008765574
-9999 -9999 -9999 -9999 -9999 -9999 -9999 -9999 -9999 -9999 -9999 -9999 -9999 2.0934069973967766 0.6697171953469486 1.236536871078313 1.2600856655783552 0.6468427584783569 2.338513849838428 0.6974294734958035 0.6272359587060237 2.7234474188229933 2.415644818817352 2.8209314670339034 3.1878040447591336 12.701094020756717 3.3160882003193284 0.6676018458362623 0.8356938508304526 1.5529411191319655 6.200818303312145 0.2049177731447704 4.754252901352807 5.002539856200134 5.189433784572368 5.066477115910346 4.087801322957332 2.364333677007415 2.348521741185581 2.0029675947604058 1.1791735527007758 1.7327228596469677 1.4934343477286942 1.0205547011106209 -0.4165706626825206 2.850942520102229 3.4649826262573282 3.019819313031124 2.6386991362047634 2.007756699511486 2.7149956351035103 0.5451477395368329 4.189390420035653
-9999 -9999 -9999 -9999 -9999 -9999 -9999 -9999 -9999 -9999 -9999 -9999 -9999 0.8357300140989793 0.8390268400631894 0.9425622003682619 0.9947947087286667 2.1308175304245354 0.3764453934159494 2.1184594655022773 2.6418917895228877 1.7384206182080728 0.11882322420965383 1.7642272966472548 2.945428640978422 13.185797273155442 1.5215511545664202 1.5581742169931618 1.0410192015318385 1.130716235588243 1.1422348346375255 6.112149751671215 5.2615679641728175 0.618997156323908 1.786810115577206 1.2976487671535721 -0.3159582926859548 4.560216327053631 4.692661304402632 4.596568575103025 3.664080202488776 4.423965942432797 3.4858645124189005 3.3719299582740985 3.2946249790434363 0.2931919978240834 0.6697171953465172 2.014054182816746 1.4420700868964147 0.5158334740621828 0.5470190593630135 2.4174907716445064 2.426230725512897
-9999 -9999 -9999 -9999 -9999 -9999 -9999 -9999 -9999 -9999 -9999 -9999 -9999 -9999 -9999 -9999 1.890818080202944 1.2117077102922402 1.0910967595844017 1.4115318061609294 1.3994906661459163 1.7312814179559464 2.551786145789793 3.592313059538601 5.6008431370548175 13.010774206551096 5.324948906405199 5.099893584305631 4.644984094434693 4.132061654890155 2.1667195300278124 1.6656069739839645 -0.13164516682707694 5.917421953352145 5.970029575025074 5.950765599234034 4.946745748109121 0.8565331417283111 0.3376321039567749 2.9398747983343667 2.0474870477724636 2.674396128314841 3.9722091920677696 3.8944110367330653 3.774385576496569 3.2257154756265622 2.7491587370263533 2.5736699707521686 2.13521726745636 1.4321242059363377 1.827203956621688 1.6048269825776738 1.4524609642141297
-9999 -9999 -9999 -9999 -9999 -9999 -9999 -9999 -9999 -9999 -9999 -9999 -9999 -9999 -9999 -9999 1.2919467676473395 1.1308559101467492 0.3049371590083479 0.47253069450141916 0.4160836511647721 2.787046672508629 0.5080144932414129 1.9867110227236962 2.753319515268744 12.082887297000825 3.310123630273944 0.7548279472730951 4.215028895215885 1.1014015375532835 4.663053617742845 4.006887265387433 2.5251685088679787 3.3068497881891723 3.257070253751269 1.2510226664808137 -0.3957148936969766 5.368614615764677 5.549872107353641 5.642206066240504 -0.33109052459609567 5.59264466481843 2.630041757216255 2.4407658651320103 2.1216088389522207 1.6074748684651783 4.006749817789113 3.645205602143228 3.2500395435629774 2.6102311800447615 3.23359587556473 3.145272023524823 3.3242631411157215
-9999 -9999 -9999 -9999 -9999 -9999 -9999 -9999 -9999 -9999 -9999 -9999 -9999 -9999 -9999 -9999 -9999 3.5563589974076177 1.9551454303964206 2.7235793787949016 3.4214230554859513 0.46074047884449626 -0.1516220367845473 1.381741400043563 1.1609163048500533 11.454560830268099 1.1969694475697634 2.7401541480223433 2.3567890209842997 4.784171681503043 5.264196635596908 3.102919573924011 1.3410317072147093 1.6546238411509153 1.7166252128041204 2.9340655051383453 2.0262157478560217 2.329129330917415 0.8096753453099328 0.18072765508264685 5.530477964846056 1.33709076748015 5.647975977166271 5.6436392611551485 0.8358035462137322 -0.13075046229946255 2.258932470417557 1.6196692249812168 2.145608144774075 1.3638613849621308 1.744086618297283 1.269458440420759 0.536170232339975
-9999 -9999 -9999 -9999 -9999 -9999 -9999 -9999 -9999 -9999 -9999 -9999 -9999 -9999 -9999 -9999 -9999 1.6222187252899745 0.3574189186604536 1.1171219077699186 1.742143219167472 1.8770797276850126 2.1509630562094983 3.385488959736452 4.05375778237882 -9999 6.998932931809577 0.7571363195385341 1.3847078276761895 2.5957273681812674 1.4842975630254045 4.0813896925856605 2.278379279113626 0.9451838633473739 0.43439105390155547 1.241930686785666 -0.253920670451257 0.03826815808909881 1.8908180802025125 1.7062463290831005 1.550882245509873 0.7933562829680518 1.8113719282541592 1.491456361227394 5.451743086011347 5.06958597499413 0.5688510692765301 0.5668795199509663 1.3847078276761895 0.10364496581218206 4.836066063092467 5.030545106684283 4.908947162985712
-9999 -9999 -9999 -9999 -9999 -9999 -9999 -9999 -9999 -9999 -9999 -9999 -9999 -9999 -9999 -9999 -9999 1.0590574058402167 0.5565224680465802 1.2652057886182329 1.6206055615262616 2.1121680983039695 0.0035581143942067074 -0.05457903940271201 3.307305238413611 11.686089086617729 2.307894204092121 6.533055538773163 7.254100806376738 6.133142812516158 2.5829098516935143 2.3752441159549695 -0.44106947970405175 2.7115106829494335 2.68115918013436 2.5383480236336036 2.418018813218757 1.3197132573376742 1.4614247246672478 1.0420429588101365 0.6646230674142393 -0.19724511092958288 1.2347819073719988 0.4072954414426941 0.969681663085633 -0.04365262257648841 5.862319418338994 5.819978553021609 6.045021227958613 5.894008817650872 4.595056104646882 2.726984879532031 2.6054649072086002
-9999 -9999 -9999 -9999 -9999 -9999 -9999 -9999 -9999 -9999 -9999 -9999 -9999 -9999 -9999 -9999 -9999 -9999 0.6581843804197357 1.3344098069471835 0.5311279758860326 1.5842033780237195 1.768890179291441 1.727112948501825 3.60743621643632 10.789696059905713 1.6518367560810958 1.6973045995552076 0.9742139733385025 6.6403324263853 5.723055816514075 1.8015740689207898 -0.30370426908981707 2.6288861054698893 2.9688412525861407 2.856801754752138 2.774693757157489 1.9074999222397933 2.4758735258004894 1.972672656105381 1.7441474104186425 1.1301010747011253 1.9386161284452101 1.4796202860231782 0.8941695250096456 -0.06741587814349399 0.28609553900807977 2.3053291329007086 1.9130989606268363 1.3709939935652462 -0.08671819214895927 5.076281116006967 5.242859009163513
-9999 -9999 -9999 -9999 -9999 -9999 -9999 -9999 -9999 -9999 -9999 -9999 -9999 -9999 -9999 -9999 -9999 -9999 0.7460430708036602 0.04187282060753256 1.3072642258530143 1.8685752167711054 1.9768200791020556 2.620382445315925 4.039061182203226 11.591543691778185 1.7597614427977044 1.338613476329579 1.0642591649827908 2.3050863421542407 6.741562493756241 5.09857724794242 4.477787984768373 3.235342446646713 3.857534527962314 3.9111176573213986 3.917939048216711 3.194370442636299 3.5217556390827554 3.3225993730543966 3.2104844792120697 2.7395389871352256 3.730375597673265 3.325446976521509 3.213454279428239 3.515212934690068 2.81758233503319 3.0821293883894354 2.848796486833511 2.6048793819911755 1.855399100426538 2.3698876725821356 2.3335476324684095
-9999 -9999 -9999 -9999 -9999 -9999 -9999 -9999 -9999 -9999 -9999 -9999 -9999 -9999 -9999 -9999 -9999 -9999 -9999 0.001351383184083882 1.769678589326795 1.5758454900274421 2.1819556054772278 -0.13075046229946255 2.9222554106667884 -9999 3.919543755702013 1.8668211018911622 0.732828401419276 1.222041494392911 6.432624502503864 2.346984996693148 3.0913473307549206 2.012939976573343 2.4573744772072 2.507356270325266 2.3386683539641733 1.3011324802430106 1.664259037806831 1.155894767003883 0.6296727825862894 -0.5588753033839626 3.98610676036652 1.9100084345747523 1.6083236748821879 1.3751467711937972 0.10953213393097987 2.5713037646234445 2.261009821931392 1.9188743159809178 0.9752174843407072 1.241930686785666 0.3215863716380229
-9999 -9999 -9999 -9999 -9999 -9999 -9999 -9999 -9999 -9999 -9999 -9999 -9999 -9999 -9999 -9999 -9999 -9999 -9999 0.3160067019649905 1.116020282761787 1.0010855974484767 0.9016683614344574 1.1380779297413561 3.0011139855791082 5.603601262360142 12.579836425563759 2.1913240203415114 1.817540140165866 0.7416237672869446 1.4659023954975363 5.951177788144712 2.131355564713463 0.5949777050823716 0.3289124117300959 4.593602339699435 4.5813354496132614 3.630072356493069 4.1304645467191605 4.019839881123535 3.9620245952843156 3.9825132015586724 -0.4124848121341099 4.527906294177126 4.75072991165851 4.58795518014328 3.937331284053533 4.419496661250499 4.187115723074999 4.003542350394296 3.4319532571620113 4.075144030841882 3.818093933104503
