output/RioRessiOut/RioRessi_c_planare.asc
NCOLS 197
NROWS 299
XLLCORNER 676026.5927825759
YLLCORNER 5072481.374398034
CELLSIZE 0.9572864394182301
NODATA_VALUE -9999
[rows 230 to 252 of 299, columns 102 to 152 of 197]
-9999 -9999 -9999 -9999 -9999 -9999 -9999 -9999 -9999 -9999 -9999 -9999 -9999 -9999 -9999 -9999 -9999 -0.2702249744024291 -0.23934754947932105 -0.8712289773149938 0.4165585270060159 0.10938276543561455 0.08465465087385712 -0.018155034627461302 -0.333452357359113 0.24118891230176737 0.05739754954481773 -0.010135115018893972 -0.24238448949712887 0.3377051316210762 -0.07470174101751796 0.007693682120908019 0.07391048795877636 0.033705795477827954 -0.09728969295137974 -0.08121236787149132 -0.026026405954745237 -0.4648388906319808 0.03808559139452495 -0.05671043089416707 0.16869054047877016 -0.0014397993380752493 0.3651072072839111 -0.031567939262199335 -0.02026393837515127 0.5913242699148649 0.9103173638761728 0.01885195986088335 -0.3491777646319177 -0.35698613744035257 -0.28661619439498415
-9999 -9999 -9999 -9999 -9999 -9999 -9999 -9999 -9999 -9999 -9999 -9999 -9999 -9999 -9999 -9999 -9999 0.059336255737634486 0.23022139258692084 0.28532367801960323 1.3342700527550735 -1.375569214798336 -0.004975751400510598 0.018039143094190902 -0.9639050116137762 -0.6618222703166758 -0.0956063433310682 0.21710729802127654 -0.1303309702496824 0.26850513088079075 -0.00878063129869028 -0.02656829955098046 -0.015263743853077145 0.024089227131605766 -0.016619535324239033 -0.11035935809469193 -0.10076224856643987 -0.5283708778295174 0.2778395834109467 0.2543134130787247 0.3112459573530631 0.2198110857201516 0.1643886866965078 -0.058598016737094846 -0.03803436486614195 -0.03906502297007459 0.6239245477164359 1.0898757079123085 0.21000187306732254 0.16581961050816874 0.12230844741438877
-9999 -9999 -9999 -9999 -9999 -9999 -9999 -9999 -9999 -9999 -9999 -9999 -9999 -9999 -9999 -9999 -9999 -0.03541541434896386 -0.055338289851558094 0.011087282905318994 -0.18764035488764383 0.3420918527006355 0.05988636232640526 0.05189885677535232 -0.2338696216680171 0.7205365940318371 2.2213526276613127 -1.8577382950150003 -0.658723947742045 0.088899012416251 -0.1496585308222295 -0.05316945195928024 0.1541567618245411 -0.02857760667573202 0.013965428734735587 -0.1398160267821166 -0.13269572172729938 -0.4013630227954642 0.42997988538568 0.11761474562544266 0.37685482534258996 0.2452665368353809 -0.06589171341505021 -0.11214309723987846 -0.08191735558661685 0.018698281908520777 -0.22823048149537228 1.4928067966636214 0.9318126275790534 0.49096166079068165 0.14036156751773438
-9999 -9999 -9999 -9999 -9999 -9999 -9999 -9999 -9999 -9999 -9999 -9999 -9999 -9999 -9999 -9999 -9999 -9999 -0.04282770372392835 0.2061587494428909 -0.15907267426942742 -0.009597778063923354 0.07756596685406221 -0.029540029203889744 -0.3432591535865556 0.06826062892383844 -0.011388664698593794 -0.01973884799323866 0.44917348432094717 0.22407288154723545 0.41815750663309703 0.12238852964296826 1.6573794297238102 -1.9140363355430159 -0.1282174527753079 -0.4856531775053164 -0.8184951364833044 -0.5538232521359217 0.5436131741688641 0.09399303604491843 0.2938090446104359 0.08817255911934939 -0.02007119651147067 -0.05080512394897714 -0.13416686664306318 -0.05564889333148236 -0.3532978915706181 0.76706934291586 0.44857205202614214 0.7110322162954418 0.4056736965991659
-9999 -9999 -9999 -9999 -9999 -9999 -9999 -9999 -9999 -9999 -9999 -9999 -9999 -9999 -9999 -9999 -9999 -9999 0.07302737353901675 -0.010234862489744513 -0.2271473823774716 0.09553697195190776 0.09250568248026088 -0.05035244744623707 -0.2918222760723753 0.22050121977348086 -0.09858566632776276 0.007947909378106181 0.06214784920138738 -0.054893916543381056 0.07342908198995118 0.058324048054110636 0.0396738353764441 -0.4243324346345028 0.36490465860387883 0.11125615988264957 0.4800301168330847 1.4848346247889967 -0.6240646338390802 -0.6055536275462563 0.009514857705491587 0.05477668194182485 -0.21009532135959164 0.14388929015170826 -0.056753482999650225 -0.03900956704352828 -0.4284873540303407 0.4332659038184795 0.5050164565494895 0.38340814901353126 0.46250541311415283
-9999 -9999 -9999 -9999 -9999 -9999 -9999 -9999 -9999 -9999 -9999 -9999 -9999 -9999 -9999 -9999 -9999 -9999 0.15112936300554067 -0.15645759124198919 -0.21225330650571986 0.04954276237299637 0.10684495531164834 0.04363923860458145 -0.07923581386509752 -0.30763188920195245 0.18245395787755286 -0.014623548182731212 0.0011680402856578181 -0.1425353623007735 0.22919273912996807 0.08093196470737771 0.06684211368638106 -0.2942754962578548 0.09500422959752809 -0.017317845537187664 -0.07460356418203881 -0.10993836909532463 -0.2853332702999705 0.9532786344148595 0.8369312219037872 0.26162075838910065 -0.06403236579291537 1.7618641835774698 -2.1315742645272597 -0.4207138492945961 -1.065734788849854 -0.42173919798595155 0.4904709879062224 0.18858140605834622 0.503357095114266
-9999 -9999 -9999 -9999 -9999 -9999 -9999 -9999 -9999 -9999 -9999 -9999 -9999 -9999 -9999 -9999 -9999 -9999 0.011016546129020463 -0.1428552210917792 -0.10075134713043307 0.05171059859297481 0.04911300801007115 -0.07626053972192483 -0.1031483253705511 -0.3007555203039571 0.34137925619061177 0.018718020428432024 -0.03165434855446659 -0.24501816370314558 0.33682306102934656 -0.010467861408404666 -0.07700829889802628 -0.3532578523866478 0.24420076332472032 -0.043861843313562125 -0.06883195449084765 -0.0663389815985933 -0.23635066620816697 0.40516669990875925 0.2466044157197816 0.004450034382535961 -0.18737048604374526 -0.04690347753528255 -0.2270381968766761 0.5722264761652673 0.46329755433729836 0.8943230781245439 0.7803429383829315 1.4653208539545861 -0.502683660443817
-9999 -9999 -9999 -9999 -9999 -9999 -9999 -9999 -9999 -9999 -9999 -9999 -9999 -9999 -9999 -9999 -9999 -9999 -9999 -9999 0.05921852494807452 -0.154454014741673 -0.011664067664223593 -0.0945097563572452 -0.07020475215797949 -0.2808976726561567 0.3589760047879268 -0.07742666628433384 -0.12148440023307555 -0.31223310929484244 0.2614585261976915 -0.09933839733875345 -0.1350188998375555 -0.06896170039444316 -0.024780540514741364 0.3828651614453188 0.04126805494969263 -0.2931807541245269 -0.16077081247862626 0.31394681147222103 0.15325194480232704 0.09313128642624688 -0.14786769028113927 -0.11561868238644148 -0.067692447250614 -0.06100901932071436 -0.12623701658550016 -0.5256180642684113 0.4924820952417785 0.4483989312432741 1.6829606760312115
-9999 -9999 -9999 -9999 -9999 -9999 -9999 -9999 -9999 -9999 -9999 -9999 -9999 -9999 -9999 -9999 -9999 -9999 -9999 -9999 -9999 -9999 -0.3878940586647668 -0.4875443225727878 -0.3395892705104087 -0.35672119518026524 0.30580065247525906 -0.10063806024305685 -0.05699093162467899 -0.26728467050036503 0.2642472791206331 0.015015900355029357 0.029663630766458053 0.04841766493015823 0.08833249178415478 0.3745420675227385 0.06729901902459336 -0.37405850066898316 -0.2768393732117067 0.2989598198677766 0.09087649380184004 0.12215533264899243 -0.24979236986197983 0.00738791355508806 -0.09716881729677844 -0.08557495807221124 0.0320728866410346 -0.1079844456737175 0.5069172225496466 -0.027720456482628355 1.0070455817839468
-9999 -9999 -9999 -9999 -9999 -9999 -9999 -9999 -9999 -9999 -9999 -9999 -9999 -9999 -9999 -9999 -9999 -9999 -9999 -9999 -9999 -9999 -0.34670743388126535 0.2616309705808765 0.4951750384011395 1.5648247857886175 -1.7124551543763717 -0.6275511595040357 -0.5906795227347088 -0.8474786317327707 -0.007137245045481621 -0.23095611487534753 0.19769292613797354 0.07767385804425916 -0.05669239322746768 0.1786954020171435 -0.06433692243823455 -0.23471063665789144 0.018130586868012527 0.2625989372936392 0.08318655301631363 -0.0016397624513349285 -0.1020378338151772 -0.20924684418337447 0.007040023931451481 -0.10262144289154596 0.048718630932321455 -0.253395690742031 0.18772793800847856 -0.0522468916720505 0.3841909427414183
-9999 -9999 -9999 -9999 -9999 -9999 -9999 -9999 -9999 -9999 -9999 -9999 -9999 -9999 -9999 -9999 -9999 -9999 -9999 -9999 -9999 -9999 -0.04590723016529544 0.01740220482991636 0.033033801875840735 -0.39143845125523125 0.3151089010959254 0.5961157709696459 0.6354135962624335 0.6672066703753744 -9.439379454712465E-4 3.0245769641912443 -1.8293873422098756 -0.3890833908931552 -0.6535304509307287 -0.09680758428729835 -0.02298804267693448 -0.005375005359378391 0.4282132397298679 -0.041896744328552275 -0.05684215502422839 -0.10974053655703044 -0.04506718061040747 -0.25564050646315484 0.17551799667406306 -0.11921652123631 -0.03273458180343543 -0.31180638801889476 0.13050602248912446 -0.08776005287045426 0.11271505406505426
-9999 -9999 -9999 -9999 -9999 -9999 -9999 -9999 -9999 -9999 -9999 -9999 -9999 -9999 -9999 -9999 -9999 -9999 -9999 -9999 -9999 -9999 -0.10627020641821604 -0.05456874680414315 0.02585148164008695 -0.259626728797299 0.1198475894780484 0.1558429990486188 -0.09862779159624692 -0.08844649268905823 -0.10080571351350606 0.1355483660205219 -0.03474530241682494 0.37401393120258225 0.4023675198935185 0.7470738632016636 1.6453111580571458 -2.0331089902569826 0.2540539516150085 -0.06435080164687733 -0.15903335097280974 -0.3854488628745444 -0.009422194542093962 -0.12883142448105073 0.23570652216994015 -0.07589032595573776 -0.12392738867393414 -0.375018168899893 0.19485650056742454 -0.19757841190632666 -0.0322062681792722
-9999 -9999 -9999 -9999 -9999 -9999 -9999 -9999 -9999 -9999 -9999 -9999 -9999 -9999 -9999 -9999 -9999 -9999 -9999 -9999 -9999 -9999 0.19728375050633168 -0.056752673021698403 -0.0025970899785816093 -0.011334063147597929 -0.2982415808946112 0.27333925808503184 0.00456108071241472 0.003005282261999169 -0.17115354989691742 0.2831435857862986 -0.03269967594831665 -0.047780117102885135 -0.10626937308478789 0.2796818462195438 -0.12959000297007184 -0.1724750864752533 0.633402698747696 -0.1620811382617931 0.038023169107904174 0.010087910142143717 1.8097768425255036 -2.853971246159151 -0.5224301693585504 -0.7037245064530683 -0.7141673319160241 -0.9918230613073877 -0.473082455964282 0.22153821821999256 0.0446365582427723
-9999 -9999 -9999 -9999 -9999 -9999 -9999 -9999 -9999 -9999 -9999 -9999 -9999 -9999 -9999 -9999 -9999 -9999 -9999 -9999 -9999 -9999 -0.10263018287666376 -0.04255356724760351 -0.022865792287242805 0.013841042593175167 -0.14036560244137897 0.3979600126564113 -0.05095392174823701 -0.10433379088013121 -0.19131836848552805 0.19552563010653337 -0.04595041579368591 0.06590579527911702 -0.036424695282881815 0.2585752763261851 0.022234210972108183 -0.06773320179377554 0.023959686107243288 -0.06142544806765318 0.05129550328865432 -0.09971592335429012 -0.1276995533354726 -0.09638893567701018 0.945715415359293 0.5023001862460083 0.652465473478721 0.7488673518395019 1.7359128628511526 -2.3642522737156058 -0.7705425093330739
-9999 -9999 -9999 -9999 -9999 -9999 -9999 -9999 -9999 -9999 -9999 -9999 -9999 -9999 -9999 -9999 -9999 -9999 -9999 -9999 -9999 -9999 -0.1453921793788162 -0.019212123573512815 0.03208167449110151 0.04124938885238808 -0.2797907990930471 0.10138121688836967 0.034195888396425386 -0.003637860679965117 -0.3313393820000333 0.21864550299533897 0.08128816290543436 0.09351563782180512 0.07706545529466222 -0.07268625146423535 0.08600016301598941 -0.02171550125848774 -0.028888510720645307 -0.13355299868798778 0.10574098582339024 -0.04563276193931977 0.01519402305882074 -0.3644076600927956 0.23658681517427343 -0.019377483233638856 0.02662736464355189 0.09880706485770602 -0.6425096596488522 0.5747368418460621 0.8740209310835865
-9999 -9999 -9999 -9999 -9999 -9999 -9999 -9999 -9999 -9999 -9999 -9999 -9999 -9999 -9999 -9999 -9999 -9999 -9999 -9999 -9999 -9999 -0.5285197665061917 -0.06456916648270757 -7.345510009456104E-4 0.055401006929425275 -0.2780512391695938 0.2503767880980208 0.030403926326606174 0.03403526763506764 -0.12226226650763948 0.1612805199287407 0.03873149724973337 0.050582090821295896 0.056838515116525136 -0.20783578560331578 0.043908554364348915 0.041621144120642134 -0.035966869681475604 -0.15057063510772978 0.22084231889781486 -0.03257133233374083 -0.06810844004797124 -0.2510127016294379 0.23918049378301864 -0.05547285611179615 0.00807430226399524 -0.028072969683332567 -0.3422085178035377 0.17414041865428087 0.13467903451301313
-9999 -9999 -9999 -9999 -9999 -9999 -9999 -9999 -9999 -9999 -9999 -9999 -9999 -9999 -9999 -9999 -9999 -9999 -9999 -9999 -9999 -9999 -0.22800369837318246 0.42683588122575716 1.6862270683905318 -1.9238574220800906 -0.945840107560534 0.07001334211199255 -0.2131256315856311 0.13978332142993885 0.12428292436637106 -0.08828252335698604 0.05799174092306641 -0.04742500338851842 -0.07134729734638759 -0.23040571535333323 0.18979537970921848 -0.004490761125162635 0.04550973671598349 -0.037558847369917006 0.17848278512131158 0.003501337501714317 -0.17394330432994104 0.03505662578102363 -0.25429890627509427 0.1531965067339545 -0.014110169464500413 -0.09666525790200506 -0.37845918257228184 0.20485888459914203 -0.09043373914154701
-9999 -9999 -9999 -9999 -9999 -9999 -9999 -9999 -9999 -9999 -9999 -9999 -9999 -9999 -9999 -9999 -9999 -9999 -9999 -9999 -9999 -9999 -0.3139040963340348 0.11812328434956111 -0.15077877115755706 -0.059614450180465045 0.4762477928134836 0.8594760668833745 -0.07647240983018598 1.7601635875309967 -1.6577446578755315 -0.010047869380917953 0.045538078652191255 -0.04122782718969129 -0.32041746206404914 -0.466221646601819 0.35858182051807536 0.028908708138620693 0.02213035009629382 0.050982551418481896 0.10917967760985883 -0.028758039662981485 -0.038370576302310846 -0.12528692728337826 -0.33629685296132156 0.2689450460700214 -0.06869632615225399 -0.1278223606533408 -0.34439779175237856 -0.004008067984135903 -0.08585426193842872
-9999 -9999 -9999 -9999 -9999 -9999 -9999 -9999 -9999 -9999 -9999 -9999 -9999 -9999 -9999 -9999 -9999 -9999 -9999 -9999 -9999 -9999 -0.3542607746108012 0.11740512304092508 -0.008943718666225692 0.016351535992810563 0.04731910747592404 -0.04448919881970317 -0.033280928731448896 -0.12894498035093727 0.0372708863866101 0.24053016749767342 0.14114976381819047 0.019588097675624576 -0.026148193103972393 1.4531943613505847 -1.5335963053075756 0.021108439555642976 0.1024376396214386 -0.1572813560137588 -0.5761818698997843 0.2153309079832065 0.026685836778352064 -0.13802603763397844 -0.35916452502285184 0.2778563660728044 -0.05449649235573125 -0.07257452414496068 -0.46498123923223095 0.14907996499269735 0.08534982388029899
-9999 -9999 -9999 -9999 -9999 -9999 -9999 -9999 -9999 -9999 -9999 -9999 -9999 -9999 -9999 -9999 -9999 -9999 -9999 -9999 -9999 -9999 -0.32108303033048285 0.17345109678641601 0.06314980890215308 -0.06437621172574591 -0.024430018144094512 -0.10522540145736993 0.0259787469199273 -0.0312865161406254 0.049131911749376166 0.21639196110065131 0.00941465498137184 -0.027395210854247867 -0.004599194684594271 -0.5139914093127061 0.5162788182719432 0.44750395694580736 0.18205241722116228 -0.07834439944746445 0.01305254862225187 2.183362199753821 -1.9591438366696898 -0.3520239111436405 -1.0943167923692088 -0.5908600989599011 0.23652193244708786 -0.19570840862678782 -0.1840012531048225 0.5364287366917813 0.07657938473523371
-9999 -9999 -9999 -9999 -9999 -9999 -9999 -9999 -9999 -9999 -9999 -9999 -9999 -9999 -9999 -9999 -9999 -9999 -9999 -9999 -9999 -9999 -0.30322775085416076 -0.08509054476642794 0.08212882407759589 -0.110520969969371 -0.021406655492518686 -0.1239283029278306 0.055011575975725084 -9.583511072134285E-4 0.04766553419989509 -0.0016884589796520703 0.07139149703458209 0.11608785753211397 0.14212842705116716 -0.6445051911105925 0.29733954982258226 0.07275842639491588 0.02448093915701371 -0.016933283111322403 -0.3956093193686993 -0.006336491074659211 -0.023230980274252397 0.5384406933252015 0.3398251134588754 1.0005637435450045 2.2894343530550514 -2.637307659843845 -0.46810126811707237 -0.9603801834631241 -0.7161508225305077
-9999 -9999 -9999 -9999 -9999 -9999 -9999 -9999 -9999 -9999 -9999 -9999 -9999 -9999 -9999 -9999 -9999 -9999 -9999 -9999 -9999 -9999 -9999 -0.13548610317528775 0.05103530578262596 -0.22824386117387585 -0.052422500678467196 -0.14721318561106472 0.03612544830008286 0.04959662789131572 0.0580939589094641 -0.21643097884486642 -0.08238222922049991 0.1405413505138472 0.3965512237249025 -0.6759516885331095 0.1541641429822087 0.28750046946587615 -0.08588959926775552 -0.03492093166247316 -0.29787534615776784 0.14323629940557742 -0.010640229692196761 -0.0018442047484174204 -0.32617236287840207 0.281513764374611 -0.031934128199802174 0.0341452366364067 0.7248221754253962 0.6842469233944252 1.0578255011562958
-9999 -9999 -9999 -9999 -9999 -9999 -9999 -9999 -9999 -9999 -9999 -9999 -9999 -9999 -9999 -9999 -9999 -9999 -9999 -9999 -9999 -9999 -9999 -9999 -9999 -0.3428676745806351 -0.03187217048199827 -0.2011452115348216 0.19263957184788078 -0.008676568554978904 0.024100281749832093 -0.06257813177056767 -0.026233238640287263 -0.010608441925037463 0.10640632051861755 -0.26033609529898666 0.8655857728988318 -0.1742159172710763 -0.09960798720488634 -0.15120451289265227 0.165378341780753 -0.2116104703827945 -0.061673672023199 -0.09127565969350877 -0.1428895594738002 0.3171127497223694 0.05262064424687242 -0.010063387617756013 0.0078101188008361175 -0.2556298538001254 0.2904792788254512
