output/RioRessiOut/RioRessi_top_index.asc
NCOLS 197
NROWS 299
XLLCORNER 676026.5927825759
YLLCORNER 5072481.374398034
CELLSIZE 0.9572864394182301
NODATA_VALUE -9999
[rows 161 to 183 of 299, columns 106 to 158 of 197]
1.452370141817696 0.1247686532856612 0.5932921995807213 0.9105192931459233 0.8750351909947635 0.41046227869420376 1.3988056564148261 2.7220234181706044 1.561714043698286 -0.3591723662602357 3.8707983664198653 1.3347808485794568 0.29890073934941647 1.4085770487018736 1.5150903189611176 0.7713633163824829 4.692134827043687 9.892702758283786 6.4828145860907656 3.513499231414048 4.059290113553931 3.5776183814614018 0.8084582340087986 -0.4780331853469498 2.4028918129045556 2.532246150676285 2.6014152769917076 2.749956264732866 1.8156881869158212 2.8476503549028886 2.603493977770387 2.0478239409468255 1.0926737023527908 1.5658005487630908 1.0988789000264567 0.68826127264715 -0.5161555673358009 0.449652945217563 0.6945624105118082 2.564371614995445 1.9796137608529345 0.5488439848138855 2.506562574579174 2.455619481560988 0.7290759374043277 2.945024518928065 3.0691820952124207 3.5422448569124056 3.5093772866596757 2.369842208737251 3.0414815548446343 2.884921613913792 2.929389681718606
1.2186928550228966 0.49283966923508743 0.849356481238746 0.6404924410768201 0.5355083863485072 1.8611906701127554 2.562858167181802 1.3700072658076403 3.6181929979104877 3.280582022529969 0.8641707803603509 0.3434577982283049 1.052630749286043 0.3690884189945824 3.1394186569562885 3.931267715990052 3.214443915445425 9.690045146685737 3.7094760426777724 5.801332021520856 6.05596338327944 0.17102359980040563 3.747232553624786 3.635297047383604 2.313752742086207 2.992852579222973 2.9877422486132192 2.979051470315491 2.350144265998704 3.333158170684589 3.142490478503074 2.6539597445171412 1.7858208829127362 2.3767307649794196 2.3062855268520184 1.9748360948487045 2.0532748959700275 0.5608501292982021 1.098910788289984 0.7394844430320605 0.7199578987957939 1.0213483968571442 1.3162552533658216 1.3744081530866237 2.387159151148341 1.4059657197554976 1.7327944845371583 2.6757029211976033 2.153143699878906 2.8769719494314714 2.285543807959891 1.8246085726655292 2.5445204221229303
0.29323473926020627 0.3647937741844688 0.3241406141224288 0.07894768258880616 2.399186179743681 0.045578871060373595 0.9092873751179826 3.435359621702991 0.5939452075216469 -0.4168759886021053 0.5033979889982138 1.686563529318059 3.5297294514879547 3.5045174267466037 1.7785962575563112 3.50932705307349 9.962909274108727 3.573178736170816 3.548940565760499 2.8085642135157647 0.3241406141224288 6.202329926125812 6.122059828187665 3.8509676618355058 3.0990236950810695 3.7199359458793957 3.7096121781323284 3.7299326297811937 3.202951672252009 4.017700422641627 2.6613276495872467 2.4366955156204355 1.2944640510860526 1.860162904592406 1.4900100507907958 1.1275382344615008 0.9546626073019177 -0.5377621593699077 1.7714883049009305 1.8380967317001702 1.3426417385434022 0.14023265619364889 0.8442569775084149 0.8120593762951321 0.6553151874763168 0.21124620550103645 1.1515319457119826 1.1376536517301832 1.6799001263957143 2.088261871083961 1.0469958561059654 1.800125067143284 1.0871271233512667
3.637444691095393 2.4573744772071997 2.8321017601539342 3.1439383436020307 0.0599556409923228 -0.5273182979474029 3.5275506188150443 -0.033568707381533586 -0.0234922652869388 0.6615913558887306 2.228146015458754 3.0713249837879664 1.4773328628593512 1.957299043206743 0.6747748065769554 2.552000112802362 9.984621846336237 2.5171853252779988 3.412978516745762 0.13430833826289168 3.143387112346567 2.6730016036972715 1.8998556281911259 6.014006408160875 5.388614750988565 5.2773463033936485 5.259439774931184 5.32928069360971 4.805182450202616 0.4010869110649411 3.481238589607489 3.344396294775224 -0.22262180537098597 2.5435037119125243 2.3804762308523864 2.15904957605705 2.3057714144557275 1.2787290235332065 0.26010854936339717 1.1356434483501905 0.6007741507112664 5.067486341350853 6.087078580137965 6.099361822658694 6.088020027864321 -0.01730764460548043 0.48204938580811313 0.6080890170221608 0.5959067937656716 1.1908695997489283 -0.059517321043294616 1.0718677547511868 1.4289440985773973
1.7581978734375308 0.16755257930752676 0.9330910567046498 1.8943300477616793 1.9295742761286325 3.315762853799266 0.16398674220175602 1.1416159924828115 2.6155650643283197 3.0230679667111837 -0.6072712700657706 0.7468990316719375 0.29000426042221555 0.37661586412725745 0.01998034277898859 0.6122335838773849 9.583617081468127 1.7165069325986064 1.7421432191679036 2.1218780153857266 1.0529475316363375 1.2565624174709749 1.774381817757129 1.58305557209714 0.8651790184465329 5.1437759278220705 5.048486367477112 1.345249301950483 0.28349433346074765 5.458175535871221 5.498091095077371 0.45890648195376743 3.4506536730760047 1.8560035346617425 2.239144888315088 2.0976400822021204 1.9310242840721232 0.8763988340761124 1.4773328628593512 5.317848309372751 5.374361317561254 -0.09811167702077649 0.7367697265293612 0.8597939385720202 0.7989437726294271 5.633868515516275 4.995288199889597 5.717158798987792 5.564096774068604 5.483825244803673 0.6336298595166507 0.13905963553128536 0.4653968144898423
1.564098074683485 0.19769473840563329 1.6872031943683068 3.300322928681086 3.3157093057720997 0.07180149627431662 1.6798520947300724 2.2718978545348323 1.7307140252367046 2.1442855476232507 2.7249332401094333 3.451540390437316 4.006350241948914 4.377521485745253 4.081508612753235 11.677255711606257 1.0816600785990487 0.7008392517186784 0.5505510718653169 0.3636905585237269 -0.18446309163940564 0.704882698327211 0.8154162788930857 1.6085155353954983 0.43360380725589803 0.8459364152916291 1.737583218882036 4.9385491027204615 -0.3929210555125421 0.3573544669830764 0.5642603669000601 5.74289996960403 5.637642665224473 4.786274051973782 5.231780089416814 5.315357928176857 5.275626447910019 4.744643072846186 5.410215801998728 0.3376321039567749 1.5453714887037304 0.5264087665432856 0.08619444592874508 1.5390835958515743 0.8954175750936423 3.0326972716031784 2.0554422829862933 2.463471677705092 1.326777040076596 0.6006578919190642 4.686987748755752 5.197498579665603 5.323006391790984
0.7956612443577686 1.1029398601804172 3.0056392593703958 0.17541968257839524 2.012975735448568 2.159218958069326 0.8807735292605225 1.6100594325202773 2.7481551805184314 2.8872131196763036 1.403281619265316 2.1410260816094326 2.3278328128345978 0.18334916825627082 5.357445601411222 1.9600372557681065 10.820158903716168 13.079760097205273 7.452497834712153 6.743969827316824 5.778475986571547 -0.3613514523514176 0.12395178490920242 0.1868755519458574 -0.17515999823497108 0.08055897172431024 0.0035581143942067074 1.425312284942332 4.954033792721935 4.713528912202131 5.556198369193205 1.9177165734492856 1.2186928550224652 -0.3642790626752267 2.5846835757110544 2.621916804291554 2.631874081644427 1.7817654898700734 2.2980799440654165 2.1139616315167222 0.40576360773003867 3.410539918862217 2.6878016539609924 3.367699813417295 3.3038663109518875 1.8491094672289563 0.6199073125784618 0.661653135767044 1.903499345393945 1.3960445755310784 -0.22343800701809347 1.4980817691915813 1.1052447825948797
1.0903412683440954 3.432730135725709 0.8885724954729276 1.961927545502854 0.8170479333444142 1.1824016484005806 1.1716964962821588 2.776916293752089 0.573417575452371 1.5237243391555428 0.785330501367791 2.030300238263048 5.2983719930575415 5.3770420813322914 1.96261190575968 1.7579292213716422 2.736998023707707 9.774663600401592 2.604520018779345 2.1363791060765265 1.8262055422603545 5.796363130905471 6.3706105995231885 6.315464369310112 5.532046457762391 5.750539998169486 5.807003694945862 -0.04663888191854411 1.665491808619076 0.717750919231655 0.7980659417463989 5.42980130701859 5.14077598035831 4.454704356971291 1.8094278931663728 1.5106136211482164 1.1788418914896597 -0.0722320125530553 3.3188433841854206 3.609495899511344 3.5647978660534823 1.1907256965175603 -0.15249826904214384 2.8014490404695724 2.727820650579427 2.5577713846843704 1.61392259101661 1.8669241999890938 1.8206197874578458 1.3877095910717536 -0.21678700531845824 2.330925182400428 2.5998361694664873
3.982266402268175 1.25875595139225 0.513645013105685 0.06943073773110559 1.1581253265822626 1.4853529720943481 1.9950294265362984 0.11066962675590189 1.633196887422053 1.0108249335094894 0.618550727745065 4.786099877381281 1.2992092676858873 1.2964855948235083 1.5857486952726079 1.8223747668222887 0.9863819198201516 9.325565691392264 2.465770065972026 2.213497790269282 1.5582099102453562 2.108199138572625 2.20098308152156 2.8114479948853472 3.296846015189692 2.6411112515477013 2.37919370721947 5.952423888630295 6.2646728859924306 5.569781183151272 5.9338643787966605 1.8099147243916056 1.1243929596059206 -0.3957148936969766 5.1812329543530575 5.231768383392542 5.260579501470571 5.317366717301818 4.250079112554108 4.466217247923607 4.191485075360955 4.2657238347761846 3.6142748139559657 4.178507152100332 4.047622010707138 4.171203619061831 3.529543800273515 3.7683827410514152 3.384704707480743 3.3921958507557624 3.2589646421937206 0.8120422103201992 1.105148513040052
1.4146808316398913 0.920957958074132 -0.14618321002768536 0.8382331443166663 2.053261522389424 2.2658824055075684 0.3971904936857962 1.4732753957524831 0.632144151685349 0.42790915851480804 4.927300191274994 0.5804282003341701 1.1140953543522025 1.0809068162730713 1.677275178232872 -0.0463474652323536 4.107954009353601 9.175224712110523 1.7358934670782535 1.1585679296604325 1.7541259429887106 1.8261565461555347 1.89825792125516 1.94970959803092 2.7249078374494697 1.4818626489173556 2.693227917290974 2.765376463264009 3.8554960759209864 3.250043263974083 4.996659976159012 5.600041878791617 5.514952358145728 -0.19289100569009518 5.454580718005374 1.9736718453710604 1.7244628019090449 1.3855410845774923 -0.23262518936952334 4.18564559040974 3.8829553423284087 3.9999969687491177 3.324681343743336 3.969686547321731 3.8161122943343884 3.9256983838577444 0.061748584013369176 3.5682848379217176 3.0445658597046577 3.06152738261882 3.0032958512974033 2.0738861316753856 2.570226908244958
2.0766516045556336 2.42936212636146 1.728332942194354 2.012180564264153 0.15705296010136932 0.11228244903988557 -0.31225147450891444 -0.3182053415401054 -0.01624273859552714 5.005605696300757 0.3370035365701941 0.026810718235848567 0.46249301420963046 0.6878315627094765 0.7414429631019892 0.6397655881042719 4.1300563935557335 9.153442473483238 1.4911392161976533 1.429163682310262 0.7321651043823868 1.9540484587453666 1.5529411191319655 1.8363432003561415 1.782228344443563 1.2757743006002527 1.8252610404148262 2.4981334105846353 2.452777639010092 1.8026047976083202 3.655328185196423 4.862675929577436 1.574692811217141 5.580265354822308 0.5678943199000057 5.705880111480129 5.731190909975719 5.72858227253842 4.735366553475147 5.661552110219318 2.528409679523098 2.2082374995210627 1.3436798748767524 1.7360943258146366 1.0515475253206845 0.5743843677939436 3.8235281599771187 -0.0028535159778966092 3.668348297143453 3.6839301004630873 3.6817886648834577 2.8587541571631543 2.986526620348472
1.4453887168300124 0.9510751768738155 0.5080144932414129 2.038478078528588 2.800793001608544 3.030761619604907 3.3071979574029258 2.9562488933534183 6.0602916635710615 -0.059644794370374454 -0.2544252265620866 -0.6652012437884757 -0.22296403214629185 -0.015532763414834606 0.02607004604200261 3.455940843826585 2.082177184985512 9.10973224809049 0.8676538908131711 1.2471035976056517 1.2714027206775722 -0.17950216745426026 1.7342065657197616 1.2334937049165486 1.502721579538596 1.0358505425677544 1.5678579595486195 1.6892153288235905 2.4592820474746775 6.215200861769004E-4 2.0033510036025737 3.6214358372771343 4.9663585910901915 1.1680671894514931 0.029976572983079004 0.7491851824104563 2.969720919404398 2.215925364991965 1.1594965464207911 0.39482205906058454 5.298001614117915 1.3428348911705337 0.021406867575209924 4.052984360809054 3.8886553041672776 3.9416801977804177 3.977678839804377 1.6065843964562037 2.0101202205399202 1.786810115577206 1.3053807644368987 -0.19378435554850487 1.9338902958497795
2.968324162756549 1.0472843485835461 0.9854704985091199 1.7945758444814168 0.15194916327620964 1.2192015271035532 1.6892153288235905 4.697468753585235 1.9978617355085415 2.5736699707521686 2.7329317016684076 2.257245255242999 3.082326968400835 3.7054677097603026 4.46158086168626 -0.14176328855251466 1.7165365013385367 9.31806812256437 0.3160067019649905 0.18959664206021798 0.8263274339371119 0.39501671484452505 0.7907087549136432 0.7681508531671241 0.7422002878885052 0.9001514999364165 1.6233958901300518 1.6335047218095848 1.578328121313439 2.368714439972077 1.486550450489124 1.8864671249542433 3.73681529691629 4.972328018096558 4.622653956544514 5.053188538229719 1.8402360559550544 1.2788053681528566 -0.21339333690302179 1.1194981872291923 0.6218052965408727 5.553704136220747 5.554258015613754 4.718618218092392 1.5758454900274421 1.1619898691728425 0.5837132181564813 3.263023807866545 3.7286680873769753 3.667444482031028 3.599932942962055 2.6965874023476597 3.3910888299770847
2.04980267025971 1.4217388485139553 1.2318182956604415 -0.4268584750653152 0.9349840731884962 1.6113346622061928 5.192252953884641 1.361922933128801 1.8615561671426344 1.0128918186237903 1.4442414891707265 0.8851983493504841 1.6461692469202978 1.5953710667017618 1.3560779557535934 1.5385584684961262 5.346396146887839 -9999 7.220781960007902 6.881014655328631 -0.2091608540697562 -0.23004542552976934 0.28214225443446483 0.2058035618313762 0.1994543341527173 -1.4509175267962509E-4 1.2167123840642782 1.2167123840642782 1.1775355777407113 1.130716235588243 0.7947928327091339 1.6246157743923386 1.7120988691370147 3.682948425294213 3.203359415504557 1.396480126993045 5.021881361235064 1.2693449909907206 -0.01007513611229692 4.838877687472091 4.837939791804564 4.838608091190887 4.81830729226307 -0.004949353650849029 5.0813829993789765 5.097986387479816 5.166476282716672 4.660721217909047 5.225852784308825 5.114818851624734 1.252806390476603 -0.2317658873731088 4.573427460411026
1.4275247003986373 0.2751902833822765 1.3915732566297419 0.23342506831471335 1.2882089307283278 5.276332385434559 1.7258904566052986 1.7953175836222617 0.8021563042548617 1.4131050793557391 1.3252913322452944 -0.03676787441000361 1.1698084653757537 0.6397655881042719 0.8442045404983611 4.546155616218043 2.6720720988224222 9.455613492617164 2.9075438472942445 1.2574075474600053 6.2986200579055085 6.032867518034518 6.9013805516946 6.902379517907908 6.962809689873453 0.9793966286171134 0.09211340784945035 0.4050045233951212 0.3961215578516015 0.40277637352490814 0.07899647140641894 0.4364523603282225 1.176438484926338 1.2918394914470432 0.9219209399935091 3.5301800874361278 0.6945359006295979 5.222576704277593 4.320801986382811 1.5705104092050595 1.584306999597824 1.1687376710775943 0.6881978269090963 4.249100114074599 4.648337743645532 4.800353282176382 4.800718555106607 4.199999119941462 4.885979256455424 0.6860430634161511 5.037744561827137 4.945742904478373 1.4347441780271832
1.7223191783662248 1.593927343867842 0.45603458780708367 4.565728816295094 5.020232832621044 1.176779673728907 1.7664908725354698 -0.06519342251134469 1.320889767664883 1.2908828020657617 0.18156359842872885 -0.5578529250033412 -0.6016806177658576 -0.19786911650083883 4.194028869705727 2.2382896448187197 5.104480286141526 9.103370188529883 1.8958535923068935 2.044267307956967 0.7453303293323241 1.73539659444279 0.2579279963138702 2.4932116324584768 3.2108152394876854 6.529122493154527 6.3125748123911105 6.885225147845918 6.822880889442841 5.122517772757931 4.4462272635999325 2.4285421972152763 0.32882382600119897 0.7842186035681944 0.3241406141224288 1.0285731809140406 4.288020679287667 3.893846268734247 3.485372581960377 2.108748212299115 2.549621083449336 2.6427897614253655 2.6985703675294115 1.8590165849712599 2.16175967975942 2.0746190835307114 1.7744518246225747 0.606428988410986 0.8262165870606745 4.66686704452579 4.640391464687502 4.696582281668496 3.9187219765996653
0.8003344809303967 0.8902793777249939 5.633673311908933 0.46016888694553876 0.8154162788930857 0.7907087549136432 0.7825903003440919 0.41775958144160946 0.7452828312916095 0.12834641861135926 0.8178756502176289 4.475654545825363 3.900774903346851 4.254998599742537 1.8745268421574013 4.939236521737688 2.4096710094743106 9.204523883470213 2.0833228852657455 1.7342065657197616 1.9523000676141369 -0.17083689707655708 1.8868389136338428 2.2522319736892986 3.0410752399187673 1.7134945137033828 1.4184448640585616 3.9876202318537977 1.4402365252974492 6.0830299192495145 0.8004985538940562 4.75916029300943 1.7740097049494972 1.7522045863997304 0.34642849852707713 4.975346034406925 5.715704432361928 4.972634190739444 4.837998355878558 3.7054677097603026 4.377502817709596 4.731127290209322 4.521493080696916 3.8915662117222443 4.477907423406914 1.7723234983105647 1.3387430981277448 -0.11507580668901574 3.762108754017001 4.089561762219756 4.044223489924531 1.269458440420759 -0.15697694821997038
8.287358770892876 7.353542564222457 0.7633030639562411 -0.09785379593694615 0.03672353937295385 0.08217286130312222 0.18779989206006265 -0.23590258513165335 3.5780392942872177 4.124280869067195 4.3588649772052355 0.30311412033039975 1.1544779061252193 2.0270149434171154 4.7092552127413905 4.9350208014602925 2.2473421832031595 8.939515108214984 1.4733245780960318 1.95840622724013 1.576763318141104 1.7796059887088993 -0.08671819214895927 1.804444255947014 2.1507595767097873 2.948099950293923 1.0765755092277065 1.3190333837042076 3.8901352284167583 1.1081378607845722 6.101161902075763 1.0369308337159318 5.338008793519808 5.283079791370419 5.3034955990730115 1.1292131942106947 1.3426417385434022 2.7165180955752493 1.966318730994546 0.4473711717388204 0.44567718498527015 2.2053986459010666 1.7282850712543991 0.5809168117115555 0.6799839688882016 4.536167109248723 4.409506647330997 4.373126824857595 1.8505767339361954 2.335149159745991 0.5451477395368329 3.833249598226635 3.0517077695953754
0.5874922091986667 3.0926421524302934 1.276746106471031 2.27040285943381 4.5252490588962635 4.73592485318605 4.791363606191465 4.954138500794121 -0.5917980214956583 0.7252941644709983 0.1511488289087945 0.9616926691957521 -0.18074470766721448 4.880018522643543 0.7594416825776453 1.3451686145167536 0.922634444935895 9.28865329901136 0.19402058220636453 1.289081245689323 1.7892730886976294 1.2027064117469484 0.7408911084622597 1.4928429648559256 2.003897089351605 1.0005006116477646 2.6385366622886037 1.2574075474600053 1.485397955825404 4.630931780454546 0.9684976305129421 7.203921189657406 6.998667503271635 6.8028690374390886 7.038399854032856 6.100008124504143 6.834326128674365 7.0648517210651285 3.050789156636249 2.0609509343806462 2.7760492040870046 1.7501841981654012 1.278690853408958 -0.16143565823287195 5.665466562429794 6.021991065715646 5.913584044107272 1.758167046821397 0.5978137654408273 0.2974322868629687 2.0258289193612797 1.5928407177404424 0.40576360773003867
2.4401385781280776 0.5343190857345859 2.169821845541259 3.7474000314780116 -0.10919515040354452 1.9457650573026337 1.1855933233007023 2.1873388172305486 1.4876435201841778 2.9225187418072176 3.095587808075235 3.835588435563711 4.884341143070183 0.11142531333308657 0.023758974987952767 0.2628413571595849 0.3719035123176402 9.409190720138861 0.09349410842847272 0.6615913558891622 0.5780713738713612 0.5655690859304202 0.4490876540775803 1.145773158334755 1.65513475671469 2.3339444382416525 0.5812878377276047 3.587578984474729 1.4838062324491494 1.6462082233979984 5.340850609765155 4.901507295809958 4.474237314056895 4.1440508993186755 4.355682542419379 3.0713954616857606 3.7961681486538783 2.7978243449273297 6.39975948888376 5.591876752571444 6.387319415156302 6.149623657439583 6.057502427984589 5.938354677466811 -0.08572383649717559 1.4636954980496755 0.657460774509541 5.832589408955278 5.06150733228825 5.8534920299845785 2.431294027469444 2.103666341506433 1.098910788289984
2.1617596797598515 0.47608052254903116 1.6246920665914983 4.196461585493669 1.9532003721897109 0.8204728568200973 1.8532960624743544 1.451770236939176 1.685454563792657 1.5270748889127135 2.217526929456261 4.381277569318493 1.6464580448733777 2.967187505439215 3.055734724026659 3.9381308479703803 5.810260303552687 -9999 1.0133274530120862 -0.21842828383225296 0.2752910763445482 0.40716990521293667 0.19676121097724936 0.9044490762010569 1.3161711879628886 2.2978975031563236 2.788804657139527 2.7211539592212377 4.322389171863157 3.980662008434786 3.09162799311994 2.2261505231296104 3.658192215654723 3.1681680702422748 2.3560600966760425 1.6546238411509153 0.9841762474135937 2.7595957072313233 2.209443744567438 2.2689926705873877 2.797918644277233 3.4859641229418385 2.8763736166597544 0.42963968191071567 4.115916002730921 4.656710200934477 4.351759473038743 4.1579841934205835 3.3403275327220547 1.3406905184121403 5.726467753916264 5.578745042964881 4.802451981262906
0.3643486578844571 1.221671387169756 4.176811138036832 2.379986229924262 0.41274019337442774 1.9224190803076306 1.185642505644251 1.352725653738357 0.8967062602275659 1.3114329356026213 4.211003735178757 1.5129341136340093 1.3184939911819435 1.3324085576369518 1.9768974012753715 2.1867427230295964 3.8436469466693377 8.986823972872129 6.15914714787647 6.214920033360243 6.7596418339828865 6.960513477613103 6.42245258428779 7.687803462823627 7.836307782256533 1.1084268883608446 1.4392853219535902 1.6124080176746076 1.8261005535465444 1.9534123264083934 2.951916903804875 1.4524609642141297 1.6327353134466298 1.3876830811895433 1.3273293764289937 1.303474726063205 1.597522003930079 1.433029970308088 1.3945387322195997 1.7747407720076116 0.10718730037001997 2.351929111383675 2.383479204083611 2.794244647030955 2.1505856954176754 1.2019062516722496 3.1614056178492453 1.5489015686192034 0.5281371887084858 3.952617875296848 0.4642486263479134 2.8332321840427275 2.5495886170094173
0.5310512975897866 4.110534313970702 0.5173441076494109 1.7176094449920176 1.8034721791174786 1.1159514714767091 1.2275778976485854 1.0487415749686226 0.6080890170221609 4.247449005782242 1.3100951986864342 1.245823037120189 1.3456013838141994 1.0190962340101148 1.7981629998035673 3.7975760547220716 0.41992637637500774 9.315081590065578 1.6072963775886493 0.4456322012546459 1.9073259934691305 1.6739029667087508 0.2876936143023045 0.8037664485093402 1.4970143492184362 7.51645739756905 7.886327152203485 7.795889081752263 8.583003589279729 8.2333923103663 7.834718826391247 -0.07513425642393465 0.35948356872609755 0.37766766543379493 0.45724459542829193 0.0521831487723788 0.9520676168980619 0.8782851126072618 0.8356418609164841 0.8154162788930857 0.49712929936139333 1.22088138700125 1.3246129061677125 2.0987168927822437 1.0389674942977354 2.479927426464201 0.3906428242969283 2.921208781016564 -0.07608010657721233 0.5386711151004961 3.8868306074736294 3.8106828540365876 1.201831269480485
