output/RioRessiOut/RioRessi_slope.asc
NCOLS 197
NROWS 299
XLLCORNER 676026.5927825759
YLLCORNER 5072481.374398034
CELLSIZE 0.9572864394182301
NODATA_VALUE -9999
[rows 230 to 252 of 299, columns 106 to 158 of 197]
-9999 -9999 -9999 -9999 -9999 -9999 -9999 -9999 -9999 -9999 -9999 -9999 -9999 0.53066207203066 0.5264540104237846 0.4934451922305997 0.45759482049309697 0.5296419358835386 0.5620312585546398 0.5672594563086365 0.7511908444902925 0.6633435296656236 0.6236219784370881 0.718685915646954 0.8538923655411199 0.8231223537084968 0.8367666746762442 0.8284143099716886 0.8273304153153722 0.8963171222644499 0.9046057284598105 0.8754043312484634 0.8178941559545002 1.4160006027938488 1.3133441658172316 1.269792950130182 1.0321227468499727 1.246890240431402 1.17940490309061 1.3622005489529074 1.325603164674931 1.1804250392377313 1.1124495311365963 1.0119571297220686 1.179404903091119 0.999423757091634 1.0603040079146562 1.6954025180071328 0.5108331756712101 0.3332019690536376 0.1984802391243731 0.16717481110957477 0.643450874797036
-9999 -9999 -9999 -9999 -9999 -9999 -9999 -9999 -9999 -9999 -9999 -9999 -9999 0.08983573945590802 0.09085587560302977 0.16987679162402006 0.16324943271512118 0.5442426344892122 0.5974809896671048 0.6226018422899668 0.763002871933364 0.7468671767111799 0.6393065716990781 0.5839641857177477 0.698036720996471 0.721873841106708 0.7521591329743716 0.8388069469704869 0.9035855923126892 0.8952332276081336 0.8795486343461436 0.9349547788366691 0.9621159037537736 1.4736180496344797 1.0318842905229755 1.026744706063013 0.9041160242112788 1.0532992257728186 1.2086063003019571 1.3015662067083853 1.3664086105597828 1.3914657046734498 0.7940657990641893 0.7445634855813936 0.961032009097872 0.9098339262141998 0.9966092572287426 1.7507449039884873 0.6811321537313452 0.4992928855068955 0.41513415532748854 0.5912326557659869 0.45498847692930217
-9999 -9999 -9999 -9999 -9999 -9999 -9999 -9999 -9999 -9999 -9999 -9999 -9999 0.48156801995044746 0.505604977916993 0.49929288550668 0.51497747876867 0.22158822474311535 0.04801015742391678 0.03659738427799234 0.3321818329065158 0.30712473879283814 0.14327718784000418 0.7667598315800451 0.7155617486963951 0.6998771554344051 0.6852126983195365 0.6894845184356069 0.737494675859503 0.8158538836602576 0.8085854136120184 0.8325586130693688 0.8544915402324768 1.6080587589292854 1.1855308154313247 1.158931211647309 0.9892132701616831 1.1093980599944109 1.4175429349342379 1.4865296418833156 1.4864658833741204 1.4081066755733658 1.3402676217897995 0.5813140528662725 0.7955084894389156 0.8200619452674869 0.9380789457876328 1.9513291739162988 0.7625517699734989 0.6478130623263122 0.6182829937186335 0.6825277994681634 0.6435146333059535
-9999 -9999 -9999 -9999 -9999 -9999 -9999 -9999 -9999 -9999 -9999 -9999 -9999 -9999 0.6016890512739802 0.5829440495706264 0.7040852170412805 0.8053974881522643 0.7605114976789272 0.7625517699731699 0.7534450482008024 0.7427228736134996 0.7636356646294862 0.3989038886118178 0.19868551504433557 0.19012787441981385 0.0866478139961526 0.07421490470310642 0.047248109772285836 0.6789643644184186 0.6496992086978763 0.6664676966161827 0.7430757111324572 1.4662242614640075 1.2343117837267572 1.307438152095696 1.3402676217897995 1.4489121214582177 1.3935697354768875 1.4070865394262446 1.526187434602656 1.5972781723551714 1.5554525903231982 1.1815089338940477 1.0112357845347055 0.8782828496888362 0.8043900520583243 1.8625773291167076 0.8816526651499618 0.7280584164989452 0.6020076429287526 0.484563629611191 0.5170815095721076
-9999 -9999 -9999 -9999 -9999 -9999 -9999 -9999 -9999 -9999 -9999 -9999 -9999 -9999 0.7187496741561491 0.8231223537084968 0.7855685917925941 0.6998771554344051 0.6988570192872838 0.7082295201389608 0.7261240992294233 0.7030650808941592 0.8199981867579379 0.7813605301857187 0.7448269044169373 0.743806768269816 0.7197698103032704 0.6695918635667416 0.6497629672070714 0.4328521964920957 0.10233240725814931 0.18910773827269212 0.34576239536507397 0.7068731995416695 1.1301224882269933 1.1848094702439615 1.2723648094970381 1.2535560492844893 1.205482133351398 1.1072940291909732 1.1135423630920913 1.1772371137779771 1.5415597494692457 1.3046903736589444 0.9349547788366691 0.8568228303647827 0.8819346596998622 1.4447040598519658 1.0038419963642333 0.7949410926446141 0.5641352893583209 0.4224828594237505 0.5835231725025721
-9999 -9999 -9999 -9999 -9999 -9999 -9999 -9999 -9999 -9999 -9999 -9999 -9999 -9999 0.693565063024092 0.7803403940385975 0.7719242708248467 0.7761960909409171 0.7260181442043884 0.6852764568287315 0.7312636836893858 0.9234144886723594 0.7333503727618227 0.79806525959483 0.8304545822659312 0.8032934573488266 0.6967529884838461 0.7040852170412805 0.721873841106708 0.734370508908944 0.6716958943701793 0.6350985100922028 0.7135456425247786 0.7552832999249306 0.81897805061117 0.4032088121498668 0.1629667495026976 0.07625517699734989 0.1483660508970177 0.07461414281787505 0.9443272796883461 0.8377868108233655 1.2387300229993565 1.0164381535879827 0.8534076455761603 0.6411406193432031 0.64041927415584 0.6707157720250919 1.7591610272022415 0.7497481541155663 0.5562022235311931 0.4320857672305224 0.7239141134012631
-9999 -9999 -9999 -9999 -9999 -9999 -9999 -9999 -9999 -9999 -9999 -9999 -9999 -9999 0.6414106025025158 0.6319743431416438 0.6414106025025158 0.7291423111549473 0.8095417912499446 0.8472230701842375 0.7959612287913923 0.7792782227232449 0.6862965929758529 0.7176657794998328 0.7793202578914762 0.8189780506108166 0.7719880293340419 0.8273304153153722 0.8283505514624935 0.7458470405640586 0.673799925173617 0.7061892478447181 0.7395987066629406 0.7855685917925941 1.1412131704827018 0.9306705439210844 1.020582456685663 1.1187705608460878 1.1323511233046402 1.0258106544396597 0.593126080309344 0.22876553099204966 0.7353906450563826 0.28417167548259903 0.0 0.05330211368711079 0.577652093307684 0.5392506116281592 1.7831342266596024 0.6654475604693485 0.5411184675388867 0.5074663393099708 0.8973372584119585
-9999 -9999 -9999 -9999 -9999 -9999 -9999 -9999 -9999 -9999 -9999 -9999 -9999 -9999 -9999 -9999 0.6497629672070714 0.788692758743153 0.8022733212017054 0.7740283016282844 0.7490349660238126 0.8280591910186774 0.7761960909409171 0.8127297167096986 0.8032934573488266 0.7984840383367886 0.7061892478447181 0.6413468439933206 0.5620312585546398 0.5539931038948934 0.5661755616523201 0.4575310619839019 0.5504909683903301 0.7357270070361952 1.0437414020402571 0.9349547788366691 0.9714884046054506 0.9234144886723594 0.956887705999777 1.0477435816027676 0.9756964662123259 1.0101898196868648 1.1744401331756165 1.2409956229730583 0.591296414275182 0.45019883342646755 0.40846171234437945 0.46071898744385475 1.7831342266596024 0.6654475604693485 0.5411184675388867 0.804313593496295 1.0457033093089763
-9999 -9999 -9999 -9999 -9999 -9999 -9999 -9999 -9999 -9999 -9999 -9999 -9999 -9999 -9999 -9999 -9999 -9999 0.6831724260252938 0.6351622686013978 0.5912326557659869 0.7105700936269056 0.7144778540400787 0.661239498862186 0.6121454467819736 0.72535766996785 0.5734440317005594 0.49623247706531615 0.45128272808278397 0.46607915918501047 0.4749607218044192 0.4794639891470098 0.5327661028340975 0.6197256840933598 0.8967222360408066 0.8597197379864734 0.9202903217218005 0.8984211530678876 0.8952332276081336 0.8179579144636953 0.8367666746762442 0.8106256859062609 0.7903689049789532 1.1434222901190012 0.7625517699731699 0.6361824047485191 0.3604268524797934 0.4506153217309131 1.6692615292371384 0.7364745397126995 0.6382864355522322 0.5734440317008068 1.0457033093089763
-9999 -9999 -9999 -9999 -9999 -9999 -9999 -9999 -9999 -9999 -9999 -9999 -9999 -9999 -9999 -9999 -9999 -9999 0.11591296971670745 0.16507078030613617 0.13892979153614166 0.20535795802744464 0.6247058730934045 0.5954407173728623 0.5808400187671887 0.738657471859858 0.6163535083888488 0.6183937806830915 0.6100414159785359 0.6205615699957242 0.6821522898781726 0.6957328523367249 0.6309542069945224 0.5066251140641144 0.6337919152469411 0.6716958943701793 0.7605114976789272 0.8345988853636115 0.8064176242993856 0.9130218516735612 0.8534076455761603 0.9418063102510029 0.9565488025177372 1.2867445620332156 1.0404751115545283 0.8409109777739245 0.6309542069945224 0.4579640258271751 1.306794404462946 0.6831724260255887 0.6905046545830262 0.7135214764024604 0.7239141134012631
-9999 -9999 -9999 -9999 -9999 -9999 -9999 -9999 -9999 -9999 -9999 -9999 -9999 -9999 -9999 -9999 -9999 -9999 0.5714037594063167 0.5525949991937678 0.5870883526683067 0.6111253106348522 0.23637580108405976 0.21518496853349153 0.21314469623924806 0.30282972646988926 0.43770216562442055 0.14697408192524028 0.6998771554344051 0.7207899464503917 0.6831724260252938 0.6236219784370881 0.5839641857177477 0.530725830539855 0.49416653741796285 0.7051053531884017 0.7918169256937121 0.788692758743153 0.7166456433527114 0.7076396288032428 0.6769240921241759 0.8369407536380861 0.8871193282340347 1.175927907624553 0.9388758454273401 0.890068788363332 0.7761323324317221 0.5233298434732255 0.9270187339100585 0.6915247907301479 0.7322664781058223 0.7709678931872532 0.7918169256940537
-9999 -9999 -9999 -9999 -9999 -9999 -9999 -9999 -9999 -9999 -9999 -9999 -9999 -9999 -9999 -9999 -9999 -9999 0.6111253106348522 0.6330582377979601 0.6173736445359702 0.6249103526275324 0.569299728602879 0.5233298434732255 0.6131655829290948 0.6299340708474012 0.7172425366100147 0.6414106025025158 0.3479138006800857 0.1786513427646943 0.23820179035292574 0.08562767784903086 0.08714751544830966 0.6779442282712972 0.7051053531884017 0.670675758223058 0.6528871341576303 0.6466388002565124 0.6403267078461994 0.6803186798318638 0.5985648843234213 0.6603464349567468 0.7630479560075742 1.0555083454091183 0.7977176090752153 0.8627739281605287 0.7395987066629406 0.6090212798314145 0.7349605777746219 0.5547144490822566 0.6831724260255887 0.7761960909412522 0.7959612287917358
-9999 -9999 -9999 -9999 -9999 -9999 -9999 -9999 -9999 -9999 -9999 -9999 -9999 -9999 -9999 -9999 -9999 -9999 0.5348701336375352 0.5525949991937678 0.5661755616523201 0.616795219269697 0.7166456433527114 0.5828802910614314 0.5557191661443268 0.5901956154856812 0.7083609739906059 0.6299340708474012 0.6340783739450815 0.6403267078461994 0.6424307386496371 0.6361824047485191 0.658115331911627 0.39223144562870876 0.019927160800906812 0.061590719882474915 0.07000684309622925 0.13892979153614166 0.1078411055107898 0.7054305091669432 0.5996487789797377 0.5714675179155118 0.6345132604343042 1.009748010085769 0.6928520524622984 0.7091274032521793 0.6323041407980046 0.502480810966434 0.22826066772622441 0.6758401974681512 0.5870883526685601 0.7333503727621392 0.8701761334948422
-9999 -9999 -9999 -9999 -9999 -9999 -9999 -9999 -9999 -9999 -9999 -9999 -9999 -9999 -9999 -9999 -9999 -9999 0.648679072550755 0.6319743431416438 0.6247058730934045 0.5954407173728623 0.6670188779398558 0.588172247324623 0.6664676966161827 0.7281221750078261 0.7770240190127351 0.7008972915815264 0.6466388002565124 0.588108488815428 0.5902125196188657 0.5923165504223034 0.5922527919131082 0.648679072550755 0.7448269044169373 0.667551591272499 0.6162897498796538 0.6163535083888488 0.6257260092405258 0.3979806143958679 0.1963762083209345 0.23507762340236543 0.27161124917116264 0.828350551462851 0.32352331653236943 0.796996263887852 0.6758553564850543 0.5254338742766632 0.45963509278733955 0.613098325184461 0.5285580412274503 0.6319743431419165 0.7364745397126995
-9999 -9999 -9999 -9999 -9999 -9999 -9999 -9999 -9999 -9999 -9999 -9999 -9999 -9999 -9999 -9999 -9999 -9999 0.5923165504223034 0.6080011436842933 0.6393065716990781 0.7040852170412805 0.8176898539503322 0.8785284981990223 0.7803403940385975 0.7614678753168534 0.8686799418820644 0.7855685917925941 0.721810082597513 0.7228939772538294 0.746930935220375 0.8847768321001402 0.7793202578914762 0.7479510713674963 0.7615316338260485 0.740618842810062 0.66442742432194 0.6309542069945224 0.6226018422899668 0.7304972544278124 0.6027091874211016 0.5703198647500003 0.5857773762130819 0.9971695533811241 1.1041698622404144 0.563051394702004 0.43036993706698307 0.24547026040116812 0.0 0.40741687375674396 0.9975656348666693 0.7268454444167864 0.7032213895306436
-9999 -9999 -9999 -9999 -9999 -9999 -9999 -9999 -9999 -9999 -9999 -9999 -9999 -9999 -9999 -9999 -9999 -9999 0.569299728602879 0.5316822081777812 0.5671956977994413 0.5640715308488824 0.5709447157979273 0.5483869375868925 0.5964608535199836 0.606981007537172 0.7615601815586377 0.8189780506108166 0.8921090606575746 0.9234144886723594 0.9276225502792348 0.9433071435412247 0.8638640410841537 0.7772162270880385 0.7510752383180552 0.7302262058112637 0.6904408960735331 0.7155617486963951 0.7427228736134996 0.8043900520583243 0.7040852170412805 0.6947127161896035 0.6852764568287315 0.6898765035644254 1.1242615585796678 0.9270187339100585 0.8258049873081676 0.7270382803515096 0.6674878327633039 0.6367223800706039 0.7053854250927329 0.5589070916043221 0.5985648843236796
-9999 -9999 -9999 -9999 -9999 -9999 -9999 -9999 -9999 -9999 -9999 -9999 -9999 -9999 -9999 -9999 -9999 -9999 0.13370159378214275 0.07313101004678957 0.07163859392000209 0.49827274935955873 0.5192783667530422 0.4679874574918952 0.5432224983420909 0.5766319571603133 0.613098325184461 0.8158538836602576 0.883756695953019 0.9704682684583292 0.9746125715560096 0.8670519665439077 0.7479510713674963 0.731246341958385 0.6664676966161827 0.6539072703047516 0.7093134147952771 0.7353906450560653 0.7939209564971498 0.8494741262685207 0.9955253625719961 0.785504833283399 0.7970451234477087 0.7950048511534661 1.1294011430396302 0.931482057256868 0.8960008908534434 0.7667598315800451 0.7009610500907215 0.6382226770427617 0.7896024757173798 0.8191776283992688 0.8228294384102947
-9999 -9999 -9999 -9999 -9999 -9999 -9999 -9999 -9999 -9999 -9999 -9999 -9999 -9999 -9999 -9999 -9999 -9999 0.5536788938500842 0.5265177689329796 0.5108331756709897 0.2806934460326828 0.26638305141716373 0.049094052080233624 0.08875184479959118 0.055408327204331385 0.4971888547032423 0.47009148829533287 0.5411184675386532 0.6006689151268589 0.6957328523367249 0.7940657990641893 0.7647195592858026 0.7656759369237288 0.7751121962846008 0.740618842810062 0.7605114976789272 0.7584074668754895 0.7448269044169373 0.8419311139210458 0.9152067064669871 0.7865887279397153 0.8126659582005036 0.802947361683598 1.1338193823122296 0.8723768359673005 0.8272927617571041 0.6994794113711973 0.6309542069945224 0.6978368831401626 0.8590770340752926 0.8827010889614355 0.8420803380980485
-9999 -9999 -9999 -9999 -9999 -9999 -9999 -9999 -9999 -9999 -9999 -9999 -9999 -9999 -9999 -9999 -9999 -9999 0.5337862389812189 0.5274741465709059 0.5139573426215487 0.5139573426215487 0.5650837861506017 0.6884006237792906 0.5985648843234213 0.5515111045374514 0.2961572834867802 0.05119808288367221 0.03551348962167549 0.04699002127679504 0.13688951924189818 0.2533274129870936 0.7176020209906376 0.7333503727618227 0.8158538836602576 0.947451446638905 0.9944414679156798 0.7803403940385975 0.7531155106122979 0.7385785705158193 0.8893735319445445 0.7417027374663783 0.7427228736134996 0.8065991716946239 1.1604189860962453 0.8243622969334413 0.8036687068709611 0.6566495408715107 0.5369104059317779 0.32054776763449644 0.824206248365169 0.7172425366100147 0.752678618939229
-9999 -9999 -9999 -9999 -9999 -9999 -9999 -9999 -9999 -9999 -9999 -9999 -9999 -9999 -9999 -9999 -9999 -9999 0.5160613734249864 0.5233936019824207 0.5390144367352155 0.5923165504223034 0.6058971128808556 0.5996487789797377 0.5661755616523201 0.5546990299972054 0.524413738129542 0.47213176058957546 0.5097492810146733 0.5369104059317779 0.5619675000454447 0.6685717274196203 0.25409384224866693 0.0867115725053477 0.04182558203199124 0.10654046886502648 0.2684233237114072 0.06577766427267656 0.6716958943701793 0.5745279263568757 0.8073656009561972 0.6602193627150647 0.6190043389059967 0.7888811305300167 1.2416604878230193 0.8716104067057272 0.8790041948761994 0.8169685087629691 0.7605114976789272 0.6414106025025158 0.9403185358020665 0.7327514581383222 0.7393788170472211
-9999 -9999 -9999 -9999 -9999 -9999 -9999 -9999 -9999 -9999 -9999 -9999 -9999 -9999 -9999 -9999 -9999 -9999 0.3875242188877029 0.53066207203066 0.5463466652926499 0.5714037594063167 0.569299728602879 0.5682795924557578 0.5525949991937678 0.5546990299972054 0.5735077902097544 0.5829440495706264 0.4899203846550031 0.45338675888622165 0.4805478838033262 0.6227012329912328 0.6497629672070714 0.73118258344919 0.7677799677271665 0.7709678931869205 0.826310279168251 0.7646558007766076 0.4091830575317426 0.13892979153614166 0.4815680199506553 0.26848708222060236 0.08493839581201003 0.6906429328259988 1.2564931482381738 1.3559522150517895 1.0075388904494693 0.9735924354088883 0.9746125715560096 0.9025654561655679 0.6278859015254054 0.41513415532748854 0.5432224983423253
-9999 -9999 -9999 -9999 -9999 -9999 -9999 -9999 -9999 -9999 -9999 -9999 -9999 -9999 -9999 -9999 -9999 -9999 -9999 0.48679621770444415 0.5557191661443268 0.6183937806830915 0.6183937806830915 0.5995850204705425 0.5693634871120741 0.540098331391532 0.5442426344892122 0.5650916669960037 0.4784438529998885 0.34786642616836244 0.27887971921928467 0.3516106947653218 0.3990645090520125 0.40741687375656815 0.4763398221964508 0.49929288550668 0.5997534392182429 0.6309542069945224 0.6361824047485191 0.6414106025025158 0.7548877385755286 0.616795219269697 0.6309542069945224 0.32352331653236943 0.4209974362153021 0.9662602068518709 0.4512827280829787 0.39383631129818586 0.19426727577173633 1.0979215283392965 0.9526796443929016 0.6079136566502884 0.5074663393099708
-9999 -9999 -9999 -9999 -9999 -9999 -9999 -9999 -9999 -9999 -9999 -9999 -9999 -9999 -9999 -9999 -9999 -9999 -9999 -9999 -9999 0.5557191661443268 0.5735077902097544 0.588108488815428 0.5379305420788991 0.5515111045374514 0.5202056765226666 0.4679874574918952 0.4491786972793463 0.3896282496911405 0.2883159785801567 0.19498862095909947 0.18591981281285647 0.3384939253166855 0.3697993533314703 0.4042927068060092 0.43357354167945883 0.6298703123382061 0.6790281229276136 0.6925449268769708 0.776302673825372 0.6414106025025158 0.6602193627150647 0.6824827153939532 0.8309896558423402 1.325156193260303 1.0710623510116362 1.0383073222418955 1.0550758101602018 0.5820804821278458 0.09295990640646834 0.0 0.24547026040116812
