output/RioRessiOut/RioRessi_c_longitudinale.asc
NCOLS 197
NROWS 299
XLLCORNER 676026.5927825759
YLLCORNER 5072481.374398034
CELLSIZE 0.9572864394182301
NODATA_VALUE -9999
[rows 161 to 183 of 299, columns 51 to 101 of 197]
-9999 -9999 -9999 -9999 -9999 -9999 -9999 -9999 -9999 -9999 -9999 -9999 -9999 -9999 -9999 -9999 -9999 -9999 -9999 -9999 -9999 -9999 -9999 -9999 -9999 -9999 -0.0780040092110958 -0.08348678801538464 -0.07511854708720875 -0.10296129482268829 -0.1152535599114269 0.19942724497064254 0.024188266326725282 0.035973364478085815 -0.21286595026690314 0.1117106329356754 0.2636514361527287 0.4752446798521862 0.7344213687928055 0.6351203944635088 0.6398626350348776 0.5236910516345239 -0.4151165714371748 0.01622016508575064 -0.3133189350048961 -0.7256101823333673 -0.7271441679708561 0.011455129901980212 0.02724591711382665 -0.03580704012021774 -0.10191423523997535
-9999 -9999 -9999 -9999 -9999 -9999 -9999 -9999 -9999 -9999 -9999 -9999 -9999 -9999 -9999 -9999 -9999 -9999 -9999 -9999 -9999 -9999 -9999 -9999 -9999 -9999 0.05018196461814294 -0.09141964119373484 -0.10810305313493548 -0.06331551180139752 -0.19366718020820406 0.24124023183505902 -0.022452767289659087 0.023491850543584703 -0.1312614164561975 0.04714086669434592 -0.16155875425948873 -0.06131646196962718 0.08246906446928826 0.06420579025775426 0.0653854902942411 -0.009107012606123404 0.49091889356969415 0.49514836474624335 0.2627953400925747 0.6976612414199979 0.7220755777741363 0.2800750192868955 -0.29782705455976977 -0.4020512478825858 -0.32270045529826447
-9999 -9999 -9999 -9999 -9999 -9999 -9999 -9999 -9999 -9999 -9999 -9999 -9999 -9999 -9999 -9999 -9999 -9999 -9999 -9999 -9999 -9999 -9999 -9999 -9999 -9999 -0.07272323291885224 0.028215226519337857 -0.02783768266272164 -0.01820753212096652 -0.268274710362939 0.23616569107795593 -0.061200688146275065 -0.015798535424856396 -0.08958249434848604 0.14977415744433373 -0.005932625285180307 -0.0103873271895217 -0.006001901043128881 0.08917672446727376 0.049642179724010506 0.032878252172936794 0.023804421263402514 0.1179306364786937 -0.045355314792224086 -0.058484376121891835 -0.03927545871464047 -0.07605351373439287 0.08515555562159334 0.4194815077536832 0.4535767316415814
-9999 -9999 -9999 -9999 -9999 -9999 -9999 -9999 -9999 -9999 -9999 -9999 -9999 -9999 -9999 -9999 -9999 -9999 -9999 -9999 -9999 -9999 -9999 -9999 -9999 -9999 -0.07106608949579381 0.0544728366137389 0.007162789740767642 0.01283504291301207 -0.2457935668623894 0.16844126099305548 -0.002659038687340278 0.013117607633670873 -0.1309394464143202 0.11505909173865737 0.12158718428415718 0.07529867406416206 0.02088612586637656 -0.016228921131056312 0.04089718975111519 0.029497981958880343 0.0328620511967632 0.044658535779615725 -0.14752418893548447 -0.15867739057780172 -0.11911162220029382 -0.03989070826214735 -0.11521728217595088 -0.057645468061673054 -0.08950499474347441
-9999 -9999 -9999 -9999 -9999 -9999 -9999 -9999 -9999 -9999 -9999 -9999 -9999 -9999 -9999 -9999 -9999 -9999 -9999 -9999 -9999 -9999 -9999 -9999 -9999 -9999 -0.35520611483931697 0.14023122237644065 0.0010728389896042616 -0.014274304433736762 -0.2024100645833101 0.14999659073844782 -0.01197662931659012 0.02000644715248273 0.04870596567819569 0.017064330979772068 0.020965318650476208 -0.016621472850712204 -0.0056440330756864655 0.010459656806929517 0.023373319971762795 0.026499341757411164 0.025572580781002986 -0.014922996189649575 -0.10806327293174431 0.05443673231057858 0.039928914449452915 -0.018363197512444557 0.10606845651118058 -0.04465484465777921 -0.004001511662929247
-9999 -9999 -9999 -9999 -9999 -9999 -9999 -9999 -9999 -9999 -9999 -9999 -9999 -9999 -9999 -9999 -9999 -9999 -9999 -9999 -9999 -9999 -9999 -9999 -9999 -9999 -0.2751346187870069 0.14320873341613213 0.012466886584023913 0.23172225871378596 -0.43748587033027203 0.1561122756990254 0.16667866442431115 -0.17458134257796895 -0.8195723517797676 0.03507629368121241 0.053668760308625885 0.048023801615873746 0.00371371417280583 -0.022012382025926782 -0.009842365100085189 0.02532578037325239 0.024896195669428432 -0.054352340022749676 -0.22042424515610964 -0.0021730809583015657 0.017432455225396774 -0.013433618265735763 0.027003211421921428 -0.04481461500857534 -0.013654826272836111
-9999 -9999 -9999 -9999 -9999 -9999 -9999 -9999 -9999 -9999 -9999 -9999 -9999 -9999 -9999 -9999 -9999 -9999 -9999 -9999 -9999 -9999 -9999 -9999 -9999 -9999 -0.20377651589387716 0.16703402347257215 -7.963717684931392E-4 0.04792781540900122 0.0014098432187324768 -0.19884049160644662 0.334013474708816 0.329374751411732 0.7294955283807849 -0.500325062698439 -0.7945705757618292 -0.7740484426437063 -0.6657796561322187 -0.18880813963780874 -0.4192069597570431 -0.07944377713043542 -0.06658965621264674 -0.0790012378118557 0.1618677919376854 0.05414741477641201 -0.011489605098823122 -0.005239828107967559 0.01743454908959398 -0.06507594524695019 -0.1471282558062083
-9999 -9999 -9999 -9999 -9999 -9999 -9999 -9999 -9999 -9999 -9999 -9999 -9999 -9999 -9999 -9999 -9999 -9999 -9999 -9999 -9999 -9999 -9999 -9999 -9999 -9999 -0.25761872552740184 0.21710053869532878 0.0964105474232121 -0.07508260763257385 -0.002912701964967463 -0.2014321719273085 0.1495180450856808 -0.03839018469173071 -0.08135127649204073 0.7482299572481894 0.79314771759575 0.7750983536617537 0.6811430371584498 0.3805492388976004 0.18662106283024474 -0.4049410518319716 -0.7818262995288805 -0.7566256451531155 -0.5698937519975822 -0.4918005348062263 -0.20658368731171392 0.03167174323691394 -0.11013271880453097 -0.31713819821790035 -0.2928255796172678
-9999 -9999 -9999 -9999 -9999 -9999 -9999 -9999 -9999 -9999 -9999 -9999 -9999 -9999 -9999 -9999 -9999 -9999 -9999 -9999 -9999 -9999 -9999 -9999 -9999 -9999 -0.2721006939469127 -0.20775228895662096 0.322074242154948 -0.021469679701272892 -0.03764928984345473 -0.13076033712774288 -0.007121948761772619 0.08216228086611659 0.12838616735443464 0.11214103295944983 0.05762758271435266 0.005884554781404757 -0.012649762745989217 0.011813323263911575 0.08468039838580829 0.3070587403617845 0.7502298866199646 0.7663054935007 0.6691682676313413 0.5171084737116423 0.3519289628414888 -0.44250584490302236 -0.5817479331607435 -0.5062503234231264 -0.3142264219906533
-9999 -9999 -9999 -9999 -9999 -9999 -9999 -9999 -9999 -9999 -9999 -9999 -9999 -9999 -9999 -9999 -9999 -9999 -9999 -9999 -9999 -9999 -9999 -9999 -9999 0.0011603980543502513 -0.07041081144873877 -0.24338946689140445 0.2581426638548729 0.014492750351935941 0.018200561660446275 -0.07194347183664304 0.02787608393823628 0.03300998991867628 -0.05789421130145142 -0.1261928447451201 -0.047031215720070754 -0.003915515852681107 0.016775985379889696 -0.002557459015424268 -0.02975786595458975 0.006667866015708861 -0.005462124882796559 -0.015224345336463519 -0.04439666888860817 -0.10391815183339627 -0.15170295877649334 0.11749397522777752 0.06873072355544443 0.12326455849747552 0.17551219626059147
-9999 -9999 -9999 -9999 -9999 -9999 -9999 -9999 -9999 -9999 -9999 -9999 -9999 -9999 -9999 -9999 -9999 -9999 -9999 -9999 -9999 -9999 -9999 -9999 0.10665437388073645 -0.04335261931064594 0.04998497943109992 -0.15758548247931403 0.2181696994210226 0.006954563463543124 0.0650974983965787 0.05404476698757681 -0.022341876897253407 -0.07248696270224311 -0.07078225031709813 -0.023950874122853627 -0.13020238629372352 -0.10328606362778263 -0.10182200202199326 -0.11235561611380859 -0.08400870900714617 -0.12464361730167389 -0.09395790672237635 -0.012058356115371966 -0.07134485002908277 -0.20797250442065038 -0.2605351264438173 -0.3456981458434963 -0.1411354750291291 0.03963214498093278 0.05595505695578602
-9999 -9999 -9999 -9999 -9999 -9999 -9999 -9999 -9999 -9999 -9999 -9999 -9999 -9999 -9999 -9999 -9999 -9999 -9999 -9999 -9999 -9999 -9999 -9999 -0.05013997821316887 -0.3139452677789951 -0.07130360840978515 -0.200302510686213 0.2918375715949755 -0.0961307815659929 -0.060543399440965665 -0.04137170504034134 -0.015989036494631022 0.03712425216035115 0.05343685102616055 0.01987279159446692 -0.003989722405474483 -0.04051921423237035 -0.028786094458499327 -0.0026991213686489803 -0.01853579073152567 -0.07114849326244552 -0.13030976423654636 -0.25380874574668233 -0.20952060469181025 -0.11553802003186416 0.013032090896317244 0.15004955727535615 0.03216151766416759 0.0014841846123571502 0.2415495433664669
-9999 -9999 -9999 -9999 -9999 -9999 -9999 -9999 -9999 -9999 -9999 -9999 -9999 -9999 -9999 -9999 -9999 -9999 -9999 -9999 -9999 -9999 -9999 0.08330454530279853 0.23130226666223397 -0.04539343819294042 0.04848206314458283 -0.1548941100686612 0.8400923506907206 -0.6202993733846998 -0.49074829373232626 -0.6778943926864297 -0.6467527803784268 -0.45355730944583966 0.03741737195963329 8.696853203468203E-4 0.029377689545671316 0.052472369172368485 0.02044957228888897 -0.00321095734708644 -0.001616264932745984 -0.020798350458254122 0.002428509367464535 -0.0019379532572469209 -0.0299607634627273 0.0012867413642051477 0.0729380267650547 0.10759948745870902 0.24977457650538631 0.2473150613631263 0.1716842576013125
-9999 -9999 -9999 -9999 -9999 -9999 -9999 -9999 -9999 -9999 -9999 -9999 -9999 -9999 -9999 -9999 -9999 -9999 -9999 -9999 -9999 -9999 -9999 -0.07123230231121361 -0.043605730508602725 -0.08021520052690743 -0.02658118088470291 -0.08163449130189851 0.1727777217311561 0.595961088309327 0.5405668029216616 0.6333015415727631 0.6760180587551883 0.4307023341114804 -0.4860581730630589 -0.714569694299242 -0.6019855780155796 -0.5803778595607118 -0.6225568354874235 -0.6003026327074183 -0.15091601927882553 -0.10704208764905704 -0.021652083366322815 0.06309431107578808 0.017531111525038504 0.07807363665314372 0.04499823520674984 -0.023382859655509625 -0.05474300925565301 -0.02799860795197808 0.2726305014363227
-9999 -9999 -9999 -9999 -9999 -9999 -9999 -9999 -9999 -9999 -9999 -9999 -9999 -9999 -9999 -9999 -9999 -9999 -9999 -9999 -9999 -9999 -9999 -0.062205519438484534 -0.0803390986985903 -0.12255075291051376 -0.04635638375211719 -0.14937099495304645 0.11947800332540903 0.09781997540134092 0.0932478534659141 0.11658320744300167 0.14349554206777382 -0.09113656282901939 0.48810598986545617 0.6721768119487608 0.6221825840803529 0.5145201642387951 0.5074918833722942 0.3916440853415807 -0.6213129995993225 -0.39008699895760934 -0.500358238522299 -0.500999361206998 -0.43452879940493555 -0.4346314745545199 0.03601778858799315 -0.025170905003670658 -0.050094078398889734 0.003731820225423963 -0.03399481250248136
-9999 -9999 -9999 -9999 -9999 -9999 -9999 -9999 -9999 -9999 -9999 -9999 -9999 -9999 -9999 -9999 -9999 -9999 -9999 -9999 -9999 -9999 -9999 0.03006748140569013 -0.1008939255375096 -0.24529665920604382 -0.07875316709969574 -0.10726251765440004 -0.11012703887552136 0.06784393946027828 0.08463218545168522 0.07936655450671502 0.02689306776911841 -0.05349468669737437 -0.042992110668065804 -0.05045068726760319 -0.05531291749583469 -0.11632092525239454 -0.13540408738118237 -0.1483776245454369 0.4897770632507507 0.3852299325224287 0.5084159782351949 0.5576797823089981 0.570722989303667 0.5743301489652858 -0.630972968624067 -0.46420219912317545 -0.49831411570956946 -0.6248331212079344 -0.7067392798501846
-9999 -9999 -9999 -9999 -9999 -9999 -9999 -9999 -9999 -9999 -9999 -9999 -9999 -9999 -9999 -9999 -9999 -9999 -9999 -9999 -9999 -9999 -9999 0.006712720066513569 0.09798134719593121 -0.02331642720248327 -0.2315276694361803 -0.1914771175864248 -0.150103632579841 -0.016058017695904283 -0.0178778756330106 -0.023175419904350507 -0.039646889658219005 0.026542574465157228 -0.007900295706533271 -0.049982091655876304 -0.08484884259565029 -0.09337038150306087 -0.03560722290885669 0.006776040437527103 0.03335750763901298 0.013689742586921624 0.05351408673570474 0.06972722532054523 0.1082436205922651 0.018531630399336623 0.6220555235136314 0.5625613137608079 0.5869805510865362 0.5786410971646934 0.6321813575257741
-9999 -9999 -9999 -9999 -9999 -9999 -9999 -9999 -9999 -9999 -9999 -9999 -9999 -9999 -9999 -9999 -9999 -9999 -9999 -9999 -9999 -9999 -9999 0.022911462956349583 -0.010298567699375573 0.12675420080571786 0.042090374667535325 -0.09069908618910455 -0.15745070794755026 -0.13065550052143746 -0.11534357127363683 -0.1126237919055999 -0.09860961132483771 -0.16265146952077417 -0.10994803973849716 -0.06906705767957597 -0.04193742762442681 0.027125048118165632 -0.014227351369602858 0.016133563159846567 0.020904489257058997 0.006856990226743324 -0.07874926200296502 -0.10579076924134517 -0.09106366694095652 -0.0722188609183622 0.03857697903545193 0.05247096059965383 0.0786351147382277 0.02900547773168878 -0.02053881553102136
-9999 -9999 -9999 -9999 -9999 -9999 -9999 -9999 -9999 -9999 -9999 -9999 -9999 -9999 -9999 -9999 -9999 -9999 -9999 -9999 -9999 -9999 -9999 -0.4262388766920221 -0.41214883702819555 -0.4572953051978658 -0.4914342894300528 0.02169526465593233 -0.04456763476504026 -0.10274629542715662 -0.09163780969285658 -0.08074344335056773 -0.09216807922830136 -0.031528081321928414 -0.07625289910317365 -0.11871249019545568 -0.11989823989351908 -0.02647628618943443 0.05933221326053378 0.06559712336651398 0.09199507750409806 0.009821052777984769 0.016422606969945772 -0.022598603544058994 -0.08063458702605988 -0.052966170536641266 -0.042999724665302566 -0.0519003624189235 -0.0679125484662009 -0.07448866424243175 -0.07017912220755683
-9999 -9999 -9999 -9999 -9999 -9999 -9999 -9999 -9999 -9999 -9999 -9999 -9999 -9999 -9999 -9999 -9999 -9999 -9999 -9999 -9999 -9999 -9999 0.3732928355331456 0.4292652715661211 0.4095117404282443 0.599728107548342 -0.5782354875223357 -0.3969387669483534 -0.27653429128908763 -0.5466592135967199 -0.42138078529437817 -0.5437667306472608 -0.015477535245616184 0.16645067506699374 0.22588253090897364 0.20842876398438678 0.07574124973737606 0.11710275407670113 0.09458255982882352 0.03722302801660702 0.10388819344282686 0.04624341682915462 0.057780140883401276 0.060918392807005145 0.08057047339620527 0.06402381945069174 -0.024426875906700347 -0.06230483610835771 -0.022119341604913762 0.011831460176863748
-9999 -9999 -9999 -9999 -9999 -9999 -9999 -9999 -9999 -9999 -9999 -9999 -9999 -9999 -9999 -9999 -9999 -9999 -9999 -9999 -9999 -9999 -9999 0.02338624921436041 0.014033040566683318 -0.04681843401248683 -0.0888701360727255 0.5361315805662971 0.22042832565614595 0.450663257986503 0.3875782109566932 0.3546738917186059 0.592627508442694 -0.5194074083486889 -0.6646186424608406 -0.6653322786762496 -0.6379216540161428 -0.5979105501931125 -0.6119282612239899 -0.05107613598122677 -0.013998551690191628 0.019673852020035604 0.022876724590741953 0.002717610532331351 -0.048924296650717826 -0.07728795037190746 -0.12504261047470286 -0.006994562409828685 -0.015510986878358113 -0.030656500835337358 -0.07304530514263968
-9999 -9999 -9999 -9999 -9999 -9999 -9999 -9999 -9999 -9999 -9999 -9999 -9999 -9999 -9999 -9999 -9999 -9999 -9999 -9999 -9999 -9999 -9999 -0.10061026162097957 -0.04947389320203693 0.06662294476453719 0.029422445896817324 -0.06887893905550861 -0.09705878617607594 0.07225665407189094 0.06879940661435008 0.04643049885599572 0.07036956896220299 0.662671293361216 0.5456223937194629 0.574956452779397 0.645423483621099 0.680197088995698 0.4531612632956523 -0.5023748944373374 -0.616062531064466 -0.6570512117540803 -0.6844579987686846 -0.5821526807042102 -0.5711092002632219 -0.06559517994883235 -0.0059818777575132275 -0.06803324941114734 -0.002854853947338762 -0.01714471821082706 -0.05803585394247052
-9999 -9999 -9999 -9999 -9999 -9999 -9999 -9999 -9999 -9999 -9999 -9999 -9999 -9999 -9999 -9999 -9999 -9999 -9999 -9999 -9999 -9999 -9999 0.100911306427165 -0.016319657648912227 -0.07469900174702826 0.022479538280173794 0.006391599400628033 -0.040034538829638325 -0.14693808937519892 0.007356694227456436 -0.0466323801458125 -0.04521232302016472 -0.018980169252905126 0.05965410390416425 0.013256232776918585 -0.050210145172580566 -0.07470366083384172 0.0017830898120396541 0.5807108930913703 0.5688926796232282 0.5386705991986096 0.5816700025715383 0.4639744656657765 0.49881705091907474 -0.4840344766007817 -0.5000000024527606 -0.5049961753967633 -0.5082964302131415 -0.4803770922865541 -0.029297008435797172
