output/RioRessiOut/RioRessiPit.asc
NCOLS 197
NROWS 299
XLLCORNER 676026.5927825759
YLLCORNER 5072481.374398034
CELLSIZE 0.9572864394182301
NODATA_VALUE -9999
[rows 96 to 119 of 299, columns 108 to 161 of 197]
643.301025390625 643.719970703125 644.2030029296875 645.0640258789062 645.4390258789062 645.760986328125 646.10302734375 647.0449829101562 647.5659790039062 648.093994140625 648.6389770507812 649.2139892578125 650.2150268554688 650.7880249023438 651.4019775390625 651.9169921875 652.5989990234375 652.8670043945312 653.1209716796875 653.364013671875 653.77197265625 653.9979858398438 654.1859741210938 654.3939819335938 654.6320190429688 655.1430053710938 655.3660278320312 655.6060180664062 655.9030151367188 656.3469848632812 656.5850219726562 656.8510131835938 657.0709838867188 657.4929809570312 657.7210083007812 657.9349975585938 658.1240234375 658.3380126953125 658.7589721679688 658.9730224609375 659.1749877929688 659.3900146484375 659.8140258789062 659.968994140625 660.1539916992188 660.3079833984375 660.530029296875 660.6060180664062 660.6810302734375 660.72900390625 -9999 -9999 -9999 -9999
643.4080200195312 643.7789916992188 644.1849975585938 645.0800170898438 645.4730224609375 645.8079833984375 646.0910034179688 647.073974609375 647.593994140625 648.1290283203125 648.6619873046875 649.25 650.2949829101562 650.7849731445312 651.260009765625 651.8079833984375 652.68701171875 652.85302734375 653.10302734375 653.344970703125 653.7860107421875 653.969970703125 654.2160034179688 654.4650268554688 654.6950073242188 655.1430053710938 655.3660278320312 655.6060180664062 655.9030151367188 656.3469848632812 656.698974609375 656.9500122070312 657.18701171875 657.6530151367188 657.8889770507812 658.0869750976562 658.2949829101562 658.5059814453125 658.9169921875 659.1259765625 659.3359985351562 659.5390014648438 659.9749755859375 660.1199951171875 660.3079833984375 660.4650268554688 660.6649780273438 660.7570190429688 660.8289794921875 660.885986328125 660.9359741210938 -9999 -9999 -9999
643.4940185546875 643.864990234375 644.2659912109375 645.1270141601562 645.5029907226562 645.8660278320312 646.2219848632812 647.177001953125 647.7039794921875 648.208984375 648.677978515625 649.2360229492188 650.2739868164062 650.7899780273438 651.2470092773438 651.7670288085938 652.6389770507812 652.8709716796875 653.0989990234375 653.2979736328125 653.7369995117188 654.0239868164062 654.2340087890625 654.4429931640625 654.677001953125 655.2020263671875 655.4749755859375 655.7440185546875 655.9979858398438 656.47802734375 656.698974609375 656.9500122070312 657.18701171875 657.405029296875 657.8889770507812 658.0869750976562 658.4459838867188 658.676025390625 659.0659790039062 659.2559814453125 659.4739990234375 659.6719970703125 660.093017578125 660.2769775390625 660.4409790039062 660.5880126953125 660.7160034179688 660.9229736328125 660.989990234375 661.041015625 661.0880126953125 -9999 -9999 -9999
643.4940185546875 643.9509887695312 644.3209838867188 645.1640014648438 645.531005859375 645.9240112304688 646.3619995117188 646.7880249023438 647.7869873046875 648.2620239257812 648.7349853515625 649.3159790039062 650.260986328125 650.7329711914062 651.2620239257812 651.8209838867188 652.6119995117188 652.77197265625 653.0040283203125 653.2260131835938 653.469970703125 654.0009765625 654.2260131835938 654.4730224609375 654.7349853515625 655.2899780273438 655.5490112304688 655.7990112304688 656.0689697265625 656.5969848632812 656.8419799804688 657.0960083007812 657.2999877929688 657.5419921875 658.0070190429688 658.2420043945312 658.4459838867188 658.676025390625 659.0659790039062 659.2559814453125 659.4739990234375 659.6719970703125 660.1920166015625 660.3920288085938 660.5469970703125 660.7030029296875 660.8480224609375 661.0499877929688 661.1240234375 661.1799926757812 661.2230224609375 -9999 -9999 -9999
643.614990234375 643.9509887695312 644.3209838867188 645.1640014648438 645.531005859375 645.9240112304688 646.468994140625 646.9110107421875 647.8900146484375 648.3480224609375 648.8090209960938 649.301025390625 650.2509765625 650.7239990234375 651.1909790039062 651.77197265625 652.5980224609375 652.7789916992188 653.0189819335938 653.2249755859375 653.43798828125 653.9390258789062 654.1699829101562 654.4229736328125 654.7059936523438 655.2960205078125 655.60498046875 655.8930053710938 656.1539916992188 656.6729736328125 656.9420166015625 657.2269897460938 657.4760131835938 657.6630249023438 658.094970703125 658.3469848632812 658.5280151367188 658.7650146484375 659.1619873046875 659.3770141601562 659.593994140625 659.7990112304688 660.1920166015625 660.3920288085938 660.5469970703125 660.7030029296875 660.8480224609375 661.1290283203125 661.208984375 661.2880249023438 661.3599853515625 661.4509887695312 -9999 -9999
643.6610107421875 643.989990234375 644.35498046875 644.77099609375 645.5809936523438 646.0089721679688 646.468994140625 646.9110107421875 647.8900146484375 648.3480224609375 648.8090209960938 649.301025390625 650.1959838867188 650.6690063476562 651.1530151367188 651.698974609375 652.1380004882812 652.72900390625 652.9290161132812 653.166015625 653.4119873046875 653.9019775390625 654.1309814453125 654.3930053710938 654.6890258789062 655.3309936523438 655.6240234375 655.9130249023438 656.2109985351562 656.5239868164062 657.0390014648438 657.2949829101562 657.5269775390625 657.7750244140625 658.2219848632812 658.4290161132812 658.6279907226562 658.8380126953125 659.22998046875 659.4500122070312 659.7000122070312 659.89501953125 660.0809936523438 660.4409790039062 660.614990234375 660.7769775390625 660.9219970703125 661.1290283203125 661.208984375 661.2880249023438 661.3599853515625 661.4509887695312 661.4840087890625 661.6510009765625
643.6900024414062 644.0369873046875 644.4080200195312 644.8319702148438 645.6929931640625 646.1510009765625 646.6199951171875 647.093017578125 647.9429931640625 648.3829956054688 648.8189697265625 649.260009765625 650.1959838867188 650.6690063476562 651.1530151367188 651.698974609375 652.1380004882812 652.72900390625 652.9039916992188 653.1339721679688 653.3499755859375 653.8270263671875 654.0819702148438 654.3629760742188 654.64501953125 655.2680053710938 655.6320190429688 655.947998046875 656.22998046875 656.5390014648438 657.0969848632812 657.35498046875 657.5650024414062 657.8159790039062 658.2670288085938 658.4749755859375 658.6270141601562 658.8480224609375 659.2849731445312 659.4660034179688 659.7230224609375 659.9140014648438 660.1170043945312 660.52001953125 660.666015625 660.8319702148438 660.9829711914062 661.2030029296875 661.3250122070312 661.406005859375 661.4580078125 661.593994140625 661.6339721679688 661.6510009765625
643.822021484375 644.1959838867188 644.552001953125 644.926025390625 645.75 646.1829833984375 646.6320190429688 647.0360107421875 647.9810180664062 648.4080200195312 648.822021484375 649.2150268554688 649.6530151367188 650.52001953125 651.0989990234375 651.5969848632812 652.052978515625 652.6649780273438 652.9039916992188 653.1339721679688 653.3499755859375 653.8270263671875 654.0819702148438 654.3319702148438 654.60498046875 654.89501953125 655.5609741210938 655.8820190429688 656.2150268554688 656.5679931640625 657.1270141601562 657.3809814453125 657.60400390625 657.8660278320312 658.2230224609375 658.426025390625 658.7020263671875 658.8900146484375 659.0889892578125 659.5130004882812 659.7000122070312 659.9229736328125 660.1160278320312 660.489990234375 660.697998046875 660.8939819335938 661.0479736328125 661.2880249023438 661.3740234375 661.4749755859375 661.573974609375 661.6389770507812 661.7349853515625 661.7650146484375
643.8170166015625 644.2139892578125 644.6259765625 645.0349731445312 645.7780151367188 646.18701171875 646.635009765625 647.06201171875 647.9509887695312 648.3629760742188 648.7630004882812 649.1920166015625 649.60400390625 650.4420166015625 650.9140014648438 651.4609985351562 651.9849853515625 652.5869750976562 652.8560180664062 653.073974609375 653.2979736328125 653.7360229492188 654.0540161132812 654.3319702148438 654.60498046875 654.89501953125 655.5609741210938 655.8820190429688 656.2150268554688 656.4630126953125 657.0670166015625 657.3200073242188 657.551025390625 657.7760009765625 658.197998046875 658.4199829101562 658.6649780273438 658.89501953125 659.1079711914062 659.4849853515625 659.6740112304688 659.93798828125 660.1199951171875 660.4990234375 660.6810302734375 660.9019775390625 661.0759887695312 661.3410034179688 661.4509887695312 661.5540161132812 661.6489868164062 661.72998046875 661.8480224609375 661.926025390625
643.7260131835938 644.114013671875 644.552001953125 644.9929809570312 645.7830200195312 646.2319946289062 646.7130126953125 647.1539916992188 647.4730224609375 648.35400390625 648.7429809570312 649.18701171875 649.5380249023438 650.3599853515625 650.822021484375 651.3359985351562 651.833984375 652.5540161132812 652.7410278320312 652.9959716796875 653.2239990234375 653.4420166015625 654.010009765625 654.2780151367188 654.5479736328125 654.8469848632812 655.47998046875 655.8109741210938 656.14501953125 656.4630126953125 657.0670166015625 657.3200073242188 657.551025390625 657.7760009765625 657.989013671875 658.3259887695312 658.5709838867188 658.8070068359375 659.02197265625 659.4320068359375 659.6439819335938 659.885986328125 660.083984375 660.4409790039062 660.64599609375 660.8489990234375 661.0239868164062 661.1740112304688 661.4869995117188 661.6019897460938 661.6909790039062 661.7830200195312 661.9450073242188 662.0449829101562
643.6859741210938 644.0880126953125 644.5419921875 645.0029907226562 645.7620239257812 646.1129760742188 646.52099609375 647.0050048828125 647.4819946289062 648.3330078125 648.6900024414062 649.0170288085938 649.4249877929688 650.2650146484375 650.7100219726562 651.2639770507812 651.77099609375 652.4979858398438 652.6489868164062 652.9199829101562 653.1630249023438 653.3880004882812 653.9509887695312 654.198974609375 654.4630126953125 654.7730102539062 655.4290161132812 655.72998046875 656.0280151367188 656.322998046875 656.9310302734375 657.197021484375 657.4349975585938 657.6680297851562 657.8729858398438 658.3259887695312 658.5709838867188 658.8070068359375 659.02197265625 659.4320068359375 659.6439819335938 659.77197265625 659.9849853515625 660.3909912109375 660.5809936523438 660.780029296875 660.958984375 661.1240234375 661.4660034179688 661.594970703125 661.7000122070312 661.7960205078125 662.0399780273438 662.1630249023438
643.6859741210938 644.0880126953125 644.5419921875 645.0029907226562 645.4180297851562 646.1209716796875 646.5280151367188 646.9829711914062 647.3690185546875 648.1920166015625 648.593017578125 648.927978515625 649.3720092773438 650.1740112304688 650.6339721679688 651.1719970703125 651.6710205078125 652.0780029296875 652.6270141601562 652.85400390625 653.125 653.3740234375 653.8770141601562 654.1110229492188 654.3779907226562 654.6939697265625 655.322021484375 655.6300048828125 655.916015625 656.1619873046875 656.4420166015625 657.0059814453125 657.2570190429688 657.510009765625 657.7479858398438 658.218994140625 658.43798828125 658.6729736328125 658.8909912109375 659.3150024414062 659.5599975585938 659.77197265625 659.9849853515625 660.1920166015625 660.5809936523438 660.780029296875 660.8779907226562 661.0479736328125 661.406005859375 661.5490112304688 661.6719970703125 661.7940063476562 662.0830078125 662.239990234375
643.5150146484375 643.9990234375 644.531005859375 645.051025390625 645.47998046875 646.1209716796875 646.5280151367188 646.9829711914062 647.3690185546875 648.1920166015625 648.593017578125 648.9149780273438 649.2739868164062 650.0989990234375 650.572021484375 651.0440063476562 651.6019897460938 652.0419921875 652.5399780273438 652.8560180664062 653.1309814453125 653.3699951171875 653.8040161132812 654.0170288085938 654.2830200195312 654.5819702148438 655.1799926757812 655.4860229492188 655.7509765625 655.9860229492188 656.3040161132812 656.8189697265625 657.072021484375 657.3150024414062 657.5809936523438 658.0579833984375 658.2750244140625 658.4990234375 658.72900390625 659.1939697265625 659.4019775390625 659.6259765625 659.85400390625 660.0700073242188 660.4829711914062 660.6920166015625 660.8779907226562 661.0479736328125 661.406005859375 661.5490112304688 661.6719970703125 661.7940063476562 662.114990234375 662.27001953125
643.3889770507812 643.833984375 644.4149780273438 645.0180053710938 645.5180053710938 646.156005859375 646.5130004882812 646.89697265625 647.2990112304688 648.0540161132812 648.4769897460938 648.9149780273438 649.2739868164062 650.0989990234375 650.572021484375 651.0440063476562 651.6019897460938 651.93798828125 652.5230102539062 652.7999877929688 653.031982421875 653.2470092773438 653.7269897460938 653.9769897460938 654.239990234375 654.5020141601562 655.0130004882812 655.323974609375 655.5969848632812 655.8319702148438 656.0910034179688 656.625 656.8930053710938 657.1430053710938 657.3930053710938 657.8820190429688 658.10400390625 658.3049926757812 658.5819702148438 658.8270263671875 659.281005859375 659.5079956054688 659.7219848632812 659.9349975585938 660.3839721679688 660.5969848632812 660.7930297851562 660.97998046875 661.3369750976562 661.5020141601562 661.6489868164062 661.7869873046875 661.948974609375 662.27001953125
642.489990234375 643.6710205078125 644.2680053710938 644.906982421875 645.4639892578125 646.1820068359375 646.5009765625 646.823974609375 647.2269897460938 647.968017578125 648.3699951171875 648.85498046875 649.1669921875 649.6010131835938 650.4550170898438 650.9840087890625 651.4819946289062 651.93798828125 652.5230102539062 652.7999877929688 653.031982421875 653.2470092773438 653.5869750976562 653.822998046875 654.0250244140625 654.260009765625 654.5640258789062 655.1420288085938 655.4080200195312 655.698974609375 655.947021484375 656.5549926757812 656.77099609375 656.9600219726562 657.2260131835938 657.7109985351562 657.9310302734375 658.1209716796875 658.3920288085938 658.6329956054688 659.135009765625 659.364013671875 659.6110229492188 659.8309936523438 660.2620239257812 660.469970703125 660.6690063476562 660.864990234375 661.27001953125 661.4609985351562 661.6209716796875 661.7689819335938 661.9459838867188 662.3419799804688
642.2340087890625 643.5339965820312 644.1170043945312 644.6939697265625 645.2490234375 646.1439819335938 646.469970703125 646.7990112304688 647.1799926757812 647.9010009765625 648.2760009765625 648.7030029296875 649.0180053710938 649.4420166015625 650.2620239257812 650.7570190429688 651.4089965820312 651.8670043945312 652.447998046875 652.698974609375 652.9340209960938 653.1420288085938 653.5869750976562 653.822998046875 654.0250244140625 654.260009765625 654.5640258789062 655.1420288085938 655.14697265625 655.4130249023438 655.7139892578125 656.260009765625 656.5230102539062 656.7440185546875 656.9739990234375 657.4849853515625 657.7659912109375 658.0059814453125 658.2230224609375 658.4539794921875 659.0280151367188 659.2750244140625 659.4849853515625 659.6820068359375 660.1229858398438 660.3480224609375 660.5499877929688 660.7589721679688 661.2069702148438 661.4010009765625 661.5809936523438 661.77197265625 662.0089721679688 662.427001953125
642.02001953125 643.4010009765625 643.9619750976562 644.5079956054688 645.0360107421875 645.989990234375 646.3939819335938 646.7659912109375 647.1279907226562 647.5339965820312 648.1959838867188 648.5599975585938 648.9089965820312 649.2990112304688 650.1859741210938 650.64599609375 651.302978515625 651.7750244140625 652.3989868164062 652.6389770507812 652.8590087890625 653.0659790039062 653.2520141601562 653.7369995117188 653.93701171875 654.1160278320312 654.3309936523438 654.89599609375 655.14697265625 655.4130249023438 655.7139892578125 656.260009765625 656.5230102539062 656.7440185546875 656.7940063476562 657.0360107421875 657.5339965820312 657.7269897460938 658.0150146484375 658.2839965820312 658.8189697265625 659.093994140625 659.3179931640625 659.583984375 660.0380249023438 660.2470092773438 660.4650268554688 660.6890258789062 660.9149780273438 661.322998046875 661.531005859375 661.7630004882812 662.010986328125 662.4730224609375
641.9550170898438 643.208984375 643.7319946289062 644.2509765625 644.7730102539062 645.85302734375 646.3489990234375 646.7379760742188 646.9979858398438 647.47802734375 648.0960083007812 648.47802734375 648.9219970703125 649.3369750976562 650.1959838867188 650.6110229492188 651.1630249023438 651.6649780273438 652.364013671875 652.6300048828125 652.781982421875 652.97900390625 653.176025390625 653.6069946289062 653.822021484375 654.030029296875 654.2440185546875 654.6640014648438 654.9240112304688 655.2000122070312 655.4749755859375 655.9739990234375 656.2520141601562 656.5360107421875 656.7940063476562 657.0360107421875 657.5339965820312 657.7269897460938 658.0150146484375 658.0889892578125 658.6420288085938 658.8980102539062 659.1430053710938 659.4340209960938 659.9130249023438 660.1400146484375 660.4010009765625 660.6409912109375 660.8499755859375 661.2680053710938 661.5089721679688 661.7570190429688 662.0020141601562 662.5189819335938
641.9550170898438 643.208984375 643.7319946289062 644.2509765625 644.427001953125 645.0750122070312 646.2100219726562 646.6370239257812 646.989990234375 647.2999877929688 648.0809936523438 648.5089721679688 648.8720092773438 649.2639770507812 650.1890258789062 650.6630249023438 651.1409912109375 651.6199951171875 651.9810180664062 652.552001953125 652.7210083007812 652.9039916992188 653.0910034179688 653.4860229492188 653.7039794921875 653.9240112304688 654.1370239257812 654.5269775390625 654.7930297851562 655.0449829101562 655.2310180664062 655.5029907226562 655.9829711914062 656.2969970703125 656.5419921875 656.8159790039062 657.3350219726562 657.5830078125 657.802978515625 658.0889892578125 658.6420288085938 658.8980102539062 659.1430053710938 659.4340209960938 659.7059936523438 660.0269775390625 660.302001953125 660.5479736328125 660.77001953125 661.2009887695312 661.447998046875 661.72998046875 662.0260009765625 662.541015625
641.6220092773438 642.7919921875 643.3060302734375 643.8419799804688 644.427001953125 645.0750122070312 646.2100219726562 646.6370239257812 646.989990234375 647.2999877929688 647.93798828125 648.35400390625 648.7670288085938 649.1790161132812 650.0029907226562 650.4650268554688 650.9879760742188 651.4539794921875 651.8460083007812 652.4639892578125 652.6599731445312 652.8579711914062 653.0499877929688 653.4219970703125 653.6389770507812 653.8569946289062 654.0700073242188 654.426025390625 654.6309814453125 654.8519897460938 655.0679931640625 655.3270263671875 655.7760009765625 656.031982421875 656.2949829101562 656.625 657.14501953125 657.3790283203125 657.6719970703125 657.9509887695312 658.5479736328125 658.781005859375 659.0369873046875 659.3400268554688 659.6019897460938 660.0269775390625 660.302001953125 660.5479736328125 660.77001953125 661.2009887695312 661.447998046875 661.6829833984375 661.9600219726562 662.6220092773438
641.0850219726562 641.60498046875 642.8079833984375 643.3729858398438 643.9639892578125 644.6099853515625 645.9530029296875 646.447998046875 646.8400268554688 647.1669921875 647.93798828125 648.35400390625 648.7670288085938 649.1790161132812 649.5809936523438 650.4650268554688 650.6530151367188 651.1430053710938 651.6179809570312 652.343994140625 652.5809936523438 652.7680053710938 652.9530029296875 653.3369750976562 653.530029296875 653.7249755859375 653.9190063476562 654.1090087890625 654.489990234375 654.7059936523438 654.9580078125 655.1849975585938 655.614013671875 655.8610229492188 656.135986328125 656.4240112304688 656.9739990234375 657.2479858398438 657.5070190429688 657.7769775390625 658.0789794921875 658.6749877929688 658.927001953125 659.1929931640625 659.4669799804688 659.968017578125 660.2230224609375 660.489013671875 660.7420043945312 661.2000122070312 661.43798828125 661.6829833984375 661.9600219726562 662.322021484375
640.7550048828125 641.302001953125 642.4929809570312 643.0869750976562 643.655029296875 644.2550048828125 645.5679931640625 646.1179809570312 646.5659790039062 646.9819946289062 647.8400268554688 648.3109741210938 648.7210083007812 649.0700073242188 649.4409790039062 650.2160034179688 650.6530151367188 651.1430053710938 651.6179809570312 652.343994140625 652.5809936523438 652.7039794921875 652.864990234375 653.281005859375 653.4130249023438 653.5770263671875 653.77099609375 653.9840087890625 654.3770141601562 654.593994140625 654.8460083007812 655.0850219726562 655.5009765625 655.7329711914062 655.9719848632812 656.2310180664062 656.8159790039062 657.114990234375 657.4199829101562 657.677001953125 657.9639892578125 658.5289916992188 658.8200073242188 659.1199951171875 659.3939819335938 659.9299926757812 660.1610107421875 660.4340209960938 660.7080078125 661.1110229492188 661.3939819335938 661.7119750976562 662.0330200195312 662.3380126953125
640.5170288085938 641.1129760742188 642.3519897460938 642.9669799804688 643.4860229492188 643.9639892578125 645.1790161132812 645.7789916992188 646.364013671875 646.9450073242188 647.3049926757812 648.1259765625 648.5120239257812 648.9240112304688 649.35302734375 650.1209716796875 650.5609741210938 651.093994140625 651.5540161132812 652.2639770507812 652.5670166015625 652.7039794921875 652.864990234375 653.0789794921875 653.4130249023438 653.5770263671875 653.77099609375 653.9080200195312 654.31298828125 654.5189819335938 654.7160034179688 654.9089965820312 655.3820190429688 655.625 655.8159790039062 656.0709838867188 656.3480224609375 656.958984375 657.2650146484375 657.5289916992188 657.8410034179688 658.416015625 658.7119750976562 659.0029907226562 659.280029296875 659.8300170898438 660.0900268554688 660.3619995117188 660.6370239257812 660.8989868164062 661.4409790039062 661.77099609375 662.0980224609375 662.4340209960938
640.198974609375 640.8489990234375 642.1749877929688 642.8189697265625 643.385009765625 643.8469848632812 644.969970703125 645.6129760742188 646.2360229492188 646.8170166015625 647.166015625 647.9600219726562 648.3560180664062 648.72802734375 649.10498046875 650.0089721679688 650.4990234375 650.8790283203125 651.3049926757812 652.094970703125 652.5050048828125 652.718017578125 652.8820190429688 653.0380249023438 653.3660278320312 653.5419921875 653.7230224609375 653.9080200195312 654.31298828125 654.5189819335938 654.7160034179688 654.9089965820312 655.3820190429688 655.5349731445312 655.7730102539062 655.9929809570312 656.2650146484375 656.833984375 657.1119995117188 657.447021484375 657.77197265625 658.3040161132812 658.5980224609375 658.8980102539062 659.1959838867188 659.7930297851562 660.0280151367188 660.2949829101562 660.5780029296875 660.8690185546875 661.489013671875 661.8569946289062 662.2319946289062 662.5910034179688
