data/ReDellaPietra/DemReDellaPietra.asc
ncols        240
nrows        207
xllcorner    1709947.231034500059
yllcorner    4861445.500000000000
cellsize     10.000000000000
NODATA_value  -9999
[rows 138 to 160 of 207, columns 52 to 103 of 240]
830.30108642578125 827.6383056640625 825.02197265625 821.8466796875 818.48541259765625 815.32000732421875 812.10638427734375 810.35247802734375 808.83221435546875 800.8062744140625 798.81512451171875 798.85906982421875 801.97027587890625 806.0723876953125 809.3267822265625 812.47357177734375 814.3897705078125 815.3529052734375 815.9342041015625 815.7822265625 815.20770263671875 813.681884765625 810.72540283203125 807.69091796875 803.9088134765625 799.0869140625 792.60491943359375 785.96221923828125 779.1907958984375 772.31121826171875 765.30328369140625 758.04302978515625 750.17352294921875 741.1947021484375 733.91961669921875 729.48638916015625 726.42279052734375 729.9918212890625 735.48468017578125 740.664794921875 744.42132568359375 748.18817138671875 754.84552001953125 762.82867431640625 770.8961181640625 779.08477783203125 787.29107666015625 795.59442138671875 805.08331298828125 816.0172119140625 826.79632568359375 837.4937744140625
826.2816162109375 824.5299072265625 822.00567626953125 818.86859130859375 815.42572021484375 812.1229248046875 808.9951171875 805.7891845703125 803.30267333984375 798.40557861328125 795.25469970703125 795.53887939453125 798.0343017578125 800.521728515625 803.9769287109375 806.6190185546875 808.27838134765625 809.54400634765625 810.02349853515625 810.4774169921875 809.78472900390625 809.15167236328125 806.6846923828125 804.1317138671875 800.42999267578125 794.68548583984375 788.1865234375 782.090576171875 775.9945068359375 769.41827392578125 762.8773193359375 756.111328125 749.12640380859375 741.43621826171875 733.6072998046875 726.71478271484375 722.97869873046875 727.3787841796875 732.03570556640625 738.33270263671875 742.8248291015625 747.1455078125 753.01580810546875 761.1824951171875 769.60272216796875 777.881591796875 786.2188720703125 794.73321533203125 804.00048828125 814.59991455078125 825.17547607421875 835.761474609375
822.32208251953125 821.3076171875 818.6085205078125 815.69171142578125 812.2852783203125 808.93121337890625 805.76177978515625 802.55621337890625 799.2769775390625 796.25701904296875 793.14532470703125 792.3798828125 794.23638916015625 796.451416015625 798.79351806640625 800.67156982421875 802.92877197265625 804.16571044921875 805.1885986328125 805.4755859375 804.83929443359375 804.28558349609375 802.77447509765625 800.21978759765625 795.0560302734375 789.1422119140625 783.91650390625 777.882080078125 771.87371826171875 766.24932861328125 759.84942626953125 753.14129638671875 746.64349365234375 739.43988037109375 731.60870361328125 723.4365234375 720.13238525390625 722.40777587890625 728.40252685546875 735.24072265625 741.50982666015625 745.98187255859375 751.37158203125 759.96197509765625 768.3167724609375 776.75140380859375 785.169921875 793.60821533203125 802.4923095703125 812.9957275390625 823.29388427734375 833.70977783203125
816.4874267578125 816.61358642578125 814.9210205078125 811.97479248046875 808.96636962890625 805.79119873046875 802.54901123046875 799.31512451171875 796.00579833984375 792.69647216796875 789.96978759765625 788.4912109375 790.30352783203125 792.31591796875 794.24822998046875 795.9857177734375 797.564208984375 798.49871826171875 799.901611328125 800.52691650390625 799.9617919921875 799.17132568359375 797.87408447265625 793.29498291015625 788.5479736328125 782.8798828125 777.74761962890625 772.6605224609375 767.82867431640625 762.690673828125 756.67431640625 750.02392578125 743.10662841796875 736.07843017578125 728.3402099609375 720.93499755859375 718.4091796875 719.4520263671875 724.513427734375 731.65997314453125 739.8521728515625 744.5814208984375 750.347900390625 758.79449462890625 767.23297119140625 775.662109375 783.9857177734375 792.26788330078125 800.7681884765625 811.06988525390625 821.34490966796875 831.6939697265625
810.5352783203125 811.82452392578125 811.12530517578125 808.246826171875 805.0980224609375 801.9735107421875 799.042724609375 796.305419921875 792.9896240234375 789.62738037109375 787.306884765625 785.267578125 786.18701171875 787.96142578125 789.72418212890625 790.69769287109375 791.39617919921875 792.21539306640625 793.2421875 793.5380859375 793.014404296875 791.84869384765625 790.10980224609375 786.58837890625 781.99407958984375 776.55438232421875 770.97332763671875 766.2166748046875 761.55572509765625 757.0084228515625 752.78289794921875 746.98828125 740.34039306640625 732.898193359375 725.843017578125 719.730712890625 716.03662109375 717.1240234375 720.63641357421875 728.8480224609375 737.357421875 743.85540771484375 749.547607421875 757.882080078125 766.2498779296875 774.47137451171875 782.7083740234375 790.8524169921875 798.8701171875 808.9259033203125 819.1793212890625 829.301513671875
805.9207763671875 807.20550537109375 806.82373046875 804.20819091796875 801.126220703125 798.39532470703125 795.77777099609375 793.04388427734375 790.18072509765625 786.65069580078125 783.55029296875 782.3936767578125 782.04742431640625 783.82440185546875 785.3734130859375 784.46820068359375 785.13970947265625 785.70037841796875 786.60107421875 786.59368896484375 786.15631103515625 784.8734130859375 782.9871826171875 780.0640869140625 775.5814208984375 770.1807861328125 764.44091796875 759.67620849609375 754.7821044921875 751.04107666015625 746.87451171875 742.065185546875 736.66552734375 728.9044189453125 722.627685546875 716.3660888671875 711.08282470703125 715.30511474609375 719.2633056640625 727.3931884765625 735.7103271484375 742.65020751953125 749.09149169921875 757.0880126953125 765.38470458984375 773.55242919921875 781.60552978515625 789.61578369140625 797.45147705078125 807.10748291015625 817.05419921875 826.93927001953125
801.521484375 803.207275390625 802.24072265625 800.0958251953125 797.62841796875 795.14501953125 792.51397705078125 789.78900146484375 787.0341796875 783.74639892578125 780.1552734375 778.57940673828125 778.1663818359375 779.75262451171875 780.411376953125 779.18121337890625 778.706787109375 779.1968994140625 779.5604248046875 779.76629638671875 779.32568359375 778.236572265625 776.1710205078125 773.54302978515625 768.8994140625 764.00341796875 758.0093994140625 752.39422607421875 747.68231201171875 744.52947998046875 740.59417724609375 736.31121826171875 730.92529296875 725.0673828125 718.61248779296875 712.55908203125 709.5103759765625 713.26092529296875 718.0740966796875 724.9193115234375 733.6317138671875 742.01397705078125 748.85107421875 756.75311279296875 764.715576171875 772.588623046875 780.55908203125 788.4520263671875 796.34088134765625 805.37762451171875 815.24481201171875 824.973876953125
797.5189208984375 799.20758056640625 797.98419189453125 796.23968505859375 794.2960205078125 791.89501953125 789.26788330078125 786.61712646484375 783.8720703125 780.8994140625 777.69049072265625 774.81182861328125 774.52911376953125 775.771728515625 774.72320556640625 772.45892333984375 772.1953125 772.4097900390625 772.82757568359375 773.157470703125 772.8131103515625 772.1312255859375 769.82208251953125 767.25958251953125 762.91778564453125 757.9691162109375 751.69091796875 746.49847412109375 742.28607177734375 738.16290283203125 734.41259765625 730.66241455078125 726.0333251953125 720.93292236328125 714.730712890625 709.41351318359375 706.82501220703125 711.5322265625 717.28350830078125 723.972900390625 732.35650634765625 741.4329833984375 748.5947265625 756.3704833984375 764.309814453125 772.16900634765625 779.91741943359375 787.646728515625 795.522705078125 803.95721435546875 813.55377197265625 822.921875
793.48876953125 794.3673095703125 793.6749267578125 792.3046875 790.382080078125 788.61407470703125 786.034423828125 783.41680908203125 780.68701171875 777.89031982421875 775.01727294921875 772.1171875 770.54302978515625 770.87762451171875 769.6400146484375 766.3438720703125 765.6514892578125 765.74658203125 766.0535888671875 766.48919677734375 766.32080078125 765.785888671875 763.74530029296875 761.2435302734375 756.909912109375 752.32147216796875 746.7294921875 741.29931640625 736.73431396484375 732.46649169921875 728.48388671875 724.86431884765625 720.51910400390625 715.72808837890625 710.57373046875 705.6107177734375 705.1019287109375 710.860107421875 717.14093017578125 723.78607177734375 731.7786865234375 741.09637451171875 748.578125 756.34600830078125 764.0482177734375 771.72991943359375 779.40057373046875 786.9962158203125 794.56378173828125 802.67156982421875 812.3087158203125 821.7725830078125
788.906494140625 789.61358642578125 789.05462646484375 788.13232421875 786.867919921875 785.15289306640625 782.92626953125 780.24481201171875 777.46697998046875 774.6229248046875 771.80877685546875 768.97821044921875 766.27880859375 764.2537841796875 763.16229248046875 759.8135986328125 758.881103515625 758.942626953125 759.380126953125 759.86962890625 759.77227783203125 759.44757080078125 757.57110595703125 755.11309814453125 751.52630615234375 746.594482421875 741.34161376953125 736.12371826171875 731.1370849609375 726.81011962890625 722.66522216796875 719.01080322265625 715.02471923828125 710.292724609375 705.28912353515625 700.9727783203125 704.347412109375 710.26397705078125 716.902099609375 724.3369140625 732.43682861328125 741.00567626953125 748.55999755859375 756.23052978515625 763.9163818359375 771.56622314453125 779.1083984375 786.57427978515625 794.0482177734375 801.96881103515625 811.39581298828125 820.65167236328125
785.0050048828125 785.4376220703125 784.93548583984375 784.065185546875 783.07159423828125 781.5399169921875 779.83038330078125 777.10308837890625 774.37591552734375 771.559814453125 768.697998046875 765.9580078125 763.2418212890625 760.65899658203125 753.73876953125 752.2808837890625 751.76251220703125 752.018310546875 752.64727783203125 753.30462646484375 753.66351318359375 753.30291748046875 752.2230224609375 749.40118408203125 745.86907958984375 740.77471923828125 735.73260498046875 730.5811767578125 725.5936279296875 721.16357421875 716.7794189453125 712.89111328125 708.90863037109375 704.99932861328125 700.01611328125 698.528076171875 703.53472900390625 710.2274169921875 717.48199462890625 725.09088134765625 733.202392578125 741.10107421875 748.8494873046875 756.36187744140625 763.94232177734375 771.3956298828125 778.84649658203125 786.25482177734375 793.64947509765625 801.30950927734375 810.7562255859375 819.98907470703125
781.10357666015625 781.06591796875 780.81378173828125 779.99822998046875 779.25787353515625 777.851318359375 776.30352783203125 774.06622314453125 771.30609130859375 768.51641845703125 765.63787841796875 762.857421875 760.20452880859375 753.39532470703125 747.15118408203125 746.398681640625 745.95648193359375 745.95831298828125 746.4210205078125 747.0338134765625 747.43359375 747.078125 746.41351318359375 743.3175048828125 739.67138671875 735.10418701171875 730.105712890625 724.87738037109375 719.97698974609375 715.31890869140625 710.99481201171875 706.8331298828125 703.0579833984375 699.55322265625 697.2406005859375 698.2647705078125 702.322509765625 710.1907958984375 718.05908203125 725.8048095703125 733.6934814453125 741.48828125 749.27838134765625 756.66387939453125 764.10089111328125 771.49908447265625 778.90228271484375 786.1912841796875 793.5294189453125 801.13702392578125 810.39129638671875 819.35491943359375
777.026611328125 776.99737548828125 776.75909423828125 776.23291015625 775.43682861328125 774.236083984375 772.6456298828125 770.7847900390625 768.29632568359375 765.50732421875 762.606689453125 759.50347900390625 754.4124755859375 749.4287109375 744.35430908203125 740.96258544921875 740.4478759765625 740.1644287109375 740.527587890625 740.8856201171875 740.898681640625 740.67498779296875 739.73748779296875 738.119384765625 733.9586181640625 729.77777099609375 724.22308349609375 718.89178466796875 713.96881103515625 709.3704833984375 704.968994140625 700.819580078125 698.146728515625 695.78192138671875 696.04681396484375 698.51812744140625 703.0491943359375 710.86962890625 718.6602783203125 726.4697265625 734.31109619140625 741.98187255859375 749.8214111328125 757.2183837890625 764.46307373046875 771.663818359375 779.02099609375 786.252685546875 793.49310302734375 800.9669189453125 810.247802734375 819.0791015625
772.8125 772.9520263671875 772.76190185546875 772.36181640625 771.6143798828125 770.4439697265625 769.0396728515625 767.27447509765625 765.11712646484375 762.48388671875 759.6038818359375 756.671875 752.5145263671875 746.68829345703125 740.94720458984375 736.20697021484375 735.03411865234375 734.57049560546875 734.73297119140625 734.79229736328125 734.8018798828125 734.44427490234375 733.6796875 732.414794921875 729.36907958984375 724.7982177734375 719.46771240234375 713.76611328125 707.948974609375 703.22247314453125 699.04620361328125 696.06280517578125 693.9146728515625 692.19329833984375 696.53302001953125 699.01678466796875 704.5673828125 712.22882080078125 719.8887939453125 727.58251953125 735.14422607421875 742.802978515625 750.4827880859375 757.844482421875 765.1820068359375 772.5167236328125 779.82781982421875 787.04937744140625 794.19268798828125 801.75982666015625 810.5546875 818.8541259765625
768.7227783203125 768.84991455078125 768.84027099609375 768.464599609375 767.9500732421875 766.880126953125 765.6165771484375 763.80450439453125 761.780029296875 759.28131103515625 756.627685546875 753.661376953125 750.6165771484375 743.89727783203125 737.50531005859375 732.87152099609375 729.65069580078125 729.20068359375 728.82958984375 728.82958984375 728.56378173828125 728.13580322265625 727.45599365234375 726.2186279296875 724.34869384765625 719.81402587890625 714.69708251953125 708.8875732421875 702.54071044921875 697.931884765625 694.68670654296875 691.5064697265625 690.0933837890625 692.1854248046875 695.7744140625 699.2581787109375 705.91717529296875 713.4727783203125 721.05987548828125 728.67529296875 736.21038818359375 743.76397705078125 751.26507568359375 758.89947509765625 766.18359375 773.45172119140625 780.77081298828125 787.956787109375 795.069580078125 802.5634765625 811.20501708984375 819.3079833984375
764.88287353515625 765.01019287109375 765.08740234375 764.72198486328125 764.3599853515625 763.3328857421875 762.21148681640625 760.39501953125 758.5595703125 756.22271728515625 753.73687744140625 750.7706298828125 746.39697265625 740.37799072265625 734.02301025390625 728.84991455078125 724.3214111328125 723.772216796875 723.09228515625 722.82373046875 722.2813720703125 721.82427978515625 721.3101806640625 720.35052490234375 719.32220458984375 715.3751220703125 710.1710205078125 704.29962158203125 698.48931884765625 694.027587890625 690.72900390625 688.56842041015625 688.50982666015625 692.08709716796875 696.19427490234375 699.67822265625 706.97857666015625 714.58282470703125 722.20831298828125 729.85430908203125 737.51361083984375 745.08038330078125 752.6663818359375 760.13458251953125 767.57147216796875 774.8878173828125 782.27838134765625 789.5477294921875 796.6826171875 804.37261962890625 812.1273193359375 819.7462158203125
760.9613037109375 761.17138671875 761.3004150390625 761.0093994140625 760.707275390625 759.76690673828125 758.8358154296875 757.03887939453125 755.25201416015625 753.12322998046875 750.81402587890625 746.523681640625 741.67962646484375 736.7427978515625 730.34442138671875 724.85662841796875 719.674072265625 718.48651123046875 717.78802490234375 716.8065185546875 716.24237060546875 715.54608154296875 715.114013671875 714.67620849609375 713.22637939453125 710.473876953125 705.72027587890625 699.9481201171875 694.92279052734375 690.1234130859375 688.23089599609375 686.39312744140625 687.89080810546875 690.45281982421875 695.1243896484375 700.1727294921875 707.8800048828125 715.6597900390625 723.39178466796875 731.10302734375 738.8228759765625 746.526123046875 754.101318359375 761.63372802734375 769.07952880859375 776.51318359375 783.88421630859375 791.194580078125 798.45477294921875 805.7410888671875 813.39208984375 820.53680419921875
757.22442626953125 757.48187255859375 757.609619140625 757.4688720703125 757.18609619140625 756.51239013671875 755.5460205078125 753.967529296875 752.00128173828125 749.9783935546875 746.244384765625 741.74072265625 737.00079345703125 732.10308837890625 726.75518798828125 721.2841796875 717.3623046875 713.8936767578125 712.9561767578125 711.4193115234375 710.34088134765625 709.49102783203125 708.8695068359375 708.54681396484375 707.46942138671875 704.7947998046875 701.37628173828125 693.14990234375 688.81561279296875 686.41278076171875 685.00927734375 684.96527099609375 687.5999755859375 690.4517822265625 695.5181884765625 700.80548095703125 708.7523193359375 716.67437744140625 724.470703125 732.39031982421875 740.22528076171875 748.01361083984375 755.669921875 763.219482421875 770.761474609375 778.2449951171875 785.7667236328125 793.1845703125 800.5670166015625 807.478515625 814.29132080078125 821.31109619140625
753.5745849609375 753.85858154296875 753.9979248046875 753.93450927734375 753.70977783203125 753.151123046875 752.25421142578125 750.787109375 748.41497802734375 745.02880859375 741.094482421875 736.68212890625 732.19439697265625 727.392822265625 722.410888671875 717.8662109375 714.31817626953125 711.01202392578125 707.9080810546875 706.04461669921875 704.49542236328125 703.19122314453125 702.48712158203125 702.355224609375 702.25860595703125 700.05877685546875 691.7293701171875 688.09088134765625 685.7783203125 683.60540771484375 682.01019287109375 684.9332275390625 687.75048828125 690.74188232421875 695.8187255859375 701.49652099609375 709.6011962890625 717.5667724609375 725.65228271484375 733.59747314453125 741.52752685546875 749.634521484375 757.1309814453125 764.72650146484375 772.407470703125 780.05999755859375 787.59613037109375 795.135986328125 802.1923828125 808.5419921875 814.9619140625 821.0316162109375
749.9141845703125 750.24700927734375 750.38629150390625 750.32330322265625 750.22991943359375 749.6561279296875 748.66937255859375 746.04571533203125 743.7113037109375 740.1544189453125 736.3173828125 732.00140380859375 727.5291748046875 722.69921875 718.37139892578125 714.41412353515625 710.45672607421875 707.4678955078125 704.4866943359375 701.28839111328125 699.307373046875 698.4779052734375 697.9080810546875 696.3330078125 696.23931884765625 691.78271484375 687.77740478515625 685.14801025390625 682.8441162109375 680.5189208984375 681.26568603515625 684.506591796875 687.72802734375 691.03192138671875 696.34088134765625 702.52227783203125 710.5081787109375 718.44891357421875 726.4959716796875 734.4520263671875 742.43701171875 750.552978515625 758.451416015625 766.01702880859375 773.6500244140625 781.458984375 789.16461181640625 797.0770263671875 803.794677734375 809.4547119140625 815.02191162109375 820.576171875
745.669921875 746.21990966796875 746.46051025390625 746.6121826171875 746.4822998046875 746.03497314453125 744.80999755859375 742.385986328125 739.39312744140625 735.66357421875 731.73272705078125 727.48748779296875 722.97650146484375 717.9564208984375 714.61981201171875 711.43988037109375 707.62371826171875 704.08367919921875 701.065185546875 697.7520751953125 695.7998046875 694.926025390625 694.58392333984375 693.26898193359375 691.1190185546875 688.5841064453125 685.7095947265625 682.8046875 679.92987060546875 678.35211181640625 680.32611083984375 683.5670166015625 687.43719482421875 692.07452392578125 697.04339599609375 703.563720703125 711.64971923828125 719.5474853515625 727.1624755859375 735.13079833984375 743.0394287109375 750.93072509765625 759.06878662109375 766.982177734375 774.930908203125 782.81597900390625 790.7266845703125 798.5479736328125 804.46112060546875 810.05157470703125 815.38739013671875 820.60162353515625
741.364990234375 742.16241455078125 742.544677734375 742.89117431640625 742.71771240234375 742.41412353515625 740.86627197265625 738.86737060546875 735.177978515625 731.61419677734375 727.62689208984375 723.44427490234375 719.06158447265625 715.26641845703125 711.6129150390625 708.70147705078125 705.06011962890625 701.19482421875 697.51690673828125 694.146484375 692.4415283203125 691.37420654296875 691.20867919921875 690.77978515625 688.06512451171875 685.07012939453125 682.16522216796875 679.482177734375 677.4486083984375 677.0496826171875 679.98907470703125 684.26708984375 688.67218017578125 693.4652099609375 698.3546142578125 705.07659912109375 712.99658203125 720.7545166015625 728.423583984375 736.1895751953125 744.00872802734375 751.74951171875 759.7880859375 767.92852783203125 775.91302490234375 783.9224853515625 791.86468505859375 799.844970703125 805.271484375 810.5325927734375 815.5499267578125 820.53668212890625
-9999 738.0833740234375 738.67401123046875 739.13427734375 739.04217529296875 738.79022216796875 736.7952880859375 734.9478759765625 731.99072265625 -9999 -9999 -9999 715.9901123046875 712.42138671875 709.0634765625 706.14227294921875 703.0850830078125 698.8189697265625 694.0714111328125 690.555908203125 689.119384765625 688.019287109375 686.7742919921875 686.62042236328125 684.4202880859375 681.52569580078125 679.03448486328125 677.00091552734375 674.96728515625 677.49798583984375 681.53997802734375 685.66571044921875 689.9072265625 694.71942138671875 699.53277587890625 706.97332763671875 714.6190185546875 722.28558349609375 729.9296875 737.64361572265625 745.27740478515625 753.1156005859375 761.033203125 769.00970458984375 776.99798583984375 784.99542236328125 793.0048828125 800.6580810546875 805.79632568359375 810.9959716796875 815.67987060546875 820.2462158203125
