data/ReDellaPietra/DemReDellaPietra.asc
ncols        240
nrows        207
xllcorner    1709947.231034500059
yllcorner    4861445.500000000000
cellsize     10.000000000000
NODATA_value  -9999
[rows 92 to 114 of 207, columns 156 to 207 of 240]
1081.801025390625 1085.1829833984375 1088.448974609375 1091.72900390625 1095.1190185546875 1098.47802734375 1102.301025390625 1106.52001953125 1110.780029296875 1114.8609619140625 1119.012939453125 1123.1920166015625 1127.4219970703125 1131.197021484375 1133.7850341796875 1136.2779541015625 1138.739990234375 1141.011962890625 1143.2430419921875 1145.43505859375 1147.6090087890625 1149.9439697265625 1153.2840576171875 1156.2779541015625 1158.95703125 1161.5770263671875 1164.1109619140625 1166.18896484375 1168.3160400390625 1170.4969482421875 1172.6729736328125 1174.3260498046875 1176.386962890625 1178.6629638671875 1180.77001953125 1182.779052734375 1185.0889892578125 1187.7750244140625 1189.3929443359375 1190.779052734375 1193.512939453125 1196.4219970703125 1197.886962890625 1200 1200 1202.0999755859375 1205.9560546875 1209.81298828125 1211.990966796875 1215.4010009765625 1218.47900390625 1221.7889404296875
1082.592041015625 1086.0450439453125 1090.1429443359375 1092.968994140625 1096.3170166015625 1099.666015625 1103.823974609375 1108.031982421875 1112.2010498046875 1116.3590087890625 1120.5179443359375 1124.612060546875 1128.781005859375 1132.300048828125 1135.3599853515625 1138.114013671875 1140.7650146484375 1142.8819580078125 1144.9630126953125 1147.300048828125 1149.7340087890625 1153.0660400390625 1156.489013671875 1159.883056640625 1162.6710205078125 1165.3349609375 1167.7320556640625 1169.864013671875 1171.885986328125 1173.60595703125 1175.43896484375 1177.4739990234375 1178.9630126953125 1180.5279541015625 1182.54296875 1184.824951171875 1186.52294921875 1188.18798828125 1190.1719970703125 1192.133056640625 1193.8590087890625 1195.68603515625 1197.8289794921875 1199.990966796875 1202.031982421875 1204.3380126953125 1206.9210205078125 1210 1210.363037109375 1213.498046875 1216.8759765625 1220.3089599609375
1084.4139404296875 1088.654052734375 1091.9580078125 1094.758056640625 1097.5579833984375 1101.0830078125 1105.3310546875 1109.5760498046875 1113.739013671875 1117.9239501953125 1122.0989990234375 1126.1939697265625 1130.2239990234375 1133.3489990234375 1136.5679931640625 1139.52197265625 1142.0770263671875 1144.468017578125 1146.7469482421875 1148.9239501953125 1152.1920166015625 1156.1209716796875 1159.6099853515625 1163.0999755859375 1166.323974609375 1169.1240234375 1171.5450439453125 1173.9129638671875 1175.906005859375 1177.68896484375 1179.29296875 1180.907958984375 1182.6080322265625 1184.22998046875 1185.39794921875 1186.6300048828125 1188.68896484375 1190.3260498046875 1192.0460205078125 1193.636962890625 1195.5460205078125 1197.2010498046875 1198.737060546875 1200.81298828125 1204.5870361328125 1206.7769775390625 1208.68896484375 1210.5439453125 1212.3170166015625 1214.8399658203125 1217.490966796875 1220.1240234375
1087.093994140625 1091.114013671875 1094.2049560546875 1096.887939453125 1099.64599609375 1103.3160400390625 1107.5830078125 1111.7010498046875 1115.509033203125 1119.6240234375 1123.803955078125 1127.968994140625 1131.5989990234375 1134.77099609375 1137.876953125 1140.81298828125 1143.3609619140625 1145.875 1148.1710205078125 1150.7659912109375 1154.6689453125 1158.614990234375 1162.6259765625 1166.2869873046875 1169.553955078125 1172.9219970703125 1175.4239501953125 1177.8289794921875 1179.9019775390625 1181.7769775390625 1183.510009765625 1185.0830078125 1186.4959716796875 1187.9320068359375 1189.0479736328125 1190.2900390625 1191.5909423828125 1192.967041015625 1194.8900146484375 1195.9320068359375 1197.2779541015625 1198.883056640625 1199.7509765625 1203.3330078125 1207.282958984375 1209.177978515625 1210.2860107421875 1212.280029296875 1214.27099609375 1216.7769775390625 1219.3189697265625 1221.719970703125
1089.8489990234375 1093.2960205078125 1096.7039794921875 1099.281982421875 1102.708984375 1106.5030517578125 1110.2960205078125 1114.1519775390625 1118.072998046875 1121.89501953125 1125.9630126953125 1130.1099853515625 1133.125 1136.14599609375 1139.302001953125 1141.9949951171875 1144.5699462890625 1147.14501953125 1149.594970703125 1153.1929931640625 1157.0770263671875 1161.02001953125 1165.06494140625 1169.0880126953125 1172.9310302734375 1176.363037109375 1179.405029296875 1181.7879638671875 1184.113037109375 1185.9749755859375 1187.7349853515625 1189.2259521484375 1190.5989990234375 1191.9439697265625 1193.2340087890625 1194.154052734375 1195.43603515625 1196.51904296875 1197.5550537109375 1198.9339599609375 1199.8189697265625 1201.405029296875 1203.7459716796875 1207.6650390625 1210.387939453125 1212.6510009765625 1212.238037109375 1213.612060546875 1216.3330078125 1219.0269775390625 1220.9110107421875 1222.532958984375
1092.7440185546875 1095.9610595703125 1099.0999755859375 1102.5699462890625 1106.2900390625 1110.0489501953125 1113.83203125 1117.4849853515625 1121.18896484375 1124.91796875 1128.64599609375 1132.0260009765625 1135.0589599609375 1138.0579833984375 1140.800048828125 1143.092041015625 1145.6669921875 1148.241943359375 1151.18701171875 1154.9530029296875 1158.7650146484375 1163.0260009765625 1167.3690185546875 1171.532958984375 1175.9610595703125 1179.4730224609375 1183.0159912109375 1185.6729736328125 1188.126953125 1190.1700439453125 1192.10205078125 1193.60498046875 1195.0269775390625 1196.3489990234375 1197.5350341796875 1198.510009765625 1199.3580322265625 1200.4200439453125 1201.54296875 1202.8929443359375 1204.2320556640625 1206.0799560546875 1208.5240478515625 1211.906005859375 1215.237060546875 1217.0479736328125 1217.7159423828125 1219.18896484375 1220.93798828125 1221.2960205078125 1222.3060302734375 1223.02001953125
1095.6419677734375 1098.9200439453125 1102.4310302734375 1106.1639404296875 1109.885009765625 1113.6829833984375 1117.3690185546875 1121.06103515625 1124.7960205078125 1128.510009765625 1131.68701171875 1134.4820556640625 1137.2130126953125 1140.0030517578125 1142.2919921875 1144.5799560546875 1146.8690185546875 1149.281005859375 1152.6939697265625 1156.4329833984375 1160.218994140625 1164.5670166015625 1168.8609619140625 1173.467041015625 1178.0889892578125 1182.508056640625 1186.156005859375 1189.4019775390625 1192.1829833984375 1194.758056640625 1196.488037109375 1197.9949951171875 1199.43603515625 1200.60400390625 1201.5340576171875 1202.5780029296875 1203.4639892578125 1204.5970458984375 1205.737060546875 1207.196044921875 1208.737060546875 1210.7459716796875 1212.8050537109375 1215.6419677734375 1218.97998046875 1221.77001953125 1222.530029296875 1223.10595703125 1224.5870361328125 1225.113037109375 1225.552978515625 1226.7239990234375
1098.738037109375 1102.366943359375 1106.1099853515625 1109.8199462890625 1113.6190185546875 1117.4310302734375 1121.116943359375 1124.91796875 1128.637939453125 1131.6009521484375 1134.47900390625 1137.31103515625 1140 1140 1142.5570068359375 1145.45703125 1147.801025390625 1150.2220458984375 1153.7979736328125 1157.4830322265625 1161.33203125 1165.532958984375 1169.800048828125 1174.54296875 1179.238037109375 1184.45703125 1188.5899658203125 1192.85205078125 1196.3060302734375 1199.344970703125 1200.5889892578125 1201.6219482421875 1202.699951171875 1204.1190185546875 1205.1280517578125 1206.2530517578125 1207.5269775390625 1208.677978515625 1209.9200439453125 1211.4510498046875 1213.0789794921875 1215.1639404296875 1217.27001953125 1219.5830078125 1222.35498046875 1225.323974609375 1226.81103515625 1227.2030029296875 1227.970947265625 1228.9310302734375 1229.9510498046875 1230.97998046875
1102.425048828125 1106.116943359375 1109.9420166015625 1114.176025390625 1117.7979736328125 1121.3089599609375 1125.1519775390625 1128.9959716796875 1131.85498046875 1134.3809814453125 1137.0340576171875 1139.9329833984375 1140 1140 1141.5340576171875 1144.927978515625 1148.322021484375 1151.3199462890625 1154.89599609375 1158.4720458984375 1162.092041015625 1165.5889892578125 1169.9530029296875 1174.89501953125 1179.8170166015625 1185.35498046875 1191.0260009765625 1195.7879638671875 1199.6009521484375 1201.3590087890625 1203.1639404296875 1204.615966796875 1205.6490478515625 1207.1199951171875 1208.68798828125 1209.928955078125 1211.1669921875 1212.6719970703125 1213.8740234375 1215.6180419921875 1217.31201171875 1219.468994140625 1221.737060546875 1224.052978515625 1226.4560546875 1229.051025390625 1231.02294921875 1231.4410400390625 1231.842041015625 1232.741943359375 1233.6240234375 1234.3909912109375
1107.137939453125 1110.77001953125 1114.0970458984375 1118.5469970703125 1122.29296875 1125.927001953125 1129.635986328125 1131.7889404296875 1133.7650146484375 1136.5999755859375 1139.510986328125 1140 1140 1140 1140.510986328125 1143.905029296875 1146.949951171875 1149.1240234375 1152.219970703125 1155.5030517578125 1160.18701171875 -9999 -9999 -9999 -9999 -9999 1190.677001953125 1196.655029296875 1201.1839599609375 1202.8690185546875 1204.4110107421875 1206.365966796875 1208.468017578125 1209.9429931640625 1211.592041015625 1213.1920166015625 1214.4219970703125 1216.3179931640625 1217.875 1219.6219482421875 1221.541015625 1223.791015625 1226.0059814453125 1228.4000244140625 1230.8570556640625 1233.175048828125 1235.4560546875 1235.8380126953125 1236.1109619140625 1236.6800537109375 1237.4969482421875 1238.095947265625
1111.3070068359375 1114.822021484375 1118.1949462890625 1121.8289794921875 1124.91796875 1128.656005859375 1131.501953125 1133.845947265625 1136.0699462890625 1138.25 1140 1140 1140 1140 1140 1142.60302734375 1144.1099853515625 1146.467041015625 1149.1739501953125 -9999 -9999 -9999 -9999 -9999 -9999 -9999 -9999 -9999 -9999 1203.800048828125 1205.9200439453125 -9999 -9999 -9999 -9999 -9999 -9999 1219.571044921875 1221.5279541015625 1223.741943359375 1225.5469970703125 1227.7939453125 1230.18603515625 1232.865966796875 1235.4530029296875 1237.6209716796875 1239.6920166015625 1240.176025390625 1240.447998046875 1240.9820556640625 1241.64697265625 1242.0439453125
1114.3480224609375 1117.7640380859375 1121.199951171875 1124.4449462890625 1127.614990234375 1130.4830322265625 1132.7490234375 1135.0150146484375 1137.281005859375 1139.5469970703125 1140 1140 1140 1139.251953125 1138.0460205078125 1139.6700439453125 1141.27001953125 1143.81103515625 -9999 -9999 -9999 -9999 -9999 -9999 -9999 -9999 -9999 -9999 -9999 -9999 -9999 -9999 -9999 -9999 -9999 -9999 -9999 -9999 -9999 -9999 -9999 -9999 -9999 -9999 1239.8740234375 1241.9520263671875 1243.7239990234375 1244.7969970703125 1245.0689697265625 1245.3990478515625 1247.47705078125 1247.43994140625
1116.18505859375 1119.5069580078125 1122.9749755859375 1126.4510498046875 1129.6689453125 1132.404052734375 1133.9940185546875 1135.583984375 1137.5069580078125 1139.7740478515625 1140 1138.29296875 1134.4329833984375 1133.948974609375 1133.614013671875 1135.6910400390625 1137.467041015625 -9999 -9999 -9999 -9999 -9999 -9999 -9999 -9999 -9999 -9999 -9999 -9999 -9999 -9999 -9999 -9999 -9999 -9999 -9999 -9999 -9999 -9999 -9999 -9999 -9999 -9999 -9999 -9999 1246.7359619140625 1248.052001953125 1249.4189453125 1249.68994140625 1249.9599609375 1253.3070068359375 1255.2879638671875
1118.2430419921875 1121.302978515625 1124.4429931640625 1127.968994140625 1131.2900390625 1134.2099609375 1135.946044921875 1137.0770263671875 1137.4530029296875 1136.656005859375 1132.4129638671875 -9999 -9999 -9999 1129.1600341796875 -9999 -9999 -9999 -9999 -9999 -9999 -9999 -9999 -9999 -9999 -9999 -9999 -9999 -9999 -9999 -9999 -9999 -9999 -9999 -9999 -9999 -9999 -9999 -9999 -9999 -9999 -9999 -9999 -9999 -9999 -9999 -9999 -9999 -9999 -9999 1259.720947265625 1262.406982421875
1120.301025390625 1123.166015625 1126.030029296875 1129.178955078125 1132.18994140625 1133.81494140625 1132.7530517578125 1131.6920166015625 -9999 -9999 -9999 -9999 -9999 -9999 -9999 -9999 -9999 -9999 -9999 -9999 -9999 -9999 -9999 -9999 -9999 -9999 -9999 -9999 -9999 -9999 -9999 -9999 -9999 -9999 -9999 -9999 -9999 -9999 -9999 -9999 -9999 -9999 -9999 -9999 -9999 -9999 -9999 -9999 -9999 -9999 -9999 1267.3499755859375
1121.1810302734375 1123.6409912109375 1126.68896484375 1129.8199462890625 -9999 -9999 -9999 -9999 -9999 -9999 -9999 -9999 -9999 -9999 -9999 -9999 -9999 -9999 -9999 -9999 -9999 -9999 -9999 -9999 -9999 -9999 -9999 -9999 -9999 -9999 -9999 -9999 -9999 -9999 -9999 -9999 -9999 -9999 -9999 -9999 -9999 -9999 -9999 -9999 -9999 -9999 -9999 -9999 -9999 -9999 -9999 -9999
1122.0780029296875 1124.5379638671875 1126.998046875 -9999 -9999 -9999 -9999 -9999 -9999 -9999 -9999 -9999 -9999 -9999 -9999 -9999 -9999 -9999 -9999 -9999 -9999 -9999 -9999 -9999 -9999 -9999 -9999 -9999 -9999 -9999 -9999 -9999 -9999 -9999 -9999 -9999 -9999 -9999 -9999 -9999 -9999 -9999 -9999 -9999 -9999 -9999 -9999 -9999 -9999 -9999 -9999 -9999
1120 1120.68798828125 -9999 -9999 -9999 -9999 -9999 -9999 -9999 -9999 -9999 -9999 -9999 -9999 -9999 -9999 -9999 -9999 -9999 -9999 -9999 -9999 -9999 -9999 -9999 -9999 -9999 -9999 -9999 -9999 -9999 -9999 -9999 -9999 -9999 -9999 -9999 -9999 -9999 -9999 -9999 -9999 -9999 -9999 -9999 -9999 -9999 -9999 -9999 -9999 -9999 -9999
-9999 -9999 -9999 -9999 -9999 -9999 -9999 -9999 -9999 -9999 -9999 -9999 -9999 -9999 -9999 -9999 -9999 -9999 -9999 -9999 -9999 -9999 -9999 -9999 -9999 -9999 -9999 -9999 -9999 -9999 -9999 -9999 -9999 -9999 -9999 -9999 -9999 -9999 -9999 -9999 -9999 -9999 -9999 -9999 -9999 -9999 -9999 -9999 -9999 -9999 -9999 -9999
-9999 -9999 -9999 -9999 -9999 -9999 -9999 -9999 -9999 -9999 -9999 -9999 -9999 -9999 -9999 -9999 -9999 -9999 -9999 -9999 -9999 -9999 -9999 -9999 -9999 -9999 -9999 -9999 -9999 -9999 -9999 -9999 -9999 -9999 -9999 -9999 -9999 -9999 -9999 -9999 -9999 -9999 -9999 -9999 -9999 -9999 -9999 -9999 -9999 -9999 -9999 -9999
-9999 -9999 -9999 -9999 -9999 -9999 -9999 -9999 -9999 -9999 -9999 -9999 -9999 -9999 -9999 -9999 -9999 -9999 -9999 -9999 -9999 -9999 -9999 -9999 -9999 -9999 -9999 -9999 -9999 -9999 -9999 -9999 -9999 -9999 -9999 -9999 -9999 -9999 -9999 -9999 -9999 -9999 -9999 -9999 -9999 -9999 -9999 -9999 -9999 -9999 -9999 -9999
-9999 -9999 -9999 -9999 -9999 -9999 -9999 -9999 -9999 -9999 -9999 -9999 -9999 -9999 -9999 -9999 -9999 -9999 -9999 -9999 -9999 -9999 -9999 -9999 -9999 -9999 -9999 -9999 -9999 -9999 -9999 -9999 -9999 -9999 -9999 -9999 -9999 -9999 -9999 -9999 -9999 -9999 -9999 -9999 -9999 -9999 -9999 -9999 -9999 -9999 -9999 -9999
-9999 -9999 -9999 -9999 -9999 -9999 -9999 -9999 -9999 -9999 -9999 -9999 -9999 -9999 -9999 -9999 -9999 -9999 -9999 -9999 -9999 -9999 -9999 -9999 -9999 -9999 -9999 -9999 -9999 -9999 -9999 -9999 -9999 -9999 -9999 -9999 -9999 -9999 -9999 -9999 -9999 -9999 -9999 -9999 -9999 -9999 -9999 -9999 -9999 -9999 -9999 -9999
