data/ReDellaPietra/DemReDellaPietra.asc
ncols        240
nrows        207
xllcorner    1709947.231034500059
yllcorner    4861445.500000000000
cellsize     10.000000000000
NODATA_value  -9999
[rows 69 to 91 of 207, columns 52 to 103 of 240]
1054.2840576171875 1049.635009765625 1046.633056640625 1043.6500244140625 1040.8900146484375 1038.7159423828125 1035.623046875 1033.10595703125 1030.7769775390625 1028.1949462890625 1026.3299560546875 1024.5689697265625 1023.5889892578125 1022.52099609375 1021.17901611328125 1018.43902587890625 1015.22802734375 1010.093994140625 1005.2860107421875 1002.19000244140625 1000.3759765625 1001.8280029296875 1003.7979736328125 1004.63897705078125 1005.4320068359375 1006.41998291015625 1006.47100830078125 1006.34100341796875 1005.03900146484375 1002.3189697265625 998.85748291015625 989.69189453125 983.30450439453125 976.95458984375 970.5723876953125 964.60711669921875 958.728271484375 953.513427734375 946.84136962890625 938.5330810546875 931.09869384765625 924.63458251953125 918.23138427734375 911.71728515625 906.10418701171875 901.11688232421875 895.63812255859375 889.89837646484375 890.37701416015625 890.148681640625 889.41302490234375 887.81268310546875
1052.385009765625 1048.968017578125 1045.93701171875 1042.89404296875 1039.843017578125 1036.8060302734375 1034.0789794921875 1031.3809814453125 1027.9000244140625 1025.4429931640625 1023.33599853515625 1021.56500244140625 1019.77899169921875 1018.47601318359375 1017.26800537109375 1014.52398681640625 1011.59197998046875 1006 999.82147216796875 996.9091796875 994.94940185546875 994.81170654296875 996.67437744140625 998.273681640625 999.23687744140625 1000.4229736328125 1001.5780029296875 1001.60498046875 1001.7509765625 1000.302001953125 994.771728515625 988.54937744140625 982.06207275390625 975.82080078125 969.5908203125 963.79498291015625 957.80352783203125 952.49652099609375 945.36962890625 936.66888427734375 928.75079345703125 921.58038330078125 914.48919677734375 908.27020263671875 901.8734130859375 897.3331298828125 892.711181640625 887.89080810546875 885.80267333984375 885.857177734375 885.0985107421875 886.22509765625
1051.47705078125 1048.18603515625 1045.0469970703125 1041.95703125 1038.85595703125 1035.64794921875 1032.4560546875 1029.489990234375 1025.31298828125 1022.33502197265625 1020.39697265625 1018.41400146484375 1016.46697998046875 1014.7139892578125 1013.18597412109375 1011.1099853515625 1007.718994140625 1003.35400390625 997.81890869140625 992.9561767578125 990.16668701171875 989.0211181640625 989.06512451171875 990.45928955078125 991.5557861328125 992.47161865234375 993.82891845703125 994.6746826171875 994.92388916015625 994.02130126953125 988.647216796875 983.84991455078125 978.88092041015625 973.37432861328125 967.6929931640625 961.5418701171875 955.15777587890625 949.75390625 941.8001708984375 933.70892333984375 925.7711181640625 917.76019287109375 910.3289794921875 903.34637451171875 898.03338623046875 892.9542236328125 888.6531982421875 884.92938232421875 881.23211669921875 881.2047119140625 883.2213134765625 886.2186279296875
1050.6109619140625 1047.446044921875 1044.3079833984375 1041.1700439453125 1037.75 1034.4859619140625 1031.2779541015625 1027.844970703125 1023.655029296875 1019.75299072265625 1018.73602294921875 1015.79498291015625 1013.33599853515625 1011.2760009765625 1009.61297607421875 1007.66400146484375 1003.96197509765625 1000.260009765625 994.63262939453125 988.971923828125 984.75738525390625 982.288330078125 982.226318359375 982.7960205078125 983.60577392578125 984.44952392578125 985.42388916015625 986.35040283203125 986.850830078125 986.14837646484375 982.73419189453125 978.7169189453125 974.20977783203125 969.23907470703125 963.96661376953125 958.584228515625 952.78448486328125 945.82598876953125 938.073486328125 930.25201416015625 922.2855224609375 914.1624755859375 906.23876953125 899.389892578125 895.52947998046875 890.89398193359375 885.98687744140625 881.29302978515625 877.74737548828125 879.26678466796875 882.4769287109375 885.68707275390625
1050.9139404296875 1047.39794921875 1043.68505859375 1040.4310302734375 1036.905029296875 1033.3170166015625 1029.9439697265625 1026.3819580078125 1022.63201904296875 1018.927978515625 1015.88800048828125 1013.38397216796875 1010.7249755859375 1008.1510009765625 1005.7449951171875 1003.64300537109375 1000.8900146484375 995.40692138671875 989.67608642578125 984.46142578125 980.30029296875 976.80792236328125 976.05126953125 975.63140869140625 975.930419921875 976.42626953125 977.2811279296875 978.23590087890625 978.81121826171875 979.3499755859375 976.4625244140625 973.2230224609375 968.9827880859375 964.9215087890625 960.14251708984375 954.64459228515625 949.04022216796875 941.69647216796875 934.22540283203125 926.62030029296875 918.7384033203125 910.66888427734375 902.5501708984375 896.697509765625 892.9656982421875 888.8897705078125 884.20068359375 879.57647705078125 874.95220947265625 878.40277099609375 881.8463134765625 885.21392822265625
1051.2490234375 1047.81396484375 1044.0870361328125 1040.1209716796875 1036.053955078125 1032.4659423828125 1028.6390380859375 1024.85302734375 1021.32598876953125 1017.33697509765625 1013.24298095703125 1010.7509765625 1007.66998291015625 1005.3170166015625 1002.72698974609375 1000.416015625 995.94842529296875 990.38922119140625 984.6392822265625 979.509521484375 975.017578125 971.44189453125 969.3505859375 968.41717529296875 968.125 968.49371337890625 969.10107421875 970.0889892578125 970.8489990234375 971.544921875 969.738525390625 967.57659912109375 964.1610107421875 960.03692626953125 956.16949462890625 951.29571533203125 944.484619140625 937.27691650390625 929.93389892578125 922.67742919921875 915.0413818359375 907.3524169921875 899.7965087890625 893.8212890625 889.79852294921875 887.18212890625 883.0770263671875 878.44647216796875 874.48028564453125 878.34747314453125 881.53570556640625 884.723876953125
1051.8499755859375 1048.1070556640625 1044.030029296875 1040.06396484375 1035.85205078125 1031.635986328125 1027.6009521484375 1023.2459716796875 1019.593017578125 1014.99200439453125 1011.08197021484375 1007.82598876953125 1004.49700927734375 1001.63299560546875 999.1458740234375 994.72039794921875 989.71490478515625 984.61859130859375 979.39801025390625 974.4136962890625 969.66290283203125 965.49932861328125 962.85992431640625 961.3438720703125 960.81927490234375 960.60601806640625 960.80047607421875 961.578125 963.37982177734375 964.1605224609375 964.38641357421875 962.04638671875 958.94091796875 955.5521240234375 951.69622802734375 946.7421875 939.905029296875 932.6580810546875 925.58282470703125 918.338623046875 910.94232177734375 903.80218505859375 896.66851806640625 890.93048095703125 886.93988037109375 884.90130615234375 881.89501953125 877.2484130859375 874.21539306640625 878.73638916015625 881.96258544921875 885.09228515625
1052.68798828125 1049.1710205078125 1044.91796875 1040.094970703125 1035.324951171875 1031.0660400390625 1026.2149658203125 1021.99798583984375 1017.3389892578125 1012.45098876953125 1008.60601806640625 1004.87298583984375 1001.69097900390625 996.7930908203125 993.260498046875 988.756591796875 983.97320556640625 978.778076171875 973.58489990234375 968.5247802734375 963.70611572265625 959.485595703125 956.41937255859375 954.33050537109375 952.910888671875 952.61651611328125 952.50787353515625 953.1168212890625 955.13751220703125 956.72821044921875 956.9522705078125 956.717529296875 953.87432861328125 950.9312744140625 946.07781982421875 940.41217041015625 934.26971435546875 927.61248779296875 920.96380615234375 913.798583984375 906.7249755859375 899.77618408203125 893.38421630859375 887.8428955078125 883.190185546875 880.64959716796875 879.4329833984375 877.04998779296875 874.11541748046875 878.132080078125 881.8839111328125 885.16278076171875
1053.4720458984375 1050.1519775390625 1045.177001953125 1040.1729736328125 1035.133056640625 1030.281982421875 1025.0570068359375 1020.36297607421875 1015.364013671875 1010.2459716796875 1005.114990234375 1000.1209716796875 996.57672119140625 991.41058349609375 987.7388916015625 983.377685546875 978.36572265625 972.93658447265625 967.89117431640625 962.4749755859375 957.6505126953125 953.230224609375 949.62298583984375 948.57867431640625 947.53448486328125 946.71881103515625 946.651123046875 946.42572021484375 948.03131103515625 949.54327392578125 950.74151611328125 951.3302001953125 948.23577880859375 944.92047119140625 939.92962646484375 934.97698974609375 928.8897705078125 922.52471923828125 915.92999267578125 908.9044189453125 901.9404296875 896.54827880859375 890.5712890625 885.35260009765625 880.68017578125 877.2501220703125 876.25140380859375 874.79888916015625 872.7117919921875 877.101806640625 881.16778564453125 884.58270263671875
1054.012939453125 1050.510986328125 1045.6319580078125 1040.116943359375 1034.6099853515625 1029.470947265625 1024.1500244140625 1018.614013671875 1013.2349853515625 1007.968017578125 1002.5999755859375 998.65570068359375 993.885986328125 988.021484375 983.7540283203125 979.69451904296875 974.1165771484375 967.7454833984375 962.4124755859375 956.8450927734375 951.27777099609375 948.22412109375 945.79071044921875 944.401611328125 943.31561279296875 942.07171630859375 941.6497802734375 941.31591796875 942.10772705078125 943.24951171875 944.45172119140625 944.402587890625 941.67138671875 938.64581298828125 934.359375 929.5831298828125 923.6876220703125 917.451416015625 910.88372802734375 904.10906982421875 898.13629150390625 893.361572265625 888.35931396484375 883.2529296875 878.5955810546875 874.6710205078125 873.16912841796875 872.09588623046875 871.78289794921875 876.15191650390625 880.4453125 884.19622802734375
1054.3740234375 1050.8699951171875 1045.802978515625 1039.906005859375 1034.1290283203125 1028.6199951171875 1022.96002197265625 1017.30999755859375 1011.69000244140625 1005.916015625 1000.38800048828125 995.4840087890625 990.63641357421875 986.224609375 981.87567138671875 977.032470703125 971.98712158203125 965.4976806640625 958.7979736328125 953.0159912109375 947.84747314453125 944.50567626953125 941.99078369140625 940.49151611328125 938.91741943359375 937.45269775390625 936.61492919921875 936.2186279296875 936.0880126953125 937.130126953125 937.30181884765625 937.14288330078125 935.465576171875 932.6436767578125 929.03070068359375 924.33251953125 918.85528564453125 912.61328125 906.0032958984375 899.600830078125 895.005615234375 890.264892578125 884.69171142578125 879.59259033203125 875.2974853515625 872.1068115234375 870.08868408203125 869.7567138671875 869.96441650390625 874.9119873046875 879.55352783203125 883.36737060546875
1054.677001953125 1050.9730224609375 1045.4110107421875 1039.5350341796875 1033.70703125 1027.885986328125 1022.0369873046875 1016.0980224609375 1010.4580078125 1004.50701904296875 998.85418701171875 994.1378173828125 989.38671875 984.386474609375 979.94512939453125 973.98779296875 969.40020751953125 963.26617431640625 957.0443115234375 949.982177734375 945.13812255859375 941.23138427734375 938.26739501953125 936.56768798828125 933.935302734375 932.589111328125 931.6019287109375 930.83001708984375 930.14239501953125 930.59271240234375 930.9439697265625 930.35577392578125 929.5009765625 926.85906982421875 924.0166015625 919.27667236328125 913.9873046875 907.89630126953125 901.35467529296875 896.3828125 891.830078125 886.98992919921875 881.43621826171875 876.617919921875 872.319580078125 869.13018798828125 867.90087890625 866.9945068359375 868.19329833984375 872.46502685546875 877.96832275390625 882.33392333984375
1054.5970458984375 1050.8929443359375 1045.1739501953125 1039.052978515625 1033.2080078125 1027.344970703125 1021.385986328125 1015.45098876953125 1009.2750244140625 1003.5460205078125 997.9625244140625 992.95672607421875 988.134521484375 983.1343994140625 978.323486328125 973.184326171875 968.85321044921875 963.8109130859375 956.809814453125 949.64837646484375 944.15081787109375 938.6776123046875 934.90631103515625 932.34942626953125 929.49530029296875 927.55572509765625 926.33331298828125 925.43408203125 924.213623046875 924.29229736328125 924.21820068359375 923.742919921875 923.50518798828125 921.33642578125 918.75860595703125 914.27130126953125 909.188720703125 903.365478515625 897.8095703125 893.2445068359375 888.6826171875 884.10107421875 878.651123046875 872.71807861328125 869.67291259765625 868.01617431640625 866.12677001953125 864.8720703125 867.0615234375 870.70672607421875 876.33148193359375 881.5458984375
1053.2989501953125 1050.3499755859375 1043.6739501953125 1037.2939453125 1031.3270263671875 1025.405029296875 1019.86798095703125 1014.25201416015625 1008.14398193359375 1002.63397216796875 997.2808837890625 992.0145263671875 986.9329833984375 982.005126953125 977.319580078125 972.69049072265625 967.9337158203125 962.94061279296875 957.72271728515625 951.7913818359375 945.8436279296875 939.69091796875 935.3668212890625 929.61962890625 925.21307373046875 923.21429443359375 921.28302001953125 919.797119140625 918.33648681640625 917.5604248046875 917.466796875 917.30230712890625 917.1038818359375 916.140380859375 913.7249755859375 909.74237060546875 904.7620849609375 899.152587890625 894.6221923828125 890.044921875 885.535888671875 880.9539794921875 875.82177734375 869.6466064453125 867.39471435546875 865.43988037109375 863.73602294921875 862.45880126953125 865.98199462890625 869.34918212890625 874.6920166015625 880.50909423828125
1051.800048828125 1047.2359619140625 1040.1259765625 1034.573974609375 1028.9539794921875 1022.97698974609375 1017.35198974609375 1011.35198974609375 1005.86102294921875 1000.36297607421875 995.4810791015625 989.87689208984375 984.38641357421875 980.15087890625 975.89422607421875 971.4063720703125 967.5054931640625 962.91082763671875 958.08367919921875 952.92449951171875 947.86602783203125 941.29388427734375 935.34942626953125 929.48651123046875 923.85302734375 919.0369873046875 915.748291015625 913.356201171875 911.97357177734375 910.88299560546875 910.80267333984375 910.7498779296875 911.1746826171875 910.80462646484375 908.85992431640625 905.43731689453125 900.3485107421875 895.80078125 891.33697509765625 886.85052490234375 882.36090087890625 877.65228271484375 872.7266845703125 868.54656982421875 865.72540283203125 863.227294921875 861.16632080078125 860.33282470703125 863.68560791015625 867.81890869140625 873.3115234375 879.24652099609375
1048.4090576171875 1041.1629638671875 1034.3590087890625 1028.56494140625 1023.2760009765625 1018.0369873046875 1013.04901123046875 1007.76898193359375 1002.510009765625 997.4473876953125 992.39141845703125 987.219970703125 981.88641357421875 977.45892333984375 973.517578125 969.35272216796875 966.29132080078125 962.66888427734375 958.49737548828125 954.5343017578125 950.31427001953125 942.5205078125 935.48358154296875 929.3521728515625 922.771484375 917.0125732421875 910.18011474609375 906.85797119140625 904.877197265625 903.41802978515625 903.5894775390625 904.64111328125 905.67987060546875 905.8853759765625 904.87237548828125 901.27947998046875 896.37567138671875 891.69598388671875 887.31597900390625 883.07098388671875 878.7421875 874.63702392578125 869.79071044921875 866.5955810546875 864.00848388671875 861.42156982421875 858.99761962890625 858.315185546875 861.62640380859375 866.74908447265625 872.10711669921875 877.8740234375
1040.1510009765625 1033.81005859375 1027.25 1021.90802001953125 1016.85699462890625 1011.89398193359375 1007.11602783203125 1002.2349853515625 996.72149658203125 991.6968994140625 986.70892333984375 981.73858642578125 976.66131591796875 973.5316162109375 970.05560302734375 967.11517333984375 964.3931884765625 961.62298583984375 958.0186767578125 954.11767578125 950.2166748046875 942.91510009765625 935.4105224609375 928.030029296875 920.90692138671875 913.66351318359375 906.61749267578125 899.80267333984375 898.50848388671875 897.26611328125 897.41741943359375 897.68011474609375 900.1614990234375 900.36932373046875 900.39422607421875 896.79510498046875 891.78228759765625 887.12811279296875 882.8856201171875 878.77978515625 874.914794921875 871.12750244140625 867.84381103515625 864.58489990234375 861.6138916015625 859.20587158203125 857.09490966796875 856.05767822265625 859.75439453125 865.15167236328125 871.001708984375 876.84661865234375
1032.384033203125 1025.89697265625 1019.6929931640625 1013.864990234375 1008.947021484375 1004.39398193359375 1000.33599853515625 995.97479248046875 990.3953857421875 985.16168212890625 980.5596923828125 976.2418212890625 971.71441650390625 968.1973876953125 965.23211669921875 962.5595703125 960.292724609375 958.16839599609375 955.8140869140625 952.602783203125 949.64501953125 941.77081298828125 933.90081787109375 926.40472412109375 918.86798095703125 911.35247802734375 902.98779296875 897.3330078125 893.44921875 892.714599609375 892.33331298828125 891.49908447265625 891.8463134765625 893.00872802734375 892.926025390625 890.36322021484375 887.08001708984375 882.38470458984375 877.9346923828125 873.95849609375 869.998291015625 866.80999755859375 863.7266845703125 861.13427734375 858.434814453125 856.389892578125 854.13238525390625 853.69757080078125 858.651611328125 864.29840087890625 870.15069580078125 875.9580078125
1024.9100341796875 1018.1240234375 1012.083984375 1005.59698486328125 1000.364990234375 996.23797607421875 992.24017333984375 987.79217529296875 983.17242431640625 978.3048095703125 973.59722900390625 969.59112548828125 965.4495849609375 962.13177490234375 960.1292724609375 957.049072265625 954.969482421875 954.58477783203125 952.9984130859375 950 948.31451416015625 940.3270263671875 932.22967529296875 924.478515625 916.87738037109375 909.0626220703125 901.18707275390625 895.84307861328125 890.71148681640625 889.21728515625 887.859375 887.24407958984375 885.2567138671875 886.0791015625 885.92218017578125 884.0145263671875 881.8284912109375 877.28472900390625 872.65301513671875 868.57598876953125 864.4302978515625 861.58642578125 858.7572021484375 856.443603515625 853.74298095703125 851.6561279296875 850.21917724609375 852.71221923828125 857.9298095703125 863.48028564453125 869.0399169921875 874.32598876953125
1018.9639892578125 1011.489013671875 1005.0770263671875 997.97979736328125 993.32012939453125 988.92327880859375 984.23272705078125 980.03167724609375 975.57373046875 970.94830322265625 966.4407958984375 962.24658203125 958.12451171875 954.64691162109375 952.35992431640625 950.36151123046875 949.6185302734375 948.97967529296875 948.35882568359375 946.02642822265625 942.00762939453125 935.8148193359375 930.20880126953125 922.4619140625 915.2489013671875 907.6790771484375 900.04522705078125 895.1334228515625 889.67291259765625 886.07611083984375 884.361572265625 883.382080078125 880.535400390625 879.4959716796875 879.3759765625 877.6771240234375 875.548828125 872.084228515625 867.46697998046875 863.09588623046875 858.8956298828125 854.8751220703125 851.88751220703125 850.5228271484375 849.65557861328125 848.89031982421875 848.242919921875 851.34759521484375 856.51470947265625 861.76593017578125 866.9669189453125 872.0045166015625
1012.71697998046875 1004.7969970703125 999.09332275390625 992.878173828125 987.42987060546875 981.889892578125 976.35711669921875 972.16168212890625 967.81787109375 963.38818359375 958.87982177734375 955.05126953125 950.9093017578125 947.18487548828125 945.1400146484375 943.11376953125 940.9852294921875 940.5001220703125 940.05517578125 937.717529296875 935.42120361328125 930.8505859375 926.0399169921875 919.64691162109375 913.20977783203125 906.27911376953125 899.01678466796875 894.22662353515625 889.089111328125 883.33087158203125 881.28948974609375 878.90948486328125 876.37371826171875 874.63458251953125 873.63677978515625 871.43212890625 869.3048095703125 866.7542724609375 862.1588134765625 857.63531494140625 853.32977294921875 849.526611328125 847.01617431640625 846.32501220703125 845.68121337890625 845.416015625 845.46197509765625 848.81280517578125 854.51397705078125 860.031494140625 864.71661376953125 868.81732177734375
1010.33697509765625 999.7615966796875 993.71197509765625 987.82781982421875 981.898681640625 976.3331298828125 970.4818115234375 964.3831787109375 960.035888671875 955.9136962890625 951.20062255859375 947.5311279296875 944.23187255859375 941.018310546875 938.330078125 936.01031494140625 933.82330322265625 932.46551513671875 931.86688232421875 930.58441162109375 928.331787109375 925.65167236328125 921.5166015625 916.25042724609375 910.457275390625 904.9451904296875 897.75 892.62939453125 887.72479248046875 881.9873046875 877.54388427734375 874.35137939453125 871.99462890625 869.68731689453125 867.6458740234375 865.9453125 863.44482421875 860.81597900390625 856.78948974609375 852.33392333984375 848.2781982421875 845.35089111328125 842.7578125 842.24871826171875 841.69232177734375 842.28948974609375 843.40472412109375 846.0150146484375 852.65411376953125 858.84552001953125 861.7979736328125 865.31341552734375
1008.25201416015625 999.06671142578125 991.12548828125 984.07452392578125 977.73687744140625 970.9774169921875 964.53521728515625 957.8916015625 952.35906982421875 948.53607177734375 944.71331787109375 940.80126953125 937.35247802734375 934.384521484375 931.6536865234375 928.9227294921875 926.5087890625 924.69677734375 923.72119140625 922.61962890625 921.1824951171875 918.784423828125 916.55377197265625 912.29217529296875 908.05548095703125 902.9967041015625 896.5142822265625 890.48992919921875 884.71539306640625 878.74688720703125 872.5430908203125 869.53167724609375 866.7529296875 864.1885986328125 861.964599609375 860.57537841796875 858.59210205078125 856.04962158203125 851.57000732421875 847.630615234375 844.04522705078125 840.8917236328125 839.97601318359375 839.914306640625 839.794189453125 840.57391357421875 842.06182861328125 847.030029296875 852.50360107421875 857.672119140625 860.32177734375 863.88421630859375
