data/ReDellaPietra/DemReDellaPietra.asc
ncols        240
nrows        207
xllcorner    1709947.231034500059
yllcorner    4861445.500000000000
cellsize     10.000000000000
NODATA_value  -9999
[rows 92 to 114 of 207, columns 104 to 155 of 240]
869.32269287109375 873.1624755859375 877.451416015625 880.00738525390625 884.16729736328125 887.85577392578125 889.955810546875 894.0078125 898.43572998046875 903.20501708984375 908.20611572265625 913.301025390625 918.62078857421875 924.334228515625 930.0560302734375 936.85107421875 943.74578857421875 949.0316162109375 953.38421630859375 957.62847900390625 961.54931640625 965.51788330078125 969.472412109375 973.4268798828125 977.452392578125 981.60552978515625 985.78228759765625 990.07318115234375 993.867919921875 997.89129638671875 1001.78802490234375 1005.8079833984375 1009.86798095703125 1014.0250244140625 1018.15802001953125 1022.1300048828125 1026.31103515625 1030.4580078125 1033.376953125 1036.5260009765625 1040.386962890625 1044.4530029296875 1048.405029296875 1051.125 1052.509033203125 1053.8929443359375 1057.0670166015625 1060.0419921875 1063.5169677734375 1069.7550048828125 1073.8900146484375 1078.364013671875
872.565185546875 876.4052734375 880.09521484375 883.8087158203125 887.5220947265625 890.93817138671875 894.6300048828125 898.32177734375 902.811279296875 907.4639892578125 912.27642822265625 917.1624755859375 922.287109375 927.60980224609375 933.20709228515625 938.96490478515625 945.90478515625 951.5360107421875 955.6348876953125 959.85687255859375 964.22247314453125 968.26177978515625 972.30389404296875 976.5164794921875 980.7808837890625 984.89971923828125 989.01837158203125 992.9697265625 996.794677734375 1000.77001953125 1004.83197021484375 1008.88201904296875 1013.041015625 1017.20098876953125 1021.4169921875 1025.7430419921875 1029.9129638671875 1034.262939453125 1038.123046875 1042.6820068359375 1046.904052734375 1050.613037109375 1052.7440185546875 1054.8409423828125 1057.0340576171875 1059.0589599609375 1061.5980224609375 1064.0340576171875 1067.5250244140625 1072.14794921875 1076.157958984375 1080.0069580078125
875.33258056640625 879.21832275390625 883.13018798828125 886.963623046875 890.7183837890625 894.47491455078125 898.08917236328125 902.1126708984375 906.70758056640625 911.268798828125 916.02587890625 920.94921875 925.82568359375 930.63458251953125 935.81292724609375 940.97528076171875 946.7017822265625 952.53289794921875 957.3770751953125 962.04278564453125 966.3709716796875 970.75518798828125 975.01531982421875 979.172607421875 983.47161865234375 987.7813720703125 991.84539794921875 995.75592041015625 999.63519287109375 1003.6400146484375 1007.72198486328125 1011.85302734375 1016.04901123046875 1020.2459716796875 1024.531005859375 1028.81494140625 1033.2490234375 1037.7919921875 1042.6290283203125 1047.801025390625 1051.5240478515625 1053.8489990234375 1056.1429443359375 1058.4239501953125 1060.5870361328125 1062.7740478515625 1065.2159423828125 1067.7430419921875 1070.2750244140625 1074.0780029296875 1077.9830322265625 1080.9100341796875
877.7965087890625 881.9744873046875 885.89691162109375 889.8192138671875 893.6729736328125 897.4705810546875 901.432373046875 905.91497802734375 910.36822509765625 914.525390625 919.0916748046875 923.82318115234375 928.5626220703125 933.31549072265625 938.03887939453125 942.7000732421875 947.22882080078125 952.9022216796875 957.8516845703125 962.79779052734375 967.49609375 971.97027587890625 976.64599609375 981.3828125 985.78668212890625 989.9910888671875 994.1920166015625 998.3026123046875 1002.48797607421875 1006.45599365234375 1010.5260009765625 1014.5889892578125 1018.7340087890625 1023.00299072265625 1027.3060302734375 1031.6610107421875 1036.1219482421875 1040.6669921875 1045.43603515625 1050.4119873046875 1054.02294921875 1056.95703125 1059.3929443359375 1061.7550048828125 1064.1290283203125 1066.343017578125 1068.738037109375 1071.2440185546875 1073.8070068359375 1076.8509521484375 1080.175048828125 1083.551025390625
879.58209228515625 884.15118408203125 888.5377197265625 892.482177734375 896.3814697265625 900.21881103515625 904.2708740234375 908.57110595703125 912.58697509765625 917.076416015625 921.59521484375 926.03961181640625 930.4564208984375 934.70611572265625 939.0823974609375 943.79461669921875 948.49261474609375 953.2606201171875 958.30987548828125 963.29937744140625 968.205322265625 973.22900390625 977.94317626953125 982.70208740234375 987.4959716796875 992.08221435546875 996.32159423828125 1000.44000244140625 1004.625 1008.93701171875 1013.15997314453125 1017.21502685546875 1021.34600830078125 1025.6209716796875 1029.883056640625 1034.18701171875 1038.8079833984375 1043.5699462890625 1048.2049560546875 1052.4129638671875 1056.1219482421875 1059.2340087890625 1062.4739990234375 1065.0970458984375 1067.5550537109375 1069.9119873046875 1072.281982421875 1074.7220458984375 1077.322021484375 1080.092041015625 1083.197998046875 1086.446044921875
880.96832275390625 885.715087890625 890.3031005859375 894.97528076171875 899.09002685546875 903.08807373046875 907.02728271484375 910.872314453125 914.8355712890625 918.95562744140625 923.14111328125 927.160888671875 931.49688720703125 935.68731689453125 939.87762451171875 944.15032958984375 948.40557861328125 953.15740966796875 958.317626953125 963.50360107421875 968.53021240234375 973.5662841796875 978.6688232421875 983.7529296875 988.4451904296875 993.3798828125 998.422119140625 1002.60601806640625 1006.7869873046875 1011.0479736328125 1015.33697509765625 1019.52801513671875 1023.79998779296875 1028.1009521484375 1032.3690185546875 1036.60400390625 1041.0760498046875 1045.4930419921875 1050.406005859375 1054.3800048828125 1058.10595703125 1061.7239990234375 1065.071044921875 1068.27099609375 1070.759033203125 1073.31201171875 1075.7760009765625 1078.1829833984375 1080.758056640625 1083.3280029296875 1086.27001953125 1089.3890380859375
881.3660888671875 886.60302734375 891.35211181640625 896.26568603515625 901.06060791015625 904.83697509765625 908.61712646484375 912.58837890625 916.6353759765625 920.41357421875 924.2750244140625 928.205078125 932.07318115234375 936.02801513671875 940.07379150390625 944.20257568359375 948.3314208984375 953.14141845703125 958.34307861328125 963.52001953125 968.6619873046875 973.92767333984375 979.040283203125 984.142578125 989.24041748046875 994.2838134765625 999.2659912109375 1004.05902099609375 1008.35797119140625 1012.91900634765625 1017.20001220703125 1021.5419921875 1025.9420166015625 1030.1829833984375 1034.501953125 1038.8509521484375 1043.2889404296875 1047.70703125 1051.9840087890625 1056.2080078125 1060.0240478515625 1063.9949951171875 1067.532958984375 1070.9300537109375 1073.9630126953125 1076.60498046875 1079.10302734375 1081.6180419921875 1084.1669921875 1086.73095703125 1089.5849609375 1092.4539794921875
881.707275390625 887.02288818359375 892.8712158203125 898.46209716796875 902.65802001953125 906.3798828125 909.705322265625 913.59637451171875 917.40228271484375 921.176513671875 924.9368896484375 928.7454833984375 932.5980224609375 936.4141845703125 940.24517822265625 944.06622314453125 947.8870849609375 952.4688720703125 957.78692626953125 963.13421630859375 968.45318603515625 973.73828125 979.11212158203125 984.48388671875 989.572021484375 994.85882568359375 1000.030029296875 1004.85101318359375 1009.5150146484375 1014.18902587890625 1018.89501953125 1023.3179931640625 1027.751953125 1032.220947265625 1036.6109619140625 1040.9749755859375 1045.4580078125 1049.9139404296875 1053.949951171875 1058.0169677734375 1062.0589599609375 1066.0350341796875 1069.958984375 1073.39501953125 1076.698974609375 1079.5030517578125 1082.43505859375 1085.053955078125 1087.6009521484375 1090.1490478515625 1092.8160400390625 1095.6729736328125
881.49102783203125 887.4144287109375 893.42852783203125 899.52960205078125 903.31878662109375 906.7047119140625 910.03570556640625 913.9818115234375 917.75067138671875 921.40631103515625 925.07452392578125 928.73321533203125 932.4208984375 936.103271484375 939.7703857421875 943.47662353515625 947.19781494140625 951.47247314453125 956.99542236328125 962.55108642578125 968.04522705078125 973.57012939453125 978.9635009765625 984.39801025390625 989.847900390625 995.26611328125 1000.55902099609375 1005.39599609375 1010.41497802734375 1015.2769775390625 1019.97900390625 1024.762939453125 1029.240966796875 1033.7969970703125 1038.2960205078125 1042.81396484375 1047.2979736328125 1051.720947265625 1055.9630126953125 1060.010009765625 1064.0419921875 1068.0460205078125 1072.02001953125 1075.72900390625 1079.27099609375 1082.4449462890625 1085.5030517578125 1088.2659912109375 1091.0179443359375 1093.512939453125 1096.0240478515625 1098.885986328125
880.73406982421875 886.53778076171875 892.54949951171875 898.4398193359375 902.6494140625 906.257080078125 909.75048828125 913.549072265625 917.24652099609375 920.899169921875 924.55499267578125 928.19842529296875 931.876220703125 935.58758544921875 939.29901123046875 943.03387451171875 946.7725830078125 950.7686767578125 956.4141845703125 962.0211181640625 967.58697509765625 973.1400146484375 978.69769287109375 984.2916259765625 989.7548828125 995.40118408203125 1000.97900390625 1006.1400146484375 1011.1610107421875 1016.12799072265625 1021.00201416015625 1025.7969970703125 1030.5899658203125 1035.31103515625 1039.906005859375 1044.468994140625 1048.97802734375 1053.343994140625 1057.6300048828125 1061.887939453125 1065.969970703125 1070.0260009765625 1074.029052734375 1077.93505859375 1081.5789794921875 1085.1610107421875 1088.4949951171875 1091.3890380859375 1094.2659912109375 1096.906982421875 1099.385986328125 1103.0159912109375
879.32452392578125 885.22491455078125 891.235595703125 897.32269287109375 901.97991943359375 905.42742919921875 908.8743896484375 912.57659912109375 916.26519775390625 919.90057373046875 923.47021484375 927.0355224609375 930.88568115234375 934.49737548828125 938.40277099609375 942.43621826171875 946.4539794921875 950.2896728515625 955.91107177734375 961.5576171875 967.184326171875 972.79547119140625 978.40277099609375 984.01593017578125 989.63812255859375 995.25811767578125 1000.822998046875 1006.1290283203125 1011.54498291015625 1016.64801025390625 1021.7020263671875 1026.89599609375 1031.6700439453125 1036.446044921875 1041.2659912109375 1046.032958984375 1050.635009765625 1054.967041015625 1059.2900390625 1063.56494140625 1067.7979736328125 1071.9139404296875 1076.0169677734375 1079.9990234375 1083.93798828125 1087.6629638671875 1091.072021484375 1094.5369873046875 1097.43798828125 1100.4129638671875 1103.748046875 1107.3699951171875
877.6727294921875 883.3568115234375 888.948486328125 894.871826171875 900.023681640625 903.48687744140625 906.96197509765625 910.73468017578125 914.19049072265625 918.08111572265625 921.818603515625 925.72552490234375 929.6533203125 933.5322265625 937.56982421875 941.6793212890625 945.81231689453125 949.9451904296875 955.5947265625 961.28289794921875 966.91961669921875 972.5322265625 978.114990234375 983.782470703125 989.42626953125 995.084716796875 1000.66802978515625 1006.072998046875 1011.5260009765625 1016.9119873046875 1022.17999267578125 1027.4310302734375 1032.6199951171875 1037.739013671875 1042.5479736328125 1047.35302734375 1052.1080322265625 1056.5849609375 1060.9420166015625 1065.29296875 1069.56005859375 1073.801025390625 1077.988037109375 1081.989013671875 1085.9849853515625 1090.009033203125 1093.7459716796875 1097.3050537109375 1100.5389404296875 1103.362060546875 1107.1090087890625 1110.968017578125
875.5499267578125 881.0438232421875 886.31097412109375 891.5255126953125 896.36871337890625 900.86651611328125 904.64569091796875 908.50390625 912.31927490234375 916.1304931640625 920.2916259765625 924.2042236328125 928.2838134765625 932.3905029296875 936.5048828125 940.98870849609375 945.47552490234375 949.8004150390625 955.371826171875 960.94970703125 966.55029296875 972.21221923828125 977.80572509765625 983.4666748046875 989.17852783203125 994.83538818359375 1000.48297119140625 1006.0150146484375 1011.51300048828125 1016.97802734375 1022.3809814453125 1027.7340087890625 1032.9169921875 1038.18603515625 1043.427978515625 1048.637939453125 1053.4449462890625 1058.1400146484375 1062.6009521484375 1067.0469970703125 1071.35498046875 1075.6619873046875 1079.8590087890625 1084.0469970703125 1088.1109619140625 1092.2010498046875 1096.343017578125 1100.0350341796875 1103.2030029296875 1106.3709716796875 1109.6700439453125 1112.9639892578125
873.29461669921875 878.53668212890625 883.66217041015625 888.5595703125 893.3223876953125 897.9661865234375 902.119873046875 906.05181884765625 910.1514892578125 914.04052734375 918.478515625 922.69512939453125 926.98431396484375 931.21929931640625 935.7022705078125 940.16790771484375 944.71038818359375 949.22607421875 954.7003173828125 960.23480224609375 965.868408203125 971.57220458984375 977.272216796875 982.99029541015625 988.65057373046875 994.3800048828125 1000.09100341796875 1005.82598876953125 1011.41497802734375 1017 1022.4730224609375 1027.9599609375 1033.3719482421875 1038.7249755859375 1044.0050048828125 1049.303955078125 1054.134033203125 1059.22802734375 1064.23095703125 1068.6839599609375 1073.2010498046875 1077.4820556640625 1081.717041015625 1085.9310302734375 1090.16796875 1094.2659912109375 1098.39697265625 1102.050048828125 1105.281982421875 1108.448974609375 1111.718017578125 1115.01904296875
870.96820068359375 875.9730224609375 880.98138427734375 885.72027587890625 890.3739013671875 894.9169921875 899.38507080078125 903.52642822265625 907.6710205078125 911.96099853515625 916.180419921875 920.672119140625 924.9403076171875 929.60467529296875 933.99700927734375 938.87451171875 943.7462158203125 948.51800537109375 953.8140869140625 959.51068115234375 965.21148681640625 970.922607421875 976.635498046875 982.35009765625 988.0823974609375 993.81597900390625 999.54412841796875 1005.2869873046875 1011.2459716796875 1016.98297119140625 1022.65997314453125 1028.31201171875 1033.7159423828125 1039.279052734375 1044.635986328125 1050.0479736328125 1055.2740478515625 1060.426025390625 1065.5140380859375 1070.323974609375 1075.093994140625 1079.425048828125 1083.717041015625 1087.9969482421875 1092.1429443359375 1096.198974609375 1100.2659912109375 1103.615966796875 1106.9659423828125 1110.261962890625 1113.6290283203125 1116.9969482421875
868.59881591796875 873.60992431640625 878.36932373046875 883.08502197265625 887.502685546875 891.90472412109375 896.11297607421875 900.2357177734375 904.70037841796875 909.32281494140625 913.7064208984375 918.3004150390625 922.97332763671875 927.7108154296875 932.5540771484375 937.79150390625 942.6832275390625 947.67718505859375 953.06512451171875 958.7899169921875 964.49688720703125 970.23077392578125 975.9478759765625 981.544921875 987.3184814453125 993.0836181640625 998.9171142578125 1004.88397216796875 1010.88702392578125 1016.8499755859375 1022.666015625 1028.52001953125 1034.2550048828125 1039.905029296875 1045.39794921875 1050.8699951171875 1056.177001953125 1061.501953125 1066.676025390625 1071.738037109375 1076.741943359375 1081.39794921875 1085.7919921875 1090.1939697265625 1094.5369873046875 1098.406982421875 1101.947998046875 1105.3909912109375 1108.833984375 1111.9549560546875 1114.927001953125 1118.2650146484375
866.52557373046875 871.27581787109375 876.12628173828125 880.91619873046875 885.95318603515625 890.92547607421875 895.5880126953125 900 902.0166015625 908.01800537109375 913.78851318359375 919.5916748046875 924.57672119140625 929.28057861328125 933.6500244140625 938.52880859375 942.95947265625 947.07330322265625 952.3353271484375 958.00927734375 963.528076171875 969.17547607421875 974.94122314453125 980.4586181640625 986.37567138671875 992.3594970703125 998.280029296875 1004.302978515625 1010.37701416015625 1016.57598876953125 1022.68499755859375 1028.7659912109375 1034.529052734375 1040.5860595703125 1046.552001953125 1051.9610595703125 1057.238037109375 1062.531005859375 1067.802978515625 1072.8709716796875 1078.052978515625 1083.0789794921875 1088.010986328125 1092.613037109375 1097.18994140625 1100.833984375 1103.4730224609375 1107.0469970703125 1110.60302734375 1113.5670166015625 1116.531982421875 1119.4959716796875
866.595703125 872.52508544921875 877.956787109375 882.63287353515625 887.181884765625 891.86407470703125 896.55718994140625 900 905.5081787109375 911.4193115234375 916.377685546875 920.95648193359375 925.8956298828125 930.79742431640625 935.0565185546875 939.283203125 943.0869140625 946.9757080078125 950.45721435546875 955.606201171875 961.486083984375 967.27227783203125 973.11907958984375 979.361328125 985.32452392578125 991.29339599609375 997.372314453125 1003.54400634765625 1009.70599365234375 1016.11602783203125 1022.42401123046875 1028.656982421875 1035.02294921875 1041.2779541015625 1047.52197265625 1053.1209716796875 1058.343994140625 1063.739990234375 1068.998046875 1074.2509765625 1079.5069580078125 1084.572998046875 1089.635009765625 1094.81396484375 1099.4429931640625 1102.56494140625 1105.3929443359375 1108.324951171875 1111.5279541015625 1114.27197265625 1117.126953125 1120
867.42547607421875 873.60906982421875 879.44281005859375 885.1953125 890.09722900390625 895.85479736328125 900.40850830078125 904.332275390625 909.51922607421875 913.78472900390625 918.27587890625 922.35400390625 926.01788330078125 930.90057373046875 935.0023193359375 938.478515625 942.18670654296875 945.58160400390625 948.77862548828125 953.43511962890625 959.9124755859375 965.96002197265625 971.98388671875 978.25927734375 984.314697265625 990.23712158203125 996.01123046875 1002.052001953125 1008.614013671875 1015.07098388671875 1021.73199462890625 1028.248046875 1034.6199951171875 1041.239990234375 1047.9520263671875 1053.7850341796875 1059.4090576171875 1064.8570556640625 1070.2640380859375 1075.541015625 1080.8310546875 1086.114013671875 1091.3699951171875 1096.550048828125 1100.9420166015625 1103.8360595703125 1106.73095703125 1109.6259765625 1112.2139892578125 1114.988037109375 1117.760986328125 1120
867.6917724609375 874.711669921875 880.9146728515625 887.28619384765625 893.785888671875 899.47747802734375 903.353515625 907.7459716796875 911.846923828125 915.86981201171875 919.892822265625 923.61981201171875 927.29248046875 930.896728515625 934.436279296875 937.97601318359375 940.6021728515625 943.67742919921875 947.2039794921875 952.694091796875 959.56927490234375 965.738525390625 971.78070068359375 977.846923828125 983.56707763671875 989.49908447265625 995.007080078125 1000.59002685546875 1007.38397216796875 1014.0579833984375 1020.78399658203125 1027.468017578125 1034.2110595703125 1040.947998046875 1047.720947265625 1053.9599609375 1059.489013671875 1065.0870361328125 1070.988037109375 1076.6300048828125 1082.1650390625 1087.4610595703125 1092.8050537109375 1098.134033203125 1101.781005859375 1104.56396484375 1107.39794921875 1110.237060546875 1112.5760498046875 1114.9150390625 1117.5050048828125 1120
868.32281494140625 875.38067626953125 882.4761962890625 889.12261962890625 896.12738037109375 901.77252197265625 905.36688232421875 909.34051513671875 913.15557861328125 916.86871337890625 920.81201171875 924.56982421875 928.2877197265625 931.79412841796875 935.15521240234375 938.62957763671875 939.5479736328125 942.31689453125 946.87158203125 952.184814453125 959.96429443359375 966.11712646484375 972.01593017578125 977.68182373046875 983.41717529296875 989.093994140625 994.2891845703125 999.73419189453125 1006.406982421875 1013.2750244140625 1019.84197998046875 1026.5469970703125 1033.2769775390625 1039.9940185546875 1046.718994140625 1053.218017578125 1059.5179443359375 1065.491943359375 1071.4310302734375 1077.1939697265625 1082.9439697265625 1088.6669921875 1094.1910400390625 1099.5849609375 1102.302001953125 1105.1319580078125 1107.9610595703125 1110 1112.1800537109375 1114.636962890625 1117.093994140625 -9999
869.40521240234375 876.4658203125 883.57818603515625 890.6873779296875 897.9390869140625 902.784912109375 906.7913818359375 910.92938232421875 914.88958740234375 918.65380859375 922.626708984375 926.21270751953125 929.7781982421875 933.39971923828125 936.86077880859375 940.37457275390625 943.58392333984375 946.51361083984375 950.455078125 954.9263916015625 961.79962158203125 967.73577880859375 973.40142822265625 979.13818359375 984.2918701171875 990.12811279296875 994.5531005859375 998.99822998046875 1005.65899658203125 1012.49200439453125 1018.92901611328125 1025.9010009765625 1032.73095703125 1039.0030517578125 1045.7139892578125 1052.2750244140625 1058.6700439453125 1064.9129638671875 1071.363037109375 1077.5989990234375 1083.6390380859375 1089.449951171875 1095.281005859375 1100.45703125 1102.9449462890625 1105.4329833984375 1108.0780029296875 1110 1110 1111.260986328125 -9999 -9999
870.38922119140625 877.281982421875 884.46728515625 891.57421875 898.7567138671875 903.9310302734375 908.2457275390625 912.5048828125 916.910400390625 921.01348876953125 925.10260009765625 929.07647705078125 932.99151611328125 936.724609375 940.29827880859375 944.3270263671875 947.63922119140625 950.90008544921875 955.372314453125 959.8104248046875 964.7783203125 970.61798095703125 975.77618408203125 981.3070068359375 986.42742919921875 991.40972900390625 996.15728759765625 1001.1669921875 1007.468994140625 1013.67401123046875 1020.3289794921875 1026.35498046875 1033.1199951171875 1039.2779541015625 1045.77294921875 1051.0050048828125 1057.75 1064.343994140625 1070.8809814453125 1077.241943359375 1083.6839599609375 1090.1820068359375 1096.2960205078125 1100.9649658203125 1103.47900390625 1105.9940185546875 1108.446044921875 1110 1110 -9999 -9999 -9999
