data/ReDellaPietra/3/DemReDellaPietra_3.asc
ncols        45
nrows        16
xllcorner    1710907.231035986682
yllcorner    4862405.499996995553
cellsize     30.000000000000
NODATA_value  -9999
 -9999 -9999 -9999 -9999 -9999 -9999 -9999 -9999 -9999 -9999 -9999 -9999 -9999 -9999 -9999 -9999 -9999 -9999 -9999 -9999 -9999 1105.6259765625 1112.5770263671875 1119.717041015625 1127.072021484375 -9999 -9999 -9999 -9999 -9999 -9999 -9999 -9999 -9999 -9999 -9999 -9999 -9999 -9999 -9999 -9999 -9999 -9999 -9999 -9999
 -9999 -9999 -9999 -9999 -9999 -9999 -9999 -9999 -9999 -9999 -9999 -9999 -9999 -9999 -9999 -9999 -9999 -9999 -9999 -9999 1091.0589599609375 1100.489990234375 1107.237060546875 1114.8790283203125 1123.469970703125 1133.9560546875 1146.9320068359375 1156.384033203125 1165.635986328125 -9999 -9999 -9999 -9999 -9999 -9999 -9999 -9999 -9999 -9999 -9999 -9999 -9999 -9999 -9999 -9999
 -9999 -9999 -9999 -9999 -9999 -9999 -9999 -9999 -9999 -9999 -9999 -9999 -9999 -9999 -9999 -9999 -9999 -9999 -9999 1070.5489501953125 1080.467041015625 1090.4820556640625 1100.06103515625 1108.373046875 1118.2540283203125 1128.3740234375 1138.3189697265625 1146.6939697265625 1159.3060302734375 1173.27001953125 1186.1259765625 1199.219970703125 -9999 -9999 -9999 -9999 -9999 -9999 -9999 -9999 -9999 -9999 -9999 -9999 -9999
 -9999 -9999 -9999 -9999 -9999 -9999 -9999 -9999 -9999 -9999 -9999 -9999 -9999 -9999 -9999 -9999 -9999 -9999 1052.512939453125 1060.4659423828125 1070.97998046875 1082.0069580078125 1091.5450439453125 1099.626953125 1108.9210205078125 1119.0059814453125 1129.5689697265625 1141.7030029296875 1155.3809814453125 1170.9000244140625 1186.175048828125 1200.9859619140625 1211.9439697265625 1222.4090576171875 -9999 -9999 -9999 -9999 -9999 -9999 -9999 -9999 -9999 -9999 -9999
 -9999 -9999 -9999 -9999 -9999 -9999 -9999 -9999 -9999 -9999 -9999 -9999 -9999 -9999 -9999 -9999 1031.4029541015625 1038.6190185546875 1045.5660400390625 1053.1829833984375 1064.35498046875 1075.6490478515625 1084.2889404296875 1091.987060546875 1099.654052734375 1111.7889404296875 1124.9010009765625 1138.7149658203125 1153.376953125 1170.5570068359375 1187.3819580078125 1202.416015625 1213.491943359375 1224.1409912109375 1233.2159423828125 1240.989013671875 1248.81298828125 -9999 1258.02197265625 -9999 -9999 -9999 -9999 -9999 -9999
 -9999 -9999 -9999 -9999 -9999 -9999 -9999 -9999 976.94757080078125 983.81439208984375 987.88751220703125 990.0634765625 997.9287109375 1003.67999267578125 1010.14801025390625 1017.84600830078125 1025.093994140625 1032.5240478515625 1041.7149658203125 1051.876953125 1062.5679931640625 1070.6300048828125 1079.009033203125 1086.7349853515625 1095.095947265625 1105.06494140625 1121.3489990234375 1136.875 1152.0169677734375 1170.7979736328125 1189.4949951171875 1204.64697265625 1214.1820068359375 1223.4859619140625 1231.552978515625 1238.7120361328125 1246.6070556640625 1251.2640380859375 1255.72900390625 1262.237060546875 1268.31005859375 1273.2960205078125 1277.43701171875 -9999 -9999
 -9999 -9999 -9999 -9999 -9999 -9999 938.9315185546875 949.2847900390625 958.32781982421875 967.14031982421875 974.34136962890625 981.21832275390625 986.44171142578125 993.94268798828125 1002.291015625 1010.927978515625 1021.41998291015625 1034.68701171875 1049.470947265625 1058.0260009765625 1066.6600341796875 1073.8070068359375 1080.634033203125 1088.281982421875 1094.135986328125 1105.89599609375 1122.3349609375 1138.321044921875 1154.2020263671875 1171.10400390625 1186.3199462890625 1198.6529541015625 1207.6290283203125 1216.843994140625 1225.427978515625 1232.6190185546875 1238.258056640625 1243.9820556640625 1251.35498046875 1258.6419677734375 1265.7110595703125 1271.6090087890625 1274.6419677734375 -9999 -9999
 -9999 -9999 -9999 -9999 907.394775390625 917.65679931640625 924.9359130859375 931.06988525390625 936.45892333984375 943.005615234375 951.81298828125 963.0933837890625 976.21661376953125 985.0474853515625 994.62542724609375 1003.67901611328125 1021.23101806640625 1041.7230224609375 1056.1190185546875 1064.9530029296875 1074.8909912109375 1085.0159912109375 1093.8330078125 1101.7430419921875 1107.782958984375 1116.0689697265625 1127.10205078125 1140.571044921875 1153.73095703125 1166.5389404296875 1177.916015625 1189.614013671875 1201.073974609375 1209.802978515625 1217.468994140625 1223.637939453125 1229.60205078125 1237.1689453125 1245.5050048828125 1253.738037109375 1261.6619873046875 1268.625 1270.449951171875 -9999 -9999
 -9999 -9999 -9999 885.45208740234375 897.8004150390625 904.026611328125 906.43841552734375 920.2017822265625 933.13092041015625 946.22369384765625 958.0634765625 969.82562255859375 985.38287353515625 994.8665771484375 998.67901611328125 1006.5 1022.00701904296875 1040.6199951171875 1059.0140380859375 1069.989990234375 1079.490966796875 1090.4959716796875 1102.8580322265625 1111.738037109375 1119.89501953125 1127.4000244140625 1134.60205078125 1141.5970458984375 1148.85595703125 1161.740966796875 1172.1800537109375 1183.10400390625 1192.739990234375 1201.3299560546875 1207.9840087890625 1213.7550048828125 1222.323974609375 1231.3079833984375 1240.095947265625 1247.9439697265625 1256.02099609375 1263.56494140625 1270.7359619140625 -9999 -9999
 -9999 852.50360107421875 863.88421630859375 876.2991943359375 886.7760009765625 895.79412841796875 909.25738525390625 929.16217041015625 945.88531494140625 958.26019287109375 970.00860595703125 982.16217041015625 994.73089599609375 1006.54901123046875 1018.53997802734375 1026.6719970703125 1037.258056640625 1047.5689697265625 1058.31396484375 1073.342041015625 1084.0030517578125 1093.7490234375 1105.427001953125 1117.7540283203125 1128.93701171875 1136.5350341796875 1143.156005859375 1149.791015625 1157.93603515625 1166.0550537109375 1172.553955078125 1179.4449462890625 1187.2750244140625 1194.134033203125 1200 1206.75 1217.6300048828125 1227.8389892578125 1237.385986328125 1246.8590087890625 1254.43603515625 1259.89404296875 1268.887939453125 1272.7459716796875 1273.85400390625
 -9999 859.46038818359375 871.35797119140625 883.13018798828125 894.47491455078125 906.70758056640625 920.94921875 935.81292724609375 952.53289794921875 966.3709716796875 979.172607421875 991.84539794921875 1003.6400146484375 1016.04901123046875 1028.81494140625 1042.6290283203125 1053.8489990234375 1060.5870361328125 1067.7430419921875 1077.9830322265625 1088.654052734375 1097.5579833984375 1109.5760498046875 1122.0989990234375 1133.3489990234375 1142.0770263671875 1148.9239501953125 1159.6099853515625 1169.1240234375 1175.906005859375 1180.907958984375 1185.39794921875 1190.3260498046875 1195.5460205078125 1200.81298828125 1208.68896484375 1214.8399658203125 1222.904052734375 1230 1240 1250.2939453125 1255.6319580078125 1264.6099853515625 1270.0899658203125 1270
 -9999 -9999 -9999 890.3031005859375 903.08807373046875 914.8355712890625 927.160888671875 939.87762451171875 953.15740966796875 968.53021240234375 983.7529296875 998.422119140625 1011.0479736328125 1023.79998779296875 1036.60400390625 1050.406005859375 1061.7239990234375 1070.759033203125 1078.1829833984375 1086.27001953125 1095.9610595703125 1106.2900390625 1117.4849853515625 1128.64599609375 1138.0579833984375 1145.6669921875 1154.9530029296875 1167.3690185546875 1179.4730224609375 1188.126953125 1193.60498046875 1197.5350341796875 1200.4200439453125 1204.2320556640625 1211.906005859375 1217.7159423828125 1221.2960205078125 1225.241943359375 1232.18798828125 1240.448974609375 1247.6070556640625 1254.3759765625 1263.259033203125 1270.9510498046875 1276.3499755859375
 -9999 -9999 -9999 -9999 -9999 -9999 -9999 -9999 -9999 -9999 -9999 -9999 -9999 1029.240966796875 1042.81396484375 1055.9630126953125 1068.0460205078125 1079.27099609375 1088.2659912109375 1096.0240478515625 1106.116943359375 1117.7979736328125 1128.9959716796875 1137.0340576171875 1140 1148.322021484375 -9999 -9999 -9999 1199.6009521484375 1204.615966796875 1208.68798828125 1212.6719970703125 1217.31201171875 1224.052978515625 1231.02294921875 1232.741943359375 1235.33203125 1238.4210205078125 1243.6190185546875 1249.83203125 1256.4339599609375 1264.7659912109375 1275.0450439453125 1282.4959716796875
 -9999 -9999 -9999 -9999 -9999 -9999 -9999 -9999 -9999 -9999 -9999 -9999 -9999 -9999 -9999 -9999 1073.801025390625 1085.9849853515625 1097.3050537109375 1107.1090087890625 1117.7640380859375 1127.614990234375 1135.0150146484375 1140 -9999 -9999 -9999 -9999 -9999 -9999 -9999 -9999 -9999 -9999 -9999 1243.7239990234375 1245.3990478515625 1246.68701171875 1253.387939453125 1249.364013671875 1257.3199462890625 1265.5450439453125 1277.011962890625 1284.7030029296875 1289.260009765625
 -9999 -9999 -9999 -9999 -9999 -9999 -9999 -9999 -9999 -9999 -9999 -9999 -9999 -9999 -9999 -9999 -9999 -9999 1103.615966796875 1113.6290283203125 1123.166015625 -9999 -9999 -9999 -9999 -9999 -9999 -9999 -9999 -9999 -9999 -9999 -9999 -9999 -9999 -9999 -9999 -9999 1268.4959716796875 1271.06396484375 1277.43603515625 1283.7919921875 1289.2139892578125 1294.4940185546875 1298.1800537109375
 -9999 -9999 -9999 -9999 -9999 -9999 -9999 -9999 -9999 -9999 -9999 -9999 -9999 -9999 -9999 -9999 -9999 -9999 -9999 -9999 -9999 -9999 -9999 -9999 -9999 -9999 -9999 -9999 -9999 -9999 -9999 -9999 -9999 -9999 -9999 -9999 -9999 -9999 -9999 -9999 -9999 -9999 1299.135009765625 1304.2449951171875 1306.6929931640625
