data/ReDellaPietra/3/ReDellaPietra_skyview_3.asc
ncols        136
nrows        49
xllcorner    1710907.231035986682
yllcorner    4862395.499996995553
cellsize     10.000000000000
NODATA_value  -9999
[rows 18 to 35 of 49, columns 41 to 81 of 136]
0.89520716667175292969 0.89737302064895629883 0.89634996652603149414 0.90127956867218017578 0.89887225627899169922 0.90223366022109985352 0.90208446979522705078 0.89819943904876708984 0.90170776844024658203 0.90028101205825805664 0.89706659317016601562 0.89697891473770141602 0.88668519258499145508 0.88027417659759521484 0.88534623384475708008 0.90270656347274780273 0.90574938058853149414 0.90529668331146240234 0.90481644868850708008 0.89320808649063110352 0.89452284574508666992 0.90693151950836181641 0.90377718210220336914 0.88075184822082519531 0.89391410350799560547 0.89510715007781982422 0.891384124755859375 0.88911241292953491211 0.88652813434600830078 0.88461250066757202148 0.88407975435256958008 0.88066905736923217773 0.88031435012817382812 0.87423431873321533203 0.86591994762420654297 0.86490428447723388672 0.87217170000076293945 0.87300115823745727539 0.8828887939453125 0.88566237688064575195 0.89032989740371704102
0.88281786441802978516 0.88981086015701293945 0.88998335599899291992 0.89096492528915405273 0.88837444782257080078 0.89439970254898071289 0.89508718252182006836 0.89150828123092651367 0.8894646763801574707 0.88208866119384765625 0.88069337606430053711 0.8792292475700378418 0.85231375694274902344 0.87690854072570800781 0.89832252264022827148 0.90608060359954833984 0.90765941143035888672 0.90117067098617553711 0.89933770895004272461 0.89511865377426147461 0.89635759592056274414 0.89333420991897583008 0.88992011547088623047 0.87738728523254394531 0.88034725189208984375 0.87240970134735107422 0.87577170133590698242 0.88460540771484375 0.885402679443359375 0.87797749042510986328 0.87600606679916381836 0.85349500179290771484 0.8619721531867980957 0.86260706186294555664 0.83263295888900756836 0.84126722812652587891 0.86455827951431274414 0.86856025457382202148 0.87564867734909057617 0.88112920522689819336 0.88572061061859130859
0.86523860692977905273 0.86870718002319335938 0.87662398815155029297 0.87506490945816040039 0.8713436126708984375 0.88056677579879760742 0.88345932960510253906 0.87761741876602172852 0.87838864326477050781 0.87183022499084472656 0.86685860157012939453 0.86421024799346923828 0.84678429365158081055 0.88910347223281860352 0.90993136167526245117 0.91241014003753662109 0.91095316410064697266 0.90836244821548461914 0.90738469362258911133 0.90210670232772827148 0.89965701103210449219 0.89370453357696533203 0.89028072357177734375 0.88298070430755615234 0.88427519798278808594 0.87049603462219238281 0.86884111166000366211 0.87227272987365722656 0.86903482675552368164 0.86741429567337036133 0.87073969841003417969 0.85163921117782592773 0.86538404226303100586 0.85724085569381713867 0.85176759958267211914 0.87738096714019775391 0.87388956546783447266 0.88835567235946655273 0.88979709148406982422 0.88592571020126342773 0.88661211729049682617
0.86737769842147827148 0.86438077688217163086 0.8676465153694152832 0.87035566568374633789 0.86158424615859985352 0.86514073610305786133 0.86995935440063476562 0.86855566501617431641 0.86326140165328979492 0.8575789332389831543 0.85892891883850097656 0.83828997611999511719 0.86516195535659790039 0.90485113859176635742 0.91285091638565063477 0.91399914026260375977 0.91270172595977783203 0.91090273857116699219 0.90887933969497680664 0.90391314029693603516 0.90698063373565673828 0.90539664030075073242 0.90351080894470214844 0.8924611210823059082 0.89000314474105834961 0.88520121574401855469 0.88321912288665771484 0.87554937601089477539 0.8660710453987121582 0.8710295557975769043 0.87413716316223144531 0.85315328836441040039 0.8676357269287109375 0.86662095785140991211 0.87710475921630859375 0.8876514434814453125 0.88698995113372802734 0.88955974578857421875 0.89041441679000854492 0.89315789937973022461 0.90237355232238769531
0.87217766046524047852 0.87176001071929931641 0.8700936436653137207 0.86671453714370727539 0.85100036859512329102 0.83783167600631713867 0.83883553743362426758 0.84659200906753540039 0.85667157173156738281 0.85416293144226074219 0.85280019044876098633 0.84503626823425292969 0.89071470499038696289 0.92025744915008544922 0.91776025295257568359 0.91785246133804321289 0.91878759860992431641 0.91815638542175292969 0.91704440116882324219 0.91395086050033569336 0.91487234830856323242 0.91410309076309204102 0.91110855340957641602 0.90651470422744750977 0.90652835369110107422 0.90026003122329711914 0.89724141359329223633 0.90144598484039306641 0.8993079066276550293 0.89348131418228149414 0.89092755317687988281 0.86831128597259521484 0.88238930702209472656 0.88785976171493530273 0.89031678438186645508 0.89025938510894775391 0.88674634695053100586 0.89392822980880737305 0.89921718835830688477 0.90078890323638916016 0.90408122539520263672
0.85850095748901367188 0.859283447265625 0.85605233907699584961 0.84985852241516113281 0.83618497848510742188 0.80109310150146484375 0.7998320460319519043 0.80964612960815429688 0.8373673558235168457 0.84462070465087890625 0.84724271297454833984 0.84632915258407592773 0.88667011260986328125 0.91527557373046875 0.91837280988693237305 0.9184112548828125 0.91809648275375366211 0.91695618629455566406 0.91627800464630126953 0.91413038969039916992 0.91445195674896240234 0.91442531347274780273 0.91538667678833007812 0.90801316499710083008 0.90820038318634033203 0.90577197074890136719 0.9056504368782043457 0.91094440221786499023 0.9067662358283996582 0.90166085958480834961 0.89814400672912597656 0.88746440410614013672 0.8943996429443359375 0.88861238956451416016 0.88740366697311401367 0.88660037517547607422 0.8877061009407043457 0.88700968027114868164 0.89901244640350341797 0.89614599943161010742 0.90450781583786010742
0.82731002569198608398 0.81230592727661132812 0.84678071737289428711 0.83993667364120483398 0.82244545221328735352 0.79679095745086669922 0.70551908016204833984 0.78955960273742675781 0.81908637285232543945 0.81702858209609985352 0.83749037981033325195 0.84269571304321289062 0.87415802478790283203 0.89865440130233764648 0.91431975364685058594 0.91984945535659790039 0.92045557498931884766 0.91992557048797607422 0.91770070791244506836 0.91694688796997070312 0.91555190086364746094 0.91745644807815551758 0.91888582706451416016 0.91557419300079345703 0.91528940200805664062 0.91161000728607177734 0.91183298826217651367 0.91558551788330078125 0.91237783432006835938 0.90936779975891113281 0.90578812360763549805 0.89598792791366577148 0.90543562173843383789 0.89902830123901367188 0.89709687232971191406 0.89294219017028808594 0.89544874429702758789 0.89861220121383666992 0.89925771951675415039 0.9098224639892578125 0.91346210241317749023
0.85358965396881103516 0.80704671144485473633 0.79527109861373901367 0.80996400117874145508 0.80519837141036987305 0.80408871173858642578 0.80567365884780883789 0.78763246536254882812 0.80546975135803222656 0.83072066307067871094 0.86014920473098754883 0.85521650314331054688 0.84469354152679443359 0.87037336826324462891 0.8986180424690246582 0.91374945640563964844 0.92105656862258911133 0.91959702968597412109 0.91865515708923339844 0.91615271568298339844 0.91627621650695800781 0.91477423906326293945 0.91444760560989379883 0.9142659306526184082 0.91680431365966796875 0.92541551589965820312 0.92666614055633544922 0.92433094978332519531 0.91742873191833496094 0.91167843341827392578 0.91060554981231689453 0.90163934230804443359 0.90978121757507324219 0.90299534797668457031 0.901123046875 0.90088218450546264648 0.90482592582702636719 0.90493541955947875977 0.90584528446197509766 0.91204398870468139648 0.90948385000228881836
0.86911219358444213867 0.85651171207427978516 0.79180181026458740234 0.79862415790557861328 0.81646895408630371094 0.81874042749404907227 0.81879258155822753906 0.80131715536117553711 0.80327111482620239258 0.84592860937118530273 0.8731829524040222168 0.85948503017425537109 0.85838937759399414062 0.85613298416137695312 0.87889283895492553711 0.90129911899566650391 0.913570404052734375 0.9160111546516418457 0.91618007421493530273 0.91463798284530639648 0.91501373052597045898 0.91579419374465942383 0.91421306133270263672 0.90947270393371582031 0.91142648458480834961 0.91296488046646118164 0.91177988052368164062 0.90905267000198364258 0.91425836086273193359 0.90954279899597167969 0.90906536579132080078 0.90299016237258911133 0.91161322593688964844 0.9068648219108581543 0.90936875343322753906 0.91206008195877075195 0.91056340932846069336 0.90993809700012207031 0.91260755062103271484 0.91390424966812133789 0.91019815206527709961
0.88137257099151611328 0.87417483329772949219 0.84984385967254638672 0.82857280969619750977 0.81902271509170532227 0.82707542181015014648 0.8254108428955078125 0.80409532785415649414 0.80827629566192626953 0.81687587499618530273 0.86689329147338867188 0.87235885858535766602 0.8741156458854675293 0.87866228818893432617 0.86583548784255981445 0.88375973701477050781 0.90823775529861450195 0.91792702674865722656 0.91943919658660888672 0.91747194528579711914 0.91790163516998291016 0.91745239496231079102 0.91609668731689453125 0.91619402170181274414 0.91458266973495483398 0.90825021266937255859 0.91312259435653686523 0.91652238368988037109 0.91877317428588867188 0.91908431053161621094 0.92021006345748901367 0.91207700967788696289 0.92178755998611450195 0.92212587594985961914 0.92014658451080322266 0.91965669393539428711 0.92003065347671508789 0.9207217097282409668 0.92110145092010498047 0.91935312747955322266 0.91358411312103271484
0.88089740276336669922 0.87718397378921508789 0.87337714433670043945 0.86302942037582397461 0.82795745134353637695 0.82579934597015380859 0.82806354761123657227 0.81257909536361694336 0.80664718151092529297 0.82235985994338989258 0.8655478358268737793 0.87885570526123046875 0.84507137537002563477 0.86028343439102172852 0.88357311487197875977 0.86103594303131103516 0.89801275730133056641 0.91197097301483154297 0.91621434688568115234 0.91736418008804321289 0.91697597503662109375 0.91606706380844116211 0.91490608453750610352 0.91423410177230834961 0.91295105218887329102 0.90878969430923461914 0.91274297237396240234 0.91527855396270751953 0.9171619415283203125 0.91560304164886474609 0.91483926773071289062 0.91813582181930541992 0.92500519752502441406 0.92650192975997924805 0.92498153448104858398 0.92583197355270385742 0.92344939708709716797 0.92294162511825561523 0.9210872650146484375 0.91917264461517333984 0.90750283002853393555
0.88842982053756713867 0.88319474458694458008 0.88067996501922607422 0.88052028417587280273 0.87098717689514160156 0.86307895183563232422 0.84435898065567016602 0.8315499424934387207 0.84177750349044799805 0.87147057056427001953 0.89070421457290649414 0.88775992393493652344 0.86730492115020751953 0.8827190399169921875 0.87704610824584960938 0.86138564348220825195 0.89623570442199707031 0.90422540903091430664 0.91543436050415039062 0.91512537002563476562 0.91558909416198730469 0.91670423746109008789 0.91555953025817871094 0.91485887765884399414 0.91129553318023681641 0.90874969959259033203 0.91090822219848632812 0.91454166173934936523 0.91475903987884521484 0.91665130853652954102 0.91648066043853759766 0.92358291149139404297 0.93397384881973266602 0.93322890996932983398 0.93096393346786499023 0.9306017756462097168 0.93005645275115966797 0.92960047721862792969 0.9256770014762878418 0.91740709543228149414 0.90414887666702270508
0.8892905116081237793 0.88494551181793212891 0.8851420283317565918 0.88434612751007080078 0.87973523139953613281 0.86579310894012451172 0.8623828887939453125 0.86990886926651000977 0.88867229223251342773 0.90090268850326538086 0.90540993213653564453 0.90146887302398681641 0.89361178874969482422 0.89879995584487915039 0.89301252365112304688 0.89464926719665527344 0.90377086400985717773 0.91037726402282714844 0.91298454999923706055 0.9052174687385559082 0.90502989292144775391 0.9137859344482421875 0.91134047508239746094 0.91097486019134521484 0.90743857622146606445 0.90591245889663696289 0.9095560908317565918 0.91179251670837402344 0.91274446249008178711 0.91295266151428222656 0.91473001241683959961 0.92508864402770996094 0.9350846409797668457 0.93578678369522094727 0.9354928135871887207 0.93472337722778320312 0.93154758214950561523 0.92814344167709350586 0.92217391729354858398 0.91068643331527709961 0.90283799171447753906
0.88763332366943359375 0.88660603761672973633 0.88273817300796508789 0.88371032476425170898 0.87970978021621704102 0.87638771533966064453 0.89288097620010375977 0.90653628110885620117 0.90799188613891601562 0.90726053714752197266 0.90770012140274047852 0.90558761358261108398 0.89832282066345214844 0.90162217617034912109 0.89752459526062011719 0.8936309814453125 0.90069437026977539062 0.9072666168212890625 0.90046358108520507812 0.8933308720588684082 0.90850079059600830078 0.91315758228302001953 0.90831446647644042969 0.90110582113265991211 0.89419561624526977539 0.89512276649475097656 0.90160870552062988281 0.90358984470367431641 0.9053897857666015625 0.90659826993942260742 0.91173636913299560547 0.92245966196060180664 0.92813324928283691406 0.93055748939514160156 0.93304014205932617188 0.93234646320343017578 0.92985242605209350586 0.92510694265365600586 0.91476511955261230469 0.90411257743835449219 0.9044475555419921875
0.89287936687469482422 0.89086139202117919922 0.88765776157379150391 0.88624912500381469727 0.88222467899322509766 0.88501495122909545898 0.90683203935623168945 0.91540318727493286133 0.91319686174392700195 0.90860289335250854492 0.90885865688323974609 0.90727955102920532227 0.90061199665069580078 0.90268039703369140625 0.89817953109741210938 0.89828824996948242188 0.90132898092269897461 0.90158921480178833008 0.89973729848861694336 0.89824628829956054688 0.9069309234619140625 0.9082590937614440918 0.90468007326126098633 0.88929015398025512695 0.8900553584098815918 0.89456790685653686523 0.89990383386611938477 0.89944422245025634766 0.90142911672592163086 0.90419465303421020508 0.91570574045181274414 0.92551702260971069336 0.93000018596649169922 0.93262338638305664062 0.93430268764495849609 0.93352401256561279297 0.93128871917724609375 0.92348402738571166992 0.90802550315856933594 0.9037761688232421875 0.90254426002502441406
0.89829021692276000977 0.89671397209167480469 0.89530837535858154297 0.89618706703186035156 0.89859986305236816406 0.9036604762077331543 0.91483509540557861328 0.91720086336135864258 0.91574037075042724609 0.91462659835815429688 0.9141648411750793457 0.91158747673034667969 0.90648114681243896484 0.90741133689880371094 0.90214890241622924805 0.90485227108001708984 0.90607583522796630859 0.90477710962295532227 0.9030659794807434082 0.90135341882705688477 0.90477913618087768555 0.90696835517883300781 0.89811229705810546875 0.89103156328201293945 0.89302277565002441406 0.89202874898910522461 0.89681738615036010742 0.90260261297225952148 0.90053361654281616211 0.90889567136764526367 0.92351168394088745117 0.9247658848762512207 0.93074899911880493164 0.93646931648254394531 0.93679666519165039062 0.93535691499710083008 0.93209594488143920898 0.9234930872917175293 0.91799134016036987305 0.91484469175338745117 0.91148793697357177734
0.89970862865447998047 0.89816713333129882812 0.89503091573715209961 0.89831882715225219727 0.89641535282135009766 0.90909665822982788086 0.91426426172256469727 0.91156202554702758789 0.91298043727874755859 0.91232442855834960938 0.91473060846328735352 0.91141045093536376953 0.90552157163619995117 0.90814095735549926758 0.90189594030380249023 0.90399914979934692383 0.90255844593048095703 0.90227830410003662109 0.89953351020812988281 0.89842367172241210938 0.8987801671028137207 0.89528113603591918945 0.89211803674697875977 0.88591617345809936523 0.88791257143020629883 0.88782507181167602539 0.88930630683898925781 0.89307242631912231445 0.89704412221908569336 0.90963822603225708008 0.92050290107727050781 0.92121326923370361328 0.93157202005386352539 0.93458199501037597656 0.93485105037689208984 0.9337342381477355957 0.9324423670768737793 0.92029929161071777344 0.91722500324249267578 0.91136401891708374023 0.9124895930290222168
0.90538394451141357422 0.90379637479782104492 0.90276420116424560547 0.90450561046600341797 0.90549188852310180664 0.91039079427719116211 0.91579592227935791016 0.91279864311218261719 0.91509306430816650391 0.9159724116325378418 0.92060714960098266602 0.91692996025085449219 0.91141152381896972656 0.91152966022491455078 0.90646779537200927734 0.90739041566848754883 0.90633386373519897461 0.904644012451171875 0.90095281600952148438 0.89527034759521484375 0.8954150080680847168 0.89655524492263793945 0.89554524421691894531 0.88821959495544433594 0.8920497894287109375 0.88992261886596679688 0.89109712839126586914 0.89955294132232666016 0.91045689582824707031 0.9177220463752746582 0.92222827672958374023 0.93029946088790893555 0.94319057464599609375 0.94376540184020996094 0.94110471010208129883 0.93684607744216918945 0.93279671669006347656 0.92780137062072753906 0.92532169818878173828 0.9172280430793762207 0.91967570781707763672
