data/ReDellaPietra/3/ReDellaPietra_skyview_3.asc
ncols        136
nrows        49
xllcorner    1710907.231035986682
yllcorner    4862395.499996995553
cellsize     10.000000000000
NODATA_value  -9999
[rows 18 to 35 of 49, columns 0 to 40 of 136]
-9999 -9999 -9999 -9999 -9999 -9999 -9999 -9999 -9999 -9999 -9999 -9999 -9999 -9999 -9999 -9999 -9999 -9999 -9999 0.87515085935592651367 0.86835229396820068359 0.86770278215408325195 0.86685413122177124023 0.84771865606307983398 0.83425486087799072266 0.83035778999328613281 0.8207836151123046875 0.82827532291412353516 0.84953397512435913086 0.86727011203765869141 0.87772166728973388672 0.87416034936904907227 0.87175947427749633789 0.88446587324142456055 0.88972169160842895508 0.89704000949859619141 0.89077264070510864258 0.88569825887680053711 0.88057672977447509766 0.88663941621780395508 0.89561784267425537109
-9999 -9999 -9999 -9999 -9999 -9999 -9999 -9999 -9999 -9999 -9999 -9999 -9999 -9999 -9999 -9999 -9999 -9999 0.88021093606948852539 0.87370985746383666992 0.86363053321838378906 0.85929793119430541992 0.85526281595230102539 0.82756286859512329102 0.81958639621734619141 0.79709851741790771484 0.7688058018684387207 0.77117526531219482422 0.77855187654495239258 0.79240310192108154297 0.78864073753356933594 0.80538254976272583008 0.80413967370986938477 0.84818071126937866211 0.85663926601409912109 0.8674990534782409668 0.86858618259429931641 0.87018471956253051758 0.8718268275260925293 0.87930721044540405273 0.88665539026260375977
-9999 -9999 -9999 -9999 -9999 -9999 -9999 -9999 -9999 -9999 -9999 -9999 -9999 -9999 -9999 -9999 0.87695497274398803711 0.87190967798233032227 0.87154674530029296875 0.86502373218536376953 0.8565095067024230957 0.85050606727600097656 0.85047036409378051758 0.83341991901397705078 0.81588721275329589844 0.78501731157302856445 0.76666742563247680664 0.77748119831085205078 0.77505356073379516602 0.77590227127075195312 0.75150305032730102539 0.76299178600311279297 0.76734042167663574219 0.8070856928825378418 0.8210570216178894043 0.84634250402450561523 0.85566544532775878906 0.8593603968620300293 0.85499966144561767578 0.86512190103530883789 0.87800705432891845703
-9999 -9999 -9999 -9999 -9999 -9999 -9999 -9999 -9999 -9999 -9999 -9999 -9999 -9999 -9999 0.87345409393310546875 0.88048452138900756836 0.87319022417068481445 0.87403351068496704102 0.86663341522216796875 0.85141384601593017578 0.84452170133590698242 0.84575945138931274414 0.83830469846725463867 0.833438873291015625 0.81497269868850708008 0.78366947174072265625 0.79011112451553344727 0.7720648646354675293 0.77548569440841674805 0.78175455331802368164 0.7851187586784362793 0.79424762725830078125 0.81894272565841674805 0.81827467679977416992 0.82589548826217651367 0.83477026224136352539 0.84748846292495727539 0.85490429401397705078 0.87053000926971435547 0.87978452444076538086
-9999 -9999 -9999 -9999 -9999 -9999 -9999 -9999 -9999 -9999 -9999 -9999 -9999 0.88179939985275268555 0.88137596845626831055 0.8776639103889465332 0.88230407238006591797 0.8703530430793762207 0.871288299560546875 0.85914200544357299805 0.84705376625061035156 0.84194874763488769531 0.8476937413215637207 0.83694636821746826172 0.8324794769287109375 0.82320874929428100586 0.80203568935394287109 0.81146883964538574219 0.80812758207321166992 0.81575185060501098633 0.80894505977630615234 0.8001556396484375 0.82494968175888061523 0.81927460432052612305 0.81453716754913330078 0.86816817522048950195 0.86723953485488891602 0.87302619218826293945 0.86753976345062255859 0.85623365640640258789 0.87258481979370117188
-9999 -9999 -9999 -9999 -9999 -9999 -9999 -9999 -9999 -9999 -9999 -9999 0.87603181600570678711 0.88245922327041625977 0.88152474164962768555 0.87333357334136962891 0.87807679176330566406 0.86749416589736938477 0.86141955852508544922 0.85055255889892578125 0.84023284912109375 0.83323663473129272461 0.83836501836776733398 0.84811872243881225586 0.83301866054534912109 0.82543396949768066406 0.82918894290924072266 0.83233648538589477539 0.82024538516998291016 0.82435232400894165039 0.82009106874465942383 0.78833812475204467773 0.79741960763931274414 0.85017478466033935547 0.85677647590637207031 0.87001967430114746094 0.86957257986068725586 0.86760932207107543945 0.84124410152435302734 0.82991361618041992188 0.86993199586868286133
-9999 -9999 -9999 -9999 -9999 -9999 -9999 -9999 -9999 -9999 0.85889160633087158203 0.86030226945877075195 0.86280775070190429688 0.87571638822555541992 0.87686842679977416992 0.86978369951248168945 0.86749827861785888672 0.85376191139221191406 0.84968519210815429688 0.83769339323043823242 0.84347003698348999023 0.82707059383392333984 0.83701610565185546875 0.84686481952667236328 0.83023810386657714844 0.82972264289855957031 0.82436460256576538086 0.82274305820465087891 0.80916571617126464844 0.84310638904571533203 0.84013247489929199219 0.8282044529914855957 0.84177541732788085938 0.85455262660980224609 0.85641020536422729492 0.87031853199005126953 0.87152945995330810547 0.87063139677047729492 0.84369236230850219727 0.8449255824089050293 0.86202931404113769531
-9999 -9999 -9999 -9999 -9999 -9999 -9999 -9999 -9999 0.85160553455352783203 0.85173565149307250977 0.84944301843643188477 0.83686918020248413086 0.85862928628921508789 0.86966311931610107422 0.85521554946899414062 0.85867857933044433594 0.84103924036026000977 0.82955062389373779297 0.80117958784103393555 0.81358581781387329102 0.79641580581665039062 0.81221103668212890625 0.83025461435317993164 0.82909280061721801758 0.81740373373031616211 0.82555186748504638672 0.82651978731155395508 0.8302891850471496582 0.85284578800201416016 0.8522993922233581543 0.84443891048431396484 0.84999102354049682617 0.85397809743881225586 0.84378230571746826172 0.85652714967727661133 0.86952555179595947266 0.87366425991058349609 0.87978392839431762695 0.87120652198791503906 0.86273348331451416016
-9999 -9999 -9999 -9999 -9999 -9999 -9999 -9999 0.84172898530960083008 0.83466649055480957031 0.84768187999725341797 0.84646719694137573242 0.83390039205551147461 0.84173768758773803711 0.8560301661491394043 0.84362059831619262695 0.85625892877578735352 0.83325201272964477539 0.83060318231582641602 0.81625962257385253906 0.80099433660507202148 0.77965003252029418945 0.79910188913345336914 0.82979029417037963867 0.83542269468307495117 0.8303858637809753418 0.83112514019012451172 0.84407418966293334961 0.85346579551696777344 0.85822725296020507812 0.86207425594329833984 0.85467106103897094727 0.85581731796264648438 0.85690069198608398438 0.84948295354843139648 0.85842919349670410156 0.86580938100814819336 0.87864720821380615234 0.88233333826065063477 0.87997603416442871094 0.87731838226318359375
-9999 -9999 -9999 -9999 -9999 -9999 -9999 0.84295296669006347656 0.83406531810760498047 0.83445477485656738281 0.85425269603729248047 0.8420245051383972168 0.8303973078727722168 0.8406251072883605957 0.85402882099151611328 0.85051774978637695312 0.84845030307769775391 0.83420825004577636719 0.81256061792373657227 0.81522166728973388672 0.81289952993392944336 0.78868836164474487305 0.82816588878631591797 0.85668683052062988281 0.85735011100769042969 0.85718196630477905273 0.85577368736267089844 0.87167394161224365234 0.87329578399658203125 0.87374007701873779297 0.87671542167663574219 0.86995679140090942383 0.86857295036315917969 0.86915761232376098633 0.86716306209564208984 0.87128436565399169922 0.88009029626846313477 0.88715958595275878906 0.88442367315292358398 0.88388794660568237305 0.88763213157653808594
-9999 -9999 0.81547284126281738281 0.81470245122909545898 0.83326196670532226562 0.85592985153198242188 0.84754961729049682617 0.84642386436462402344 0.84433972835540771484 0.840343475341796875 0.85663568973541259766 0.85730659961700439453 0.8501834869384765625 0.85464584827423095703 0.85248160362243652344 0.82655137777328491211 0.83376640081405639648 0.82094657421112060547 0.81164604425430297852 0.81236153841018676758 0.8093140721321105957 0.79981946945190429688 0.8384685516357421875 0.85846680402755737305 0.8568446040153503418 0.86335289478302001953 0.86922526359558105469 0.87493818998336791992 0.87725108861923217773 0.87832236289978027344 0.87766641378402709961 0.87337464094161987305 0.87372612953186035156 0.87304198741912841797 0.8708521723747253418 0.875766754150390625 0.8847630620002746582 0.88473504781723022461 0.87984603643417358398 0.88108664751052856445 0.88356995582580566406
0.85267961025238037109 0.82835078239440917969 0.8081073760986328125 0.83760285377502441406 0.84522950649261474609 0.85037863254547119141 0.84873056411743164062 0.85118639469146728516 0.8469492793083190918 0.84839916229248046875 0.85545849800109863281 0.84421789646148681641 0.84637504816055297852 0.85169798135757446289 0.83027637004852294922 0.82145488262176513672 0.82888180017471313477 0.82386189699172973633 0.83092612028121948242 0.83071088790893554688 0.83047968149185180664 0.83326357603073120117 0.83727985620498657227 0.84367311000823974609 0.86383396387100219727 0.88115221261978149414 0.88595783710479736328 0.89102536439895629883 0.88854479789733886719 0.88852411508560180664 0.88745969533920288086 0.88006258010864257812 0.88058757781982421875 0.88269966840744018555 0.88210648298263549805 0.89198392629623413086 0.8912588953971862793 0.88939750194549560547 0.88743293285369873047 0.88717043399810791016 0.88992834091186523438
-9999 0.79022228717803955078 0.82343971729278564453 0.84860557317733764648 0.84804171323776245117 0.85094034671783447266 0.85164231061935424805 0.85334104299545288086 0.85430991649627685547 0.85171830654144287109 0.8555743098258972168 0.85681450366973876953 0.85094738006591796875 0.85083556175231933594 0.84787976741790771484 0.83208411931991577148 0.84140008687973022461 0.83683556318283081055 0.84253096580505371094 0.84223055839538574219 0.84432071447372436523 0.84992903470993041992 0.85880607366561889648 0.85078471899032592773 0.87526845932006835938 0.89490437507629394531 0.89223533868789672852 0.89379572868347167969 0.89577007293701171875 0.89273589849472045898 0.89127641916275024414 0.88576704263687133789 0.88750457763671875 0.88956719636917114258 0.89163213968276977539 0.89495581388473510742 0.8931865692138671875 0.88922601938247680664 0.88885760307312011719 0.88971090316772460938 0.89168494939804077148
-9999 -9999 -9999 0.85785061120986938477 0.86074268817901611328 0.85812640190124511719 0.85605704784393310547 0.85730147361755371094 0.85687577724456787109 0.85369652509689331055 0.85747373104095458984 0.85963499546051025391 0.8552150726318359375 0.85513579845428466797 0.84969300031661987305 0.83725589513778686523 0.84919255971908569336 0.84823054075241088867 0.85376363992691040039 0.85641908645629882812 0.85777449607849121094 0.85930323600769042969 0.86915320158004760742 0.86798238754272460938 0.87140959501266479492 0.88999706506729125977 0.89681088924407958984 0.89867949485778808594 0.89849311113357543945 0.89742982387542724609 0.89305627346038818359 0.88845241069793701172 0.88931024074554443359 0.89306730031967163086 0.89182412624359130859 0.89235258102416992188 0.89043051004409790039 0.88763028383255004883 0.8868808746337890625 0.88880234956741333008 0.8897616267204284668
-9999 -9999 -9999 -9999 -9999 -9999 0.86761951446533203125 0.86807519197463989258 0.86433607339859008789 0.86100828647613525391 0.86337590217590332031 0.86628365516662597656 0.86301147937774658203 0.86337226629257202148 0.86051744222640991211 0.85888117551803588867 0.86923146247863769531 0.86412775516510009766 0.86822569370269775391 0.87459981441497802734 0.8775685429573059082 0.88207525014877319336 0.88753038644790649414 0.88530564308166503906 0.87412214279174804688 0.88842046260833740234 0.89133936166763305664 0.89754700660705566406 0.8979498744010925293 0.89634335041046142578 0.89622533321380615234 0.8972148895263671875 0.89610534906387329102 0.89699989557266235352 0.89673006534576416016 0.89723747968673706055 0.89635527133941650391 0.89211469888687133789 0.89120846986770629883 0.89220911264419555664 0.89281994104385375977
-9999 -9999 -9999 -9999 -9999 -9999 -9999 -9999 0.87496542930603027344 0.87243038415908813477 0.87439298629760742188 0.87416213750839233398 0.86894017457962036133 0.87171697616577148438 0.87469542026519775391 0.87662833929061889648 0.8814182281494140625 0.8842728734016418457 0.88923728466033935547 0.893886566162109375 0.89586836099624633789 0.8984724879264831543 0.89868170022964477539 0.90034455060958862305 0.90095168352127075195 0.89846831560134887695 0.89861273765563964844 0.90050745010375976562 0.90098440647125244141 0.90418022871017456055 0.90198540687561035156 0.90187090635299682617 0.90247607231140136719 0.90348738431930541992 0.90129107236862182617 0.90276604890823364258 0.899333953857421875 0.89963984489440917969 0.90033537149429321289 0.90010046958923339844 0.89920628070831298828
-9999 -9999 -9999 -9999 -9999 -9999 -9999 -9999 -9999 -9999 0.87735450267791748047 0.87987953424453735352 0.87856161594390869141 0.88373816013336181641 0.88647580146789550781 0.88353556394577026367 0.88777458667755126953 0.89066904783248901367 0.89447230100631713867 0.89648485183715820312 0.89932453632354736328 0.90037000179290771484 0.89833784103393554688 0.89992654323577880859 0.89505827426910400391 0.89100950956344604492 0.89141517877578735352 0.89417618513107299805 0.89365810155868530273 0.89510422945022583008 0.89620178937911987305 0.89904642105102539062 0.89691263437271118164 0.89841437339782714844 0.90432339906692504883 0.90526860952377319336 0.90384030342102050781 0.90007168054580688477 0.9003054499626159668 0.89978563785552978516 0.90068107843399047852
-9999 -9999 -9999 -9999 -9999 -9999 -9999 -9999 -9999 -9999 -9999 -9999 -9999 0.89551264047622680664 0.89838439226150512695 0.89920610189437866211 0.9010645747184753418 0.90240061283111572266 0.90273761749267578125 0.90353196859359741211 0.90270066261291503906 0.90098345279693603516 0.89962887763977050781 0.89952778816223144531 0.89425545930862426758 0.89091271162033081055 0.89059299230575561523 0.89175808429718017578 0.89330339431762695312 0.89460676908493041992 0.89727413654327392578 0.89870750904083251953 0.90034276247024536133 0.90055084228515625 0.90514737367630004883 0.91127806901931762695 0.90902566909790039062 0.90899139642715454102 0.9065831303596496582 0.90778237581253051758 0.90794634819030761719
