data/ReDellaPietra/3/ReDellaPietra_skyview_3.asc
ncols        136
nrows        49
xllcorner    1710907.231035986682
yllcorner    4862395.499996995553
cellsize     10.000000000000
NODATA_value  -9999
[rows 18 to 35 of 49, columns 82 to 122 of 136]
0.89353722333908081055 0.89130431413650512695 0.88914448022842407227 0.8842474818229675293 0.88679206371307373047 0.88865530490875244141 0.89537757635116577148 0.89294022321701049805 0.89737582206726074219 0.89138686656951904297 0.89441114664077758789 0.9130408167839050293 0.92596304416656494141 0.93002325296401977539 0.92700934410095214844 0.9245904088020324707 0.92468285560607910156 0.92893034219741821289 0.92756736278533935547 0.93159788846969604492 0.93175166845321655273 0.93565952777862548828 0.93969976902008056641 0.93921083211898803711 0.93863469362258911133 0.93841683864593505859 0.93509954214096069336 0.93428456783294677734 0.93273997306823730469 0.93029409646987915039 0.93561828136444091797 0.94275701045989990234 0.94588625431060791016 0.94663786888122558594 0.94567477703094482422 0.94520962238311767578 0.95064371824264526367 0.95235234498977661133 0.95273029804229736328 0.94905447959899902344 0.95628261566162109375
0.89275473356246948242 0.89102244377136230469 0.89250874519348144531 0.89029937982559204102 0.89181983470916748047 0.89326173067092895508 0.90120410919189453125 0.89828896522521972656 0.89731043577194213867 0.90367531776428222656 0.89380109310150146484 0.90383696556091308594 0.90965604782104492188 0.9192784428596496582 0.92261528968811035156 0.91956150531768798828 0.92006033658981323242 0.92383652925491333008 0.92201179265975952148 0.92838776111602783203 0.92793989181518554688 0.92842656373977661133 0.93176662921905517578 0.93415999412536621094 0.93392491340637207031 0.93478769063949584961 0.93261075019836425781 0.92975181341171264648 0.92799353599548339844 0.9256318211555480957 0.93118464946746826172 0.93366873264312744141 0.94079726934432983398 0.94410949945449829102 0.94342041015625 0.94188970327377319336 0.94771724939346313477 0.94920432567596435547 0.9504197239875793457 0.94852662086486816406 0.95311623811721801758
0.89418137073516845703 0.88574987649917602539 0.88455098867416381836 0.88756620883941650391 0.89487987756729125977 0.90321850776672363281 0.89552134275436401367 0.89433062076568603516 0.90097916126251220703 0.90124678611755371094 0.89568316936492919922 0.8940308690071105957 0.89653509855270385742 0.91207939386367797852 0.92020809650421142578 0.91967719793319702148 0.919933319091796875 0.92235380411148071289 0.91910320520401000977 0.92561089992523193359 0.92513799667358398438 0.92558562755584716797 0.92825770378112792969 0.92910814285278320312 0.93017345666885375977 0.93151289224624633789 0.9290599822998046875 0.92590159177780151367 0.92488270998001098633 0.92627084255218505859 0.93002665042877197266 0.92815572023391723633 0.93275171518325805664 0.93749469518661499023 0.93932634592056274414 0.93840491771697998047 0.94145405292510986328 0.94519102573394775391 0.94656586647033691406 0.94433611631393432617 0.94710004329681396484
0.90750157833099365234 0.90524840354919433594 0.90134733915328979492 0.90692383050918579102 0.90352320671081542969 0.90222024917602539062 0.89883905649185180664 0.89354383945465087891 0.89897060394287109375 0.89404088258743286133 0.89318585395812988281 0.89519858360290527344 0.89303666353225708008 0.90476709604263305664 0.91725194454193115234 0.91816496849060058594 0.91946458816528320312 0.92051517963409423828 0.9165503382682800293 0.92326217889785766602 0.92235791683197021484 0.92334973812103271484 0.92294955253601074219 0.92137300968170166016 0.92312806844711303711 0.9247919917106628418 0.92448902130126953125 0.92203915119171142578 0.92517888545989990234 0.92259991168975830078 0.9260151982307434082 0.92850536108016967773 0.93066030740737915039 0.93294554948806762695 0.936069488525390625 0.93470048904418945312 0.9373461604118347168 0.939846038818359375 0.94382768869400024414 0.9430224299430847168 0.94511359930038452148
0.90231102705001831055 0.90842276811599731445 0.90339201688766479492 0.9003022313117980957 0.89656525850296020508 0.90081459283828735352 0.89814460277557373047 0.89247620105743408203 0.90067118406295776367 0.90339601039886474609 0.89775431156158447266 0.90062004327774047852 0.89947843551635742188 0.90588611364364624023 0.91424787044525146484 0.92125564813613891602 0.92318004369735717773 0.9251206517219543457 0.92029267549514770508 0.92600804567337036133 0.92386204004287719727 0.92377072572708129883 0.92577725648880004883 0.92027616500854492188 0.91852796077728271484 0.92127096652984619141 0.9236800074577331543 0.92572832107543945312 0.92707610130310058594 0.92451363801956176758 0.92946624755859375 0.92737346887588500977 0.93021547794342041016 0.93140989542007446289 0.93297624588012695312 0.93321233987808227539 0.93592357635498046875 0.93597412109375 0.93963706493377685547 0.94211083650588989258 0.94395077228546142578
0.90800797939300537109 0.90159088373184204102 0.89984792470932006836 0.89707410335540771484 0.89924538135528564453 0.90134191513061523438 0.89932382106781005859 0.89446580410003662109 0.90163731575012207031 0.90222626924514770508 0.90128552913665771484 0.90440171957015991211 0.89953428506851196289 0.90779221057891845703 0.91078132390975952148 0.91720360517501831055 0.92049843072891235352 0.92362475395202636719 0.91713553667068481445 0.92520499229431152344 0.92210566997528076172 0.92163079977035522461 0.92224478721618652344 0.91559678316116333008 0.9156029820442199707 0.92137032747268676758 0.92107063531875610352 0.92222970724105834961 0.92541295289993286133 0.92399573326110839844 0.92803400754928588867 0.92562311887741088867 0.92923080921173095703 0.930416107177734375 0.93152546882629394531 0.92953145503997802734 0.93072283267974853516 0.92590504884719848633 0.93190324306488037109 0.93917894363403320312 0.94129276275634765625
0.91093325614929199219 0.90975242853164672852 0.90512108802795410156 0.89423805475234985352 0.90023797750473022461 0.90109533071517944336 0.90145760774612426758 0.89925271272659301758 0.90316027402877807617 0.90367335081100463867 0.90306735038757324219 0.90329557657241821289 0.90509432554244995117 0.90702748298645019531 0.90638053417205810547 0.906314849853515625 0.91400372982025146484 0.91887342929840087891 0.91179448366165161133 0.91995716094970703125 0.91616636514663696289 0.9154440760612487793 0.91588056087493896484 0.91048568487167358398 0.91081571578979492188 0.91759145259857177734 0.9160823822021484375 0.91854745149612426758 0.92056024074554443359 0.9178873896598815918 0.92401939630508422852 0.92583924531936645508 0.92852979898452758789 0.93015021085739135742 0.93372839689254760742 0.93046009540557861328 0.93162745237350463867 0.93051588535308837891 0.93369978666305541992 0.93512105941772460938 0.93985384702682495117
0.90590614080429077148 0.9038245081901550293 0.89871501922607421875 0.88484787940979003906 0.87708008289337158203 0.88199138641357421875 0.90257465839385986328 0.90278297662734985352 0.90430659055709838867 0.90085464715957641602 0.9006068110466003418 0.90567964315414428711 0.90383028984069824219 0.90897792577743530273 0.90647995471954345703 0.90038788318634033203 0.90671867132186889648 0.91281950473785400391 0.90722644329071044922 0.91630029678344726562 0.91283756494522094727 0.91054999828338623047 0.90958410501480102539 0.90352898836135864258 0.90627008676528930664 0.91368436813354492188 0.91490447521209716797 0.91712397336959838867 0.91684675216674804688 0.91825789213180541992 0.92440068721771240234 0.92595636844635009766 0.92712265253067016602 0.92973870038986206055 0.92850118875503540039 0.93068879842758178711 0.9329395294189453125 0.93313878774642944336 0.93461835384368896484 0.93084388971328735352 0.93479955196380615234
0.91034007072448730469 0.89926868677139282227 0.90080243349075317383 0.89031821489334106445 0.86885857582092285156 0.89176148176193237305 0.90370798110961914062 0.90899866819381713867 0.91079288721084594727 0.90680825710296630859 0.9022420048713684082 0.90901976823806762695 0.90074300765991210938 0.90876215696334838867 0.91132646799087524414 0.90217804908752441406 0.90526831150054931641 0.90651983022689819336 0.90193998813629150391 0.91234302520751953125 0.90983992815017700195 0.90368092060089111328 0.90293449163436889648 0.90673679113388061523 0.9108066558837890625 0.91399180889129638672 0.9148533940315246582 0.91749519109725952148 0.92043399810791015625 0.921604156494140625 0.92819064855575561523 0.92744666337966918945 0.92801368236541748047 0.92885231971740722656 0.93365377187728881836 0.93421888351440429688 0.93675959110260009766 0.9395096898078918457 0.94076567888259887695 0.93912893533706665039 0.93932890892028808594
0.912059783935546875 0.89559847116470336914 0.90085464715957641602 0.89990186691284179688 0.89309978485107421875 0.90348541736602783203 0.9081675410270690918 0.9085858464241027832 0.91130852699279785156 0.90964978933334350586 0.90441966056823730469 0.90737879276275634766 0.90917801856994628906 0.9071204066276550293 0.90973150730133056641 0.90843468904495239258 0.89997524023056030273 0.89732950925827026367 0.88697737455368041992 0.91420072317123413086 0.91074126958847045898 0.89643877744674682617 0.90386188030242919922 0.90238004922866821289 0.90449488162994384766 0.91051775217056274414 0.90757048130035400391 0.91393500566482543945 0.91811716556549072266 0.9208914637565612793 0.92550569772720336914 0.9269250035285949707 0.92796224355697631836 0.9294007420539855957 0.93255954980850219727 0.93389111757278442383 0.93781274557113647461 0.94161927700042724609 0.9438870549201965332 0.94461405277252197266 0.94376206398010253906
0.90094953775405883789 0.89208012819290161133 0.8998190760612487793 0.90103733539581298828 0.89910101890563964844 0.90511286258697509766 0.91123908758163452148 0.90846908092498779297 0.91159880161285400391 0.91212868690490722656 0.91005855798721313477 0.91155952215194702148 0.91112428903579711914 0.91295999288558959961 0.91497701406478881836 0.91279172897338867188 0.91110134124755859375 0.90489399433135986328 0.91043388843536376953 0.91663980484008789062 0.91126096248626708984 0.90929937362670898438 0.89339017868041992188 0.88803464174270629883 0.89698964357376098633 0.90720188617706298828 0.9083716273307800293 0.90994626283645629883 0.91271746158599853516 0.91363692283630371094 0.9184926152229309082 0.92317718267440795898 0.92521303892135620117 0.92377054691314697266 0.92775297164916992188 0.92557901144027709961 0.92830550670623779297 0.94104546308517456055 0.94487369060516357422 0.94376045465469360352 0.94350588321685791016
0.90805661678314208984 0.89773535728454589844 0.90480530261993408203 0.90716356039047241211 0.90542358160018920898 0.90854763984680175781 0.90799623727798461914 0.90600883960723876953 0.9124431610107421875 0.91074728965759277344 0.90997087955474853516 0.91201257705688476562 0.90862983465194702148 0.91325515508651733398 0.91427582502365112305 0.91484546661376953125 0.91376590728759765625 0.91085273027420043945 0.90913945436477661133 0.91338020563125610352 0.91078805923461914062 0.91025167703628540039 0.90106219053268432617 0.89229160547256469727 0.9012699127197265625 0.91185319423675537109 0.90538710355758666992 0.9022064208984375 0.90019178390502929688 0.89603686332702636719 0.90844815969467163086 0.90996342897415161133 0.90862828493118286133 0.91035437583923339844 0.91519141197204589844 0.91456085443496704102 0.91788250207901000977 0.93166512250900268555 0.94223785400390625 0.94148474931716918945 0.94062817096710205078
0.90434616804122924805 0.89769583940505981445 0.9041016697883605957 0.90655231475830078125 0.89996391534805297852 0.90477037429809570312 0.90422421693801879883 0.89716750383377075195 0.90749764442443847656 0.90894538164138793945 0.90680176019668579102 0.90721929073333740234 0.90643137693405151367 0.91307264566421508789 0.91243880987167358398 0.91024547815322875977 0.91077119112014770508 0.91227883100509643555 0.90776866674423217773 0.90859848260879516602 0.90920346975326538086 0.90858149528503417969 0.90608608722686767578 0.90522271394729614258 0.90884250402450561523 0.91140288114547729492 0.89654362201690673828 0.89621633291244506836 0.90212857723236083984 0.90129733085632324219 0.90971803665161132812 0.91027230024337768555 0.9114812016487121582 0.90476119518280029297 0.89634841680526733398 0.89310747385025024414 0.89868211746215820312 0.91004103422164916992 0.92890530824661254883 0.93710881471633911133 0.93585944175720214844
0.90249121189117431641 0.89841890335083007812 0.90629398822784423828 0.90802514553070068359 0.90245455503463745117 0.90751820802688598633 0.90672624111175537109 0.89731705188751220703 0.90600538253784179688 0.90424335002899169922 0.90635251998901367188 0.90947818756103515625 0.90156078338623046875 0.9074427485466003418 0.91159206628799438477 0.90737003087997436523 0.91037565469741821289 0.91031658649444580078 0.90743786096572875977 0.90812265872955322266 0.90464174747467041016 0.89449656009674072266 0.90910840034484863281 0.91101098060607910156 0.90936899185180664062 0.9098822474479675293 0.9069111943244934082 0.9061819911003112793 0.90543675422668457031 0.90371799468994140625 0.90543526411056518555 0.9089946746826171875 0.91644024848937988281 0.89073359966278076172 0.87561470270156860352 0.8856671452522277832 0.88721251487731933594 0.89072936773300170898 0.90736639499664306641 0.92551565170288085938 0.92709261178970336914
0.90417379140853881836 0.89796841144561767578 0.90115106105804443359 0.90813541412353515625 0.90064376592636108398 0.90517538785934448242 0.90308135747909545898 0.89521592855453491211 0.90496551990509033203 0.90454059839248657227 0.90431421995162963867 0.90500313043594360352 0.89921551942825317383 0.90500980615615844727 0.90847218036651611328 0.90489137172698974609 0.90970408916473388672 0.90791046619415283203 0.90053910017013549805 0.90225815773010253906 0.87893819808959960938 0.88146507740020751953 0.90471172332763671875 0.91205483675003051758 0.90307146310806274414 0.90766191482543945312 0.90471446514129638672 0.90870267152786254883 0.91032886505126953125 0.91092836856842041016 0.91082298755645751953 0.90758138895034790039 0.91536992788314819336 0.90830701589584350586 0.89827865362167358398 0.90670508146286010742 0.91518622636795043945 0.88909006118774414062 0.90209722518920898438 0.92248702049255371094 0.92219573259353637695
0.90961587429046630859 0.90195643901824951172 0.90828287601470947266 0.91150426864624023438 0.90648698806762695312 0.9108015894889831543 0.90872365236282348633 0.897480010986328125 0.90800726413726806641 0.90645778179168701172 0.90561872720718383789 0.90463185310363769531 0.89783334732055664062 0.90657907724380493164 0.91276240348815917969 0.90658420324325561523 0.90382289886474609375 0.90407645702362060547 0.88430589437484741211 0.89040285348892211914 0.87384271621704101562 0.8871415257453918457 0.89665430784225463867 0.90340429544448852539 0.86863803863525390625 0.88114798069000244141 0.90014255046844482422 0.91004323959350585938 0.90956634283065795898 0.90683650970458984375 0.91036772727966308594 0.91102862358093261719 0.91246783733367919922 0.91128683090209960938 0.90446305274963378906 0.91162985563278198242 0.91682332754135131836 0.91317844390869140625 0.9183089137077331543 0.91905832290649414062 0.91691434383392333984
0.91031539440155029297 0.90082287788391113281 0.90904515981674194336 0.90616822242736816406 0.90695393085479736328 0.91095864772796630859 0.9047057032585144043 0.8953978419303894043 0.90622341632843017578 0.90455567836761474609 0.90520018339157104492 0.90759217739105224609 0.9042142033576965332 0.91071963310241699219 0.91148126125335693359 0.9051138758659362793 0.90127617120742797852 0.90204358100891113281 0.88253670930862426758 0.89354330301284790039 0.88663893938064575195 0.89039391279220581055 0.90360462665557861328 0.89948701858520507812 0.88880783319473266602 0.90107703208923339844 0.91057437658309936523 0.90464890003204345703 0.90489155054092407227 0.89332354068756103516 0.89854437112808227539 0.90813070535659790039 0.90934669971466064453 0.90688371658325195312 0.90485107898712158203 0.90839439630508422852 0.9152774810791015625 0.91672986745834350586 0.91895473003387451172 0.91952860355377197266 0.91707557439804077148
0.91377103328704833984 0.90983760356903076172 0.91350549459457397461 0.91483336687088012695 0.91297936439514160156 0.90928542613983154297 0.90265959501266479492 0.89977860450744628906 0.91196942329406738281 0.91865372657775878906 0.92136323451995849609 0.92007541656494140625 0.9129702448844909668 0.91577422618865966797 0.91490411758422851562 0.90765303373336791992 0.90345019102096557617 0.90462499856948852539 0.88733232021331787109 0.89866691827774047852 0.89341700077056884766 0.89507353305816650391 0.906940460205078125 0.91297054290771484375 0.90376520156860351562 0.90765964984893798828 0.91086244583129882812 0.90513479709625244141 0.89816993474960327148 0.89369565248489379883 0.89930140972137451172 0.90585869550704956055 0.90357208251953125 0.90074962377548217773 0.89903038740158081055 0.90812659263610839844 0.91202002763748168945 0.91417676210403442383 0.91515296697616577148 0.91552865505218505859 0.91593265533447265625
