data/ReDellaPietra/3/ReDellaPietra_skyview_3.asc
ncols        136
nrows        49
xllcorner    1710907.231035986682
yllcorner    4862395.499996995553
cellsize     10.000000000000
NODATA_value  -9999
[rows 0 to 17 of 49, columns 41 to 81 of 136]
-9999 -9999 -9999 -9999 -9999 -9999 -9999 -9999 -9999 -9999 -9999 -9999 -9999 -9999 -9999 -9999 -9999 -9999 -9999 -9999 -9999 -9999 -9999 -9999 0.94846618175506591797 0.94814592599868774414 -9999 -9999 -9999 -9999 -9999 -9999 -9999 -9999 -9999 -9999 -9999 -9999 -9999 -9999 -9999
-9999 -9999 -9999 -9999 -9999 -9999 -9999 -9999 -9999 -9999 -9999 -9999 -9999 -9999 -9999 -9999 -9999 -9999 -9999 -9999 -9999 -9999 -9999 0.94323861598968505859 0.94537281990051269531 0.94607996940612792969 0.94564843177795410156 0.94636750221252441406 0.94669049978256225586 0.94700992107391357422 0.94605481624603271484 -9999 0.94484734535217285156 0.94451636075973510742 -9999 -9999 -9999 -9999 -9999 -9999 -9999
-9999 -9999 -9999 -9999 -9999 -9999 -9999 -9999 -9999 -9999 -9999 -9999 -9999 -9999 -9999 -9999 -9999 -9999 -9999 -9999 -9999 -9999 0.94088250398635864258 0.94083416461944580078 0.93959736824035644531 0.93838304281234741211 0.9384301304817199707 0.9389445185661315918 0.93805217742919921875 0.93737244606018066406 0.93675577640533447266 0.93421179056167602539 0.93623471260070800781 0.93644058704376220703 0.93591505289077758789 0.93467974662780761719 0.92845445871353149414 0.92967486381530761719 -9999 -9999 -9999
-9999 -9999 -9999 -9999 -9999 -9999 -9999 -9999 -9999 -9999 -9999 -9999 -9999 -9999 -9999 -9999 -9999 -9999 -9999 -9999 -9999 0.91614615917205810547 0.92768537998199462891 0.92641645669937133789 0.92831695079803466797 0.92672055959701538086 0.92694765329360961914 0.92956197261810302734 0.92684471607208251953 0.92764377593994140625 0.93101084232330322266 0.93094778060913085938 0.93154728412628173828 0.92965841293334960938 0.93097686767578125 0.93043428659439086914 0.92399412393569946289 0.92138278484344482422 0.93504965305328369141 0.94468933343887329102 -9999
-9999 -9999 -9999 -9999 -9999 -9999 -9999 -9999 -9999 -9999 -9999 -9999 -9999 -9999 -9999 -9999 -9999 -9999 -9999 -9999 0.90142035484313964844 0.90779489278793334961 0.91625493764877319336 0.92488992214202880859 0.9273821711540222168 0.92492842674255371094 0.92428767681121826172 0.92840093374252319336 0.92591303586959838867 0.92521524429321289062 0.92445433139801025391 0.9228852391242980957 0.92536556720733642578 0.92484176158905029297 0.92252981662750244141 0.92006802558898925781 0.91741764545440673828 0.91653168201446533203 0.92578065395355224609 0.93525308370590209961 0.93862354755401611328
-9999 -9999 -9999 -9999 -9999 -9999 -9999 -9999 -9999 -9999 -9999 -9999 -9999 -9999 -9999 -9999 -9999 -9999 -9999 0.89506334066390991211 0.89910948276519775391 0.90084969997406005859 0.90558683872222900391 0.90945076942443847656 0.91846817731857299805 0.92044818401336669922 0.91971468925476074219 0.92413771152496337891 0.92359173297882080078 0.92158246040344238281 0.92226386070251464844 0.92112725973129272461 0.92382073402404785156 0.92147898674011230469 0.91950005292892456055 0.91895663738250732422 0.91797333955764770508 0.91036170721054077148 0.91108536720275878906 0.91484826803207397461 0.918060302734375
-9999 -9999 -9999 -9999 -9999 -9999 -9999 -9999 -9999 -9999 -9999 -9999 -9999 -9999 -9999 -9999 -9999 -9999 0.89782327413558959961 0.89458024501800537109 0.89904695749282836914 0.90125280618667602539 0.90400093793869018555 0.90076673030853271484 0.91133409738540649414 0.91854548454284667969 0.91914921998977661133 0.92068117856979370117 0.92054659128189086914 0.92031759023666381836 0.91961669921875 0.9150053858757019043 0.92175096273422241211 0.91984665393829345703 0.91673243045806884766 0.91154086589813232422 0.90675467252731323242 0.9021250605583190918 0.904651641845703125 0.89867234230041503906 0.88362175226211547852
-9999 -9999 -9999 -9999 -9999 -9999 -9999 -9999 -9999 -9999 -9999 -9999 -9999 -9999 -9999 -9999 -9999 0.90059077739715576172 0.89799714088439941406 0.89461797475814819336 0.90014868974685668945 0.90182393789291381836 0.90549397468566894531 0.90322852134704589844 0.90766000747680664062 0.91048985719680786133 0.91668033599853515625 0.91959989070892333984 0.91640812158584594727 0.91575956344604492188 0.9161656498908996582 0.91197627782821655273 0.91539603471755981445 0.90983808040618896484 0.90660083293914794922 0.90473186969757080078 0.9022572636604309082 0.90075898170471191406 0.89829021692276000977 0.89604812860488891602 0.88919198513031005859
-9999 -9999 -9999 -9999 -9999 -9999 -9999 -9999 -9999 -9999 -9999 -9999 -9999 -9999 -9999 -9999 0.89381486177444458008 0.89036297798156738281 0.88979470729827880859 0.88682854175567626953 0.89100438356399536133 0.89495199918746948242 0.89692658185958862305 0.89521491527557373047 0.89855647087097167969 0.8978716731071472168 0.90531146526336669922 0.91019880771636962891 0.90361046791076660156 0.90275323390960693359 0.90043354034423828125 0.89322257041931152344 0.9002704620361328125 0.89602351188659667969 0.8930155634880065918 0.89313453435897827148 0.88921129703521728516 0.88687157630920410156 0.88898146152496337891 0.89070618152618408203 0.89227467775344848633
-9999 -9999 -9999 -9999 -9999 -9999 -9999 -9999 -9999 -9999 -9999 -9999 -9999 -9999 -9999 0.90098357200622558594 0.8948224186897277832 0.88963240385055541992 0.89082515239715576172 0.88984274864196777344 0.89325124025344848633 0.89756232500076293945 0.90098690986633300781 0.89813905954360961914 0.90484595298767089844 0.90362006425857543945 0.90446442365646362305 0.9091923832893371582 0.90559941530227661133 0.90042221546173095703 0.89888328313827514648 0.89194530248641967773 0.90017586946487426758 0.89523726701736450195 0.89232921600341796875 0.89262223243713378906 0.89236855506896972656 0.88831859827041625977 0.89252716302871704102 0.89737671613693237305 0.89431136846542358398
-9999 -9999 -9999 -9999 -9999 -9999 -9999 -9999 -9999 -9999 -9999 -9999 -9999 -9999 0.90159565210342407227 0.90434670448303222656 0.90245997905731201172 0.8966503143310546875 0.89567166566848754883 0.89216923713684082031 0.89602166414260864258 0.89884293079376220703 0.90276986360549926758 0.90048176050186157227 0.90600949525833129883 0.90515482425689697266 0.90447652339935302734 0.90755963325500488281 0.90440386533737182617 0.89795035123825073242 0.89489024877548217773 0.88614118099212646484 0.89566338062286376953 0.89301025867462158203 0.89226990938186645508 0.89342319965362548828 0.89407366514205932617 0.89333349466323852539 0.8976758122444152832 0.89620000123977661133 0.89735502004623413086
-9999 -9999 -9999 -9999 -9999 -9999 -9999 -9999 -9999 -9999 -9999 -9999 -9999 0.9103037714958190918 0.90383321046829223633 0.90448600053787231445 0.90347838401794433594 0.90026146173477172852 0.89744865894317626953 0.89361721277236938477 0.89820575714111328125 0.90093320608139038086 0.9039389491081237793 0.90320420265197753906 0.90766936540603637695 0.90849715471267700195 0.90641796588897705078 0.90721368789672851562 0.90564447641372680664 0.90138763189315795898 0.89544010162353515625 0.88363021612167358398 0.89426380395889282227 0.89231115579605102539 0.89428043365478515625 0.89368790388107299805 0.89533346891403198242 0.89528352022171020508 0.89679187536239624023 0.9000390172004699707 0.9004294276237487793
-9999 -9999 -9999 -9999 -9999 -9999 -9999 -9999 -9999 -9999 -9999 0.91415619850158691406 0.91130518913269042969 0.91104370355606079102 0.90547823905944824219 0.90322387218475341797 0.90131431818008422852 0.90081733465194702148 0.89841407537460327148 0.89696156978607177734 0.90081053972244262695 0.90531545877456665039 0.90993851423263549805 0.90572214126586914062 0.91020292043685913086 0.90749830007553100586 0.90777391195297241211 0.90733903646469116211 0.90439820289611816406 0.90164488554000854492 0.8980147242546081543 0.8880125880241394043 0.89334571361541748047 0.89101564884185791016 0.89110434055328369141 0.89623230695724487305 0.89801365137100219727 0.89745086431503295898 0.89890563488006591797 0.89948672056198120117 0.89865142107009887695
-9999 -9999 -9999 -9999 -9999 -9999 -9999 -9999 0.91596186161041259766 0.9157263636589050293 0.91286194324493408203 0.91125416755676269531 0.90952062606811523438 0.90843880176544189453 0.90575879812240600586 0.90394121408462524414 0.89956432580947875977 0.89872717857360839844 0.89615160226821899414 0.89254039525985717773 0.89630883932113647461 0.90161228179931640625 0.90501713752746582031 0.90418964624404907227 0.90715962648391723633 0.90502274036407470703 0.90629297494888305664 0.90424716472625732422 0.90329569578170776367 0.90212416648864746094 0.89938116073608398438 0.89292359352111816406 0.88824349641799926758 0.88812041282653808594 0.88851773738861083984 0.88845556974411010742 0.89028239250183105469 0.89289438724517822266 0.89288043975830078125 0.89324742555618286133 0.89328598976135253906
-9999 -9999 -9999 -9999 -9999 0.91672283411026000977 0.90909409523010253906 0.90542799234390258789 0.90869480371475219727 0.90874302387237548828 0.90805673599243164062 0.90566450357437133789 0.90291821956634521484 0.90362036228179931641 0.90177375078201293945 0.90284252166748046875 0.90253168344497680664 0.90049546957015991211 0.89477503299713134766 0.90147060155868530273 0.89873707294464111328 0.90183550119400024414 0.90617656707763671875 0.90503954887390136719 0.904201507568359375 0.90237230062484741211 0.90109896659851074219 0.90268439054489135742 0.90035778284072875977 0.89862459897994995117 0.89636123180389404297 0.89502477645874023438 0.88973975181579589844 0.87919163703918457031 0.88166624307632446289 0.88241797685623168945 0.88505804538726806641 0.8867015838623046875 0.88686090707778930664 0.88944983482360839844 0.88964223861694335938
-9999 0.91918051242828369141 -9999 -9999 0.91836512088775634766 0.91703230142593383789 0.91012418270111083984 0.90378719568252563477 0.90343254804611206055 0.90724605321884155273 0.90717673301696777344 0.9034493565559387207 0.89719283580780029297 0.9011936187744140625 0.89722621440887451172 0.89839386940002441406 0.90214532613754272461 0.88066083192825317383 0.88107645511627197266 0.90762615203857421875 0.90789866447448730469 0.90854257345199584961 0.90862315893173217773 0.90585350990295410156 0.90522539615631103516 0.90681135654449462891 0.90315210819244384766 0.90293776988983154297 0.900188446044921875 0.89907491207122802734 0.89634495973587036133 0.89503759145736694336 0.89112085103988647461 0.88244527578353881836 0.87702125310897827148 0.87909597158432006836 0.88062125444412231445 0.87988251447677612305 0.88344806432723999023 0.88295167684555053711 0.88573378324508666992
0.91640239953994750977 0.91764497756958007812 0.90598112344741821289 0.90784400701522827148 0.90656423568725585938 0.91104084253311157227 0.90914762020111083984 0.90652883052825927734 0.90587717294692993164 0.90820235013961791992 0.90815317630767822266 0.90558576583862304688 0.9023926854133605957 0.90497046709060668945 0.89370769262313842773 0.90356427431106567383 0.90469276905059814453 0.90152448415756225586 0.90362221002578735352 0.90923774242401123047 0.90762335062026977539 0.90706002712249755859 0.90803873538970947266 0.90417706966400146484 0.90516561269760131836 0.90566676855087280273 0.90017437934875488281 0.89824116230010986328 0.89684295654296875 0.89480412006378173828 0.89294952154159545898 0.89177626371383666992 0.88960886001586914062 0.88474404811859130859 0.86263275146484375 0.86350011825561523438 0.87513911724090576172 0.88170778751373291016 0.88522571325302124023 0.88399219512939453125 0.88797605037689208984
0.90031725168228149414 0.90187287330627441406 0.90286904573440551758 0.90486937761306762695 0.90170329809188842773 0.90323227643966674805 0.90736043453216552734 0.9068660736083984375 0.90512824058532714844 0.9031741023063659668 0.9014752507209777832 0.90186631679534912109 0.89434438943862915039 0.88659310340881347656 0.88337767124176025391 0.9036356806755065918 0.90577787160873413086 0.90594983100891113281 0.90965247154235839844 0.90025913715362548828 0.89712762832641601562 0.90713226795196533203 0.90728461742401123047 0.90140265226364135742 0.90144568681716918945 0.90155971050262451172 0.89870512485504150391 0.89546871185302734375 0.89467942714691162109 0.89292943477630615234 0.89142590761184692383 0.88881212472915649414 0.88797092437744140625 0.8841235041618347168 0.87118160724639892578 0.84205925464630126953 0.87148070335388183594 0.87607008218765258789 0.88596642017364501953 0.88741511106491088867 0.89230835437774658203
